2010.11.23 15:00:02.212,8.18778,8.19022,1.10,1.20
2010.11.23 15:00:11.371,8.18768,8.18994,1.10,2.60
2010.11.23 15:00:17.999,8.18757,8.19016,1.20,2.60
2010.11.23 15:00:27.238,8.18752,8.19026,1.20,2.60
2010.11.23 15:00:27.574,8.18756,8.19026,1.50,2.60
2010.11.23 15:00:30.012,8.18778,8.19012,1.20,1.20
2010.11.23 15:00:35.500,8.18772,8.19017,1.40,1.70
2010.11.23 15:00:35.835,8.18807,8.19033,1.10,3.10
2010.11.23 15:00:38.081,8.18829,8.19033,1.20,2.60
2010.11.23 15:00:39.170,8.18829,8.19033,1.50,2.60
2010.11.23 15:00:39.573,8.18775,8.19023,2.60,1.60
2010.11.23 15:00:41.390,8.18771,8.19003,2.40,1.20
2010.11.23 15:00:44.405,8.18768,8.19012,1.20,1.20
2010.11.23 15:00:51.140,8.18761,8.19047,1.50,2.60
2010.11.23 15:00:52.220,8.18761,8.19047,1.50,2.60
2010.11.23 15:00:53.023,8.18761,8.19047,1.50,2.60
2010.11.23 15:00:55.299,8.18767,8.19033,1.20,1.20
2010.11.23 15:00:57.096,8.18749,8.19037,1.50,2.60
2010.11.23 15:00:59.211,8.18767,8.19013,1.20,1.20
2010.11.23 15:01:09.189,8.18787,8.19013,1.10,1.20
2010.11.23 15:01:09.412,8.18836,8.19042,1.70,2.70
2010.11.23 15:01:09.531,8.18878,8.19042,4.50,1.90
2010.11.23 15:01:10.004,8.18861,8.19159,1.30,2.60
2010.11.23 15:01:11.117,8.18877,8.19123,1.20,1.20
2010.11.23 15:01:12.362,8.18874,8.19159,1.20,2.60
2010.11.23 15:01:14.224,8.18874,8.19159,1.20,2.60
2010.11.23 15:01:16.099,8.18872,8.19066,1.50,1.90
2010.11.23 15:01:16.536,8.18851,8.19003,1.10,4.20
2010.11.23 15:01:16.870,8.18721,8.19019,3.30,1.70
2010.11.23 15:01:17.210,8.18722,8.19022,1.50,4.70
2010.11.23 15:01:18.202,8.18799,8.19022,1.70,4.50
2010.11.23 15:01:18.589,8.18857,8.19044,3.00,1.90
2010.11.23 15:01:18.710,8.18857,8.19086,3.80,5.00
2010.11.23 15:01:18.830,8.18888,8.19062,3.00,6.60
2010.11.23 15:01:18.946,8.18818,8.19062,1.10,2.10
2010.11.23 15:01:19.180,8.18801,8.19099,1.80,3.10
2010.11.23 15:01:19.562,8.18801,8.19099,1.80,3.10
2010.11.23 15:01:21.091,8.18801,8.19099,4.70,3.10
2010.11.23 15:01:22.057,8.18823,8.19099,1.20,3.10
2010.11.23 15:01:24.112,8.18787,8.19064,1.20,2.60
2010.11.23 15:01:24.728,8.18818,8.19064,1.20,2.40
2010.11.23 15:01:26.397,8.18801,8.19089,3.30,2.60
2010.11.23 15:01:34.476,8.18877,8.19089,2.30,2.60
2010.11.23 15:01:34.604,8.18883,8.19123,6.40,1.20
2010.11.23 15:01:34.726,8.18948,8.19172,4.50,1.50
2010.11.23 15:01:34.842,8.18951,8.19179,1.10,1.50
2010.11.23 15:01:34.960,8.18951,8.19203,1.10,2.60
2010.11.23 15:01:35.509,8.18921,8.19219,1.10,2.60
2010.11.23 15:01:36.067,8.18938,8.19219,1.50,2.60
2010.11.23 15:01:37.032,8.18938,8.19219,1.50,2.60
2010.11.23 15:01:37.416,8.18897,8.19137,1.80,4.70
2010.11.23 15:01:37.531,8.18867,8.19137,1.80,4.70
2010.11.23 15:01:38.929,8.18863,8.19134,1.10,2.30
2010.11.23 15:01:39.150,8.18838,8.19117,1.20,6.40
2010.11.23 15:01:40.091,8.18838,8.19114,1.50,2.60
2010.11.23 15:01:40.622,8.18923,8.19117,4.50,5.40
2010.11.23 15:01:40.743,8.18923,8.19117,4.50,1.90
2010.11.23 15:01:40.864,8.18923,8.19159,7.20,4.70
2010.11.23 15:01:40.979,8.18926,8.19179,1.50,2.60
2010.11.23 15:01:43.030,8.18957,8.19173,1.20,1.20
2010.11.23 15:01:44.077,8.18947,8.19179,2.60,2.60
2010.11.23 15:01:45.039,8.18923,8.19117,1.90,4.50
2010.11.23 15:01:45.259,8.18841,8.19117,2.90,4.70
2010.11.23 15:01:46.034,8.18848,8.19114,1.20,2.70
2010.11.23 15:01:46.615,8.18848,8.19106,1.20,1.10
2010.11.23 15:01:47.078,8.18821,8.19074,1.10,2.90
2010.11.23 15:01:47.604,8.18821,8.19073,1.10,2.10
2010.11.23 15:01:47.726,8.18804,8.19023,1.50,1.90
2010.11.23 15:01:47.842,8.18804,8.19003,1.50,1.90
2010.11.23 15:01:48.301,8.18757,8.18987,1.20,1.90
2010.11.23 15:01:48.998,8.18804,8.18987,1.50,1.90
2010.11.23 15:01:49.185,8.18757,8.18987,1.20,1.90
2010.11.23 15:01:50.076,8.18733,8.18987,5.40,2.10
2010.11.23 15:01:51.219,8.18733,8.18987,5.40,5.40
2010.11.23 15:01:52.315,8.18767,8.18973,1.20,1.20
2010.11.23 15:01:52.759,8.18728,8.18982,5.40,5.40
2010.11.23 15:01:54.242,8.18757,8.18953,1.20,1.20
2010.11.23 15:01:54.987,8.18758,8.18962,1.20,1.20
2010.11.23 15:01:57.271,8.18758,8.18952,1.20,1.20
2010.11.23 15:02:26.658,8.18728,8.18982,5.40,5.40
2010.11.23 15:02:28.051,8.18767,8.18963,1.20,1.20
2010.11.23 15:02:29.248,8.18758,8.18964,1.50,2.60
2010.11.23 15:02:31.081,8.18757,8.18953,1.20,1.20
2010.11.23 15:02:38.722,8.18755,8.18959,1.50,2.40
2010.11.23 15:02:39.526,8.18728,8.18948,1.20,2.10
2010.11.23 15:02:39.642,8.1873,8.18948,1.20,5.70
2010.11.23 15:02:41.034,8.1873,8.18936,1.20,2.10
2010.11.23 15:02:42.081,8.1873,8.18936,1.20,2.60
2010.11.23 15:02:43.066,8.1873,8.18922,1.60,1.20
2010.11.23 15:02:45.998,8.18723,8.18922,1.40,1.20
2010.11.23 15:02:47.087,8.18719,8.18923,1.20,2.60
2010.11.23 15:02:50.601,8.18687,8.18902,5.40,1.20
2010.11.23 15:02:51.031,8.18668,8.18895,1.50,1.60
2010.11.23 15:02:51.156,8.18667,8.18885,1.20,1.70
2010.11.23 15:02:53.232,8.18668,8.18863,1.20,2.40
2010.11.23 15:02:54.983,8.18657,8.18863,1.50,2.60
2010.11.23 15:03:01.618,8.18636,8.18863,1.10,2.40
2010.11.23 15:03:01.729,8.18636,8.18842,1.10,4.50
2010.11.23 15:03:02.062,8.18636,8.18839,1.10,1.90
2010.11.23 15:03:02.365,8.18615,8.18858,1.10,2.70
2010.11.23 15:03:02.517,8.18664,8.18891,1.10,2.70
2010.11.23 15:03:03.513,8.18676,8.18893,1.10,2.70
2010.11.23 15:03:03.630,8.18698,8.18912,1.90,1.50
2010.11.23 15:03:03.972,8.18683,8.18925,2.20,1.50
2010.11.23 15:03:06.238,8.18697,8.18935,2.20,1.50
2010.11.23 15:03:06.806,8.18677,8.18923,1.20,2.70
2010.11.23 15:03:09.007,8.1868,8.18927,1.10,2.70
2010.11.23 15:03:11.227,8.18678,8.18926,1.10,1.50
2010.11.23 15:03:11.849,8.18683,8.18931,1.10,1.50
2010.11.23 15:03:12.796,8.18683,8.18931,1.10,1.50
2010.11.23 15:03:12.926,8.18677,8.18925,1.20,1.50
2010.11.23 15:03:23.367,8.18697,8.18928,1.10,2.70
2010.11.23 15:03:23.790,8.18698,8.18945,2.20,1.50
2010.11.23 15:03:24.176,8.187,8.18938,1.10,2.70
2010.11.23 15:03:24.950,8.18687,8.18935,1.10,1.50
2010.11.23 15:03:25.444,8.18661,8.18903,2.80,1.90
2010.11.23 15:03:25.563,8.18661,8.18903,2.80,2.70
2010.11.23 15:03:29.062,8.18662,8.18888,1.40,1.10
2010.11.23 15:03:39.266,8.18627,8.18823,2.30,1.50
2010.11.23 15:03:39.589,8.18607,8.18823,1.90,1.50
2010.11.23 15:03:39.966,8.18607,8.18815,2.10,1.50
2010.11.23 15:03:40.293,8.18628,8.18853,2.60,1.50
2010.11.23 15:03:40.437,8.18647,8.1886,1.90,1.50
2010.11.23 15:03:41.208,8.18647,8.18882,2.20,1.50
2010.11.23 15:03:42.700,8.18655,8.18882,1.20,1.50
2010.11.23 15:03:48.481,8.18643,8.18853,2.20,2.30
2010.11.23 15:03:48.822,8.18643,8.18853,2.20,2.30
2010.11.23 15:03:52.762,8.18632,8.18853,2.20,3.20
2010.11.23 15:03:52.885,8.18567,8.18812,2.20,1.50
2010.11.23 15:03:53.000,8.18567,8.18812,2.40,1.50
2010.11.23 15:03:53.339,8.18627,8.18866,2.20,1.50
2010.11.23 15:03:55.140,8.18648,8.18866,1.90,1.50
2010.11.23 15:03:55.360,8.18648,8.18873,1.90,1.50
2010.11.23 15:03:56.057,8.18648,8.18867,2.40,2.30
2010.11.23 15:03:57.082,8.18648,8.18867,5.40,2.30
2010.11.23 15:03:58.131,8.18657,8.18873,1.20,1.50
2010.11.23 15:03:58.577,8.18677,8.18873,2.40,1.50
2010.11.23 15:03:59.762,8.18662,8.18888,1.40,1.10
2010.11.23 15:04:00.362,8.18677,8.18888,2.40,1.10
2010.11.23 15:04:01.522,8.18657,8.18882,2.80,2.70
2010.11.23 15:04:02.010,8.18657,8.18882,2.50,2.70
2010.11.23 15:04:03.068,8.18657,8.18862,6.30,1.20
2010.11.23 15:04:04.032,8.18657,8.18855,6.30,2.10
2010.11.23 15:04:05.579,8.18657,8.18855,6.30,2.60
2010.11.23 15:04:26.759,8.18677,8.18877,2.40,1.50
2010.11.23 15:04:26.980,8.1868,8.18902,1.10,5.20
2010.11.23 15:04:28.041,8.18688,8.18903,6.30,2.60
2010.11.23 15:04:29.111,8.18687,8.18898,1.20,5.40
2010.11.23 15:04:29.613,8.18668,8.18873,2.40,1.20
2010.11.23 15:04:30.253,8.18658,8.18861,1.20,1.10
2010.11.23 15:04:32.046,8.18662,8.18868,1.50,2.60
2010.11.23 15:04:34.353,8.18662,8.18863,1.60,1.20
2010.11.23 15:04:36.036,8.18667,8.18863,1.20,1.20
2010.11.23 15:04:36.519,8.1866,8.18866,1.20,2.60
2010.11.23 15:04:38.224,8.18658,8.18875,1.20,2.60
2010.11.23 15:04:40.067,8.18657,8.18875,6.80,2.60
2010.11.23 15:04:41.150,8.18667,8.18863,1.20,1.20
2010.11.23 15:04:44.866,8.18662,8.18863,1.40,1.20
2010.11.23 15:04:47.149,8.18659,8.18865,1.50,2.60
2010.11.23 15:04:58.388,8.18775,8.18865,2.30,2.60
2010.11.23 15:04:58.723,8.18827,8.19003,2.30,1.50
2010.11.23 15:04:58.838,8.18827,8.19049,2.30,1.50
2010.11.23 15:04:59.164,8.18827,8.19063,2.30,1.20
2010.11.23 15:05:01.272,8.18827,8.19042,6.30,1.20
2010.11.23 15:05:02.615,8.18827,8.19026,6.30,2.10
2010.11.23 15:05:02.733,8.18828,8.1903,1.20,1.10
2010.11.23 15:05:04.059,8.18827,8.19027,6.30,2.10
2010.11.23 15:05:34.709,8.18827,8.19037,2.70,2.60
2010.11.23 15:05:35.336,8.18797,8.19013,6.30,1.20
2010.11.23 15:05:37.115,8.18798,8.19012,5.40,1.20
2010.11.23 15:05:37.235,8.18827,8.19033,2.80,2.60
2010.11.23 15:05:39.129,8.18832,8.19039,1.20,2.60
2010.11.23 15:05:39.975,8.18838,8.19032,1.20,1.20
2010.11.23 15:05:42.920,8.18812,8.19039,1.10,2.60
2010.11.23 15:05:43.032,8.18812,8.18908,1.10,1.90
2010.11.23 15:05:43.260,8.18747,8.18908,1.50,1.90
2010.11.23 15:05:43.380,8.18668,8.18908,2.80,1.90
2010.11.23 15:05:45.284,8.18708,8.18933,2.20,1.10
2010.11.23 15:05:45.419,8.18706,8.18918,1.10,1.90
2010.11.23 15:05:48.115,8.18706,8.18918,1.10,5.20
2010.11.23 15:05:50.186,8.18706,8.18918,1.10,5.40
2010.11.23 15:05:52.034,8.18714,8.18937,1.10,1.90
2010.11.23 15:05:54.236,8.18719,8.18937,1.10,5.60
2010.11.23 15:05:54.960,8.18719,8.18937,1.10,5.40
2010.11.23 15:06:39.322,8.18719,8.18937,1.10,1.90
2010.11.23 15:06:39.661,8.18721,8.18963,1.10,2.90
2010.11.23 15:06:42.022,8.18721,8.18947,1.10,7.50
2010.11.23 15:06:43.121,8.18721,8.18947,1.10,7.30
2010.11.23 15:07:12.523,8.18721,8.18945,1.10,2.60
2010.11.23 15:07:14.065,8.18717,8.18933,1.10,1.20
2010.11.23 15:07:52.938,8.18715,8.18933,1.10,1.20
2010.11.23 15:08:12.778,8.18715,8.18933,1.10,1.20
2010.11.23 15:08:14.572,8.18712,8.1896,1.10,1.50
2010.11.23 15:08:52.937,8.1871,8.18958,1.10,1.50
2010.11.23 15:09:12.885,8.18708,8.18956,1.10,1.50
2010.11.23 15:09:13.720,8.18708,8.18935,1.10,2.10
2010.11.23 15:09:14.051,8.1867,8.18907,2.40,2.70
2010.11.23 15:09:14.384,8.1867,8.18907,2.40,2.70
2010.11.23 15:09:16.068,8.1867,8.18896,2.40,2.10
2010.11.23 15:09:51.030,8.1867,8.18902,2.40,1.20
2010.11.23 15:09:51.251,8.18663,8.18892,1.20,1.60
2010.11.23 15:09:53.131,8.18653,8.18867,1.50,1.20
2010.11.23 15:09:54.082,8.18667,8.18857,1.20,2.40
2010.11.23 15:09:55.033,8.18653,8.18857,1.50,2.10
2010.11.23 15:09:57.009,8.18661,8.18865,1.50,2.60
2010.11.23 15:09:59.770,8.18656,8.1886,1.50,2.40
2010.11.23 15:10:02.041,8.18667,8.1886,1.20,2.70
2010.11.23 15:10:34.020,8.18659,8.18865,1.20,2.60
2010.11.23 15:10:35.119,8.18658,8.18862,1.50,2.60
2010.11.23 15:10:52.929,8.18788,8.18973,1.90,1.50
2010.11.23 15:10:53.156,8.18792,8.19003,2.20,1.50
2010.11.23 15:10:53.488,8.18808,8.19062,2.20,1.20
2010.11.23 15:10:54.115,8.18932,8.19043,1.90,1.20
2010.11.23 15:10:54.233,8.18932,8.19083,1.90,1.50
2010.11.23 15:10:54.352,8.18932,8.19124,1.90,1.50
2010.11.23 15:10:54.803,8.18907,8.19124,1.90,1.50
2010.11.23 15:10:57.342,8.18927,8.19124,2.10,1.50
2010.11.23 15:10:58.106,8.18927,8.19124,5.40,1.50
2010.11.23 15:10:59.203,8.18927,8.19124,5.40,1.50
2010.11.23 15:11:13.161,8.18927,8.191,5.40,1.50
2010.11.23 15:11:13.282,8.18931,8.191,2.40,1.50
2010.11.23 15:11:13.401,8.18953,8.191,1.90,1.50
2010.11.23 15:11:13.511,8.18953,8.19137,1.90,1.50
2010.11.23 15:11:15.211,8.18953,8.19137,5.00,1.50
2010.11.23 15:11:16.075,8.18953,8.19137,5.40,1.50
2010.11.23 15:11:20.582,8.18953,8.19137,5.40,1.50
2010.11.23 15:11:20.941,8.18973,8.19178,2.00,1.50
2010.11.23 15:11:22.007,8.18988,8.19178,1.20,1.50
2010.11.23 15:11:23.066,8.18998,8.19178,1.20,1.50
2010.11.23 15:11:24.199,8.19008,8.19178,1.20,1.50
2010.11.23 15:11:30.031,8.18958,8.19158,1.20,1.50
2010.11.23 15:11:37.580,8.18947,8.19158,5.40,1.50
2010.11.23 15:11:37.690,8.18954,8.1918,1.50,1.50
2010.11.23 15:11:40.149,8.18952,8.1918,1.20,1.50
2010.11.23 15:11:40.684,8.18928,8.19173,5.40,1.50
2010.11.23 15:11:40.842,8.18895,8.19137,2.90,2.70
2010.11.23 15:11:40.962,8.18895,8.19143,2.90,1.50
2010.11.23 15:11:42.335,8.18917,8.19132,1.50,1.20
2010.11.23 15:11:43.043,8.18917,8.19122,1.50,1.20
2010.11.23 15:11:44.052,8.18917,8.19121,1.50,2.40
2010.11.23 15:11:47.214,8.18927,8.1917,5.80,2.80
2010.11.23 15:11:48.085,8.18943,8.1917,1.20,2.80
2010.11.23 15:11:55.743,8.18927,8.1916,5.40,1.50
2010.11.23 15:11:55.859,8.18927,8.1916,5.40,1.50
2010.11.23 15:11:56.300,8.18906,8.19154,2.90,1.60
2010.11.23 15:11:59.379,8.18902,8.19128,6.20,1.50
2010.11.23 15:12:01.230,8.18902,8.19123,1.50,1.20
2010.11.23 15:12:03.021,8.18917,8.19106,1.20,2.40
2010.11.23 15:12:24.530,8.18907,8.19106,1.20,2.40
2010.11.23 15:12:24.763,8.18894,8.19098,1.20,1.10
2010.11.23 15:12:24.882,8.18894,8.19097,1.20,1.10
2010.11.23 15:12:25.377,8.18888,8.19097,1.20,1.10
2010.11.23 15:12:26.438,8.18888,8.1908,1.20,1.10
2010.11.23 15:12:27.041,8.18876,8.1908,1.50,2.40
2010.11.23 15:12:29.945,8.18876,8.19083,1.50,1.10
2010.11.23 15:12:30.284,8.18835,8.19012,1.10,1.90
2010.11.23 15:12:30.514,8.18835,8.19053,1.10,1.90
2010.11.23 15:12:30.639,8.18816,8.19053,1.10,1.90
2010.11.23 15:12:32.491,8.18816,8.18952,1.10,4.50
2010.11.23 15:12:32.613,8.18816,8.18952,1.10,4.50
2010.11.23 15:12:32.843,8.18809,8.18973,1.10,1.90
2010.11.23 15:12:33.171,8.18803,8.19017,1.10,1.90
2010.11.23 15:12:33.285,8.18797,8.18952,1.10,4.50
2010.11.23 15:12:33.638,8.18794,8.18997,1.10,1.90
2010.11.23 15:12:34.417,8.18792,8.19022,1.10,2.70
2010.11.23 15:12:34.858,8.18787,8.18932,1.10,4.50
2010.11.23 15:12:35.403,8.18787,8.18911,1.10,1.90
2010.11.23 15:12:35.529,8.18786,8.19042,1.10,2.70
2010.11.23 15:12:35.803,8.18807,8.18972,1.10,4.50
2010.11.23 15:12:36.276,8.18853,8.19058,1.10,1.90
2010.11.23 15:12:36.395,8.18891,8.19058,1.10,1.90
2010.11.23 15:12:36.622,8.18891,8.19062,1.10,4.20
2010.11.23 15:12:36.859,8.18896,8.19062,1.10,1.90
2010.11.23 15:12:37.510,8.18892,8.19058,1.10,1.90
2010.11.23 15:12:43.006,8.19033,8.19253,2.70,1.50
2010.11.23 15:12:43.124,8.19057,8.19313,1.90,1.20
2010.11.23 15:12:46.028,8.19077,8.19292,5.40,1.20
2010.11.23 15:12:47.235,8.19077,8.19293,5.40,1.20
2010.11.23 15:12:48.075,8.19077,8.19292,5.40,1.20
2010.11.23 15:12:52.532,8.19097,8.19291,1.20,1.10
2010.11.23 15:12:54.067,8.19087,8.19298,1.50,1.20
2010.11.23 15:13:02.948,8.19087,8.19308,1.50,1.20
2010.11.23 15:13:04.286,8.19098,8.19304,1.50,2.60
2010.11.23 15:13:18.272,8.18712,8.18966,1.10,1.90
2010.11.23 15:13:18.624,8.18762,8.18966,1.50,1.90
2010.11.23 15:13:18.962,8.18737,8.18966,1.10,1.90
2010.11.23 15:13:25.031,8.18777,8.18983,1.10,1.20
2010.11.23 15:13:25.141,8.18777,8.18983,1.10,1.20
2010.11.23 15:13:38.290,8.18748,8.18975,2.50,2.40
2010.11.23 15:13:38.724,8.18839,8.18983,1.10,1.20
2010.11.23 15:13:39.404,8.1889,8.19052,1.10,1.90
2010.11.23 15:13:47.927,8.18798,8.19012,3.00,4.50
2010.11.23 15:13:48.056,8.18798,8.19009,3.00,1.50
2010.11.23 15:13:51.519,8.18787,8.18982,1.10,1.20
2010.11.23 15:13:51.757,8.18766,8.18982,1.10,1.20
2010.11.23 15:13:57.140,8.18766,8.18973,1.10,2.90
2010.11.23 15:13:58.124,8.18746,8.18968,1.20,2.70
2010.11.23 15:14:00.383,8.18733,8.18957,1.40,1.10
2010.11.23 15:14:29.646,8.18724,8.18967,2.90,1.70
2010.11.23 15:14:30.054,8.18757,8.18982,2.30,2.80
2010.11.23 15:14:31.051,8.18777,8.18983,1.20,1.20
2010.11.23 15:14:32.070,8.18789,8.18983,1.20,1.20
2010.11.23 15:14:33.101,8.18797,8.18978,1.20,1.10
2010.11.23 15:14:36.018,8.18797,8.18978,1.20,1.10
2010.11.23 15:14:38.995,8.18797,8.18978,1.20,1.10
2010.11.23 15:14:41.717,8.18797,8.18978,1.20,1.10
2010.11.23 15:14:43.024,8.18828,8.18993,2.30,1.50
2010.11.23 15:14:47.141,8.18833,8.19023,1.10,1.50
2010.11.23 15:14:49.245,8.18819,8.19023,1.20,3.00
2010.11.23 15:15:02.293,8.18819,8.19002,1.20,1.20
2010.11.23 15:15:02.412,8.18807,8.19023,1.20,1.50
2010.11.23 15:15:02.522,8.18847,8.19023,1.90,1.50
2010.11.23 15:15:04.453,8.18847,8.18921,2.20,1.50
2010.11.23 15:15:04.677,8.18847,8.18942,1.90,1.50
2010.11.23 15:15:05.149,8.18495,8.18773,1.10,1.90
2010.11.23 15:15:05.262,8.18503,8.18817,2.20,1.90
2010.11.23 15:15:06.041,8.18503,8.18817,5.70,1.90
2010.11.23 15:15:07.084,8.18557,8.18797,1.50,2.10
2010.11.23 15:15:08.027,8.18578,8.18792,1.20,1.20
2010.11.23 15:15:09.086,8.18557,8.18797,1.50,5.40
2010.11.23 15:15:10.308,8.18557,8.18797,1.50,5.40
2010.11.23 15:15:32.241,8.18578,8.18797,6.30,1.90
2010.11.23 15:15:32.364,8.18589,8.18837,2.40,2.80
2010.11.23 15:15:32.484,8.18589,8.18837,2.40,3.60
2010.11.23 15:15:35.023,8.18589,8.18823,2.80,1.20
2010.11.23 15:15:35.685,8.18628,8.18837,1.90,1.50
2010.11.23 15:15:35.806,8.18628,8.18874,2.20,4.20
2010.11.23 15:15:39.165,8.18612,8.18843,2.80,1.20
2010.11.23 15:15:41.463,8.18612,8.18839,2.50,1.10
2010.11.23 15:15:41.814,8.18603,8.18818,1.20,2.70
2010.11.23 15:15:43.041,8.186,8.18804,1.20,2.10
2010.11.23 15:15:44.110,8.18582,8.18803,1.40,1.20
2010.11.23 15:15:44.523,8.18584,8.18774,1.20,1.90
2010.11.23 15:15:44.754,8.18544,8.18753,1.50,2.70
2010.11.23 15:15:45.340,8.1855,8.18777,1.50,1.60
2010.11.23 15:15:46.474,8.18558,8.18756,1.20,2.40
2010.11.23 15:15:47.954,8.1855,8.18777,1.20,1.60
2010.11.23 15:15:48.551,8.18547,8.18783,1.20,1.20
2010.11.23 15:15:52.091,8.18552,8.18777,1.20,2.70
2010.11.23 15:15:52.976,8.1853,8.18763,1.10,1.20
2010.11.23 15:15:53.442,8.1853,8.18747,1.10,1.10
2010.11.23 15:15:56.137,8.1851,8.18752,2.80,2.70
2010.11.23 15:15:59.121,8.18504,8.18736,1.20,1.10
2010.11.23 15:15:59.533,8.18493,8.18712,1.40,2.70
2010.11.23 15:16:01.032,8.18487,8.18706,1.20,2.10
2010.11.23 15:16:02.028,8.18492,8.18693,1.40,1.20
2010.11.23 15:16:03.064,8.18488,8.18706,1.20,2.60
2010.11.23 15:17:03.680,8.18479,8.18707,1.10,2.70
2010.11.23 15:17:03.794,8.18453,8.18627,2.70,4.50
2010.11.23 15:17:03.913,8.18398,8.18611,2.60,1.90
2010.11.23 15:17:04.035,8.18393,8.18627,1.10,4.50
2010.11.23 15:17:27.275,8.18352,8.18608,2.20,2.70
2010.11.23 15:17:27.403,8.18313,8.18527,1.20,2.70
2010.11.23 15:17:27.525,8.18313,8.18503,1.20,1.90
2010.11.23 15:17:27.862,8.18309,8.18513,1.20,1.90
2010.11.23 15:17:27.972,8.18288,8.18513,1.10,1.90
2010.11.23 15:17:29.003,8.18285,8.18528,1.20,2.70
2010.11.23 15:17:30.317,8.18292,8.18503,1.40,1.20
2010.11.23 15:17:31.075,8.183,8.18503,1.60,1.20
2010.11.23 15:17:31.197,8.18279,8.18499,1.10,2.70
2010.11.23 15:17:31.316,8.18252,8.18478,2.90,1.90
2010.11.23 15:17:31.544,8.18233,8.18453,1.40,1.90
2010.11.23 15:17:32.010,8.18318,8.1852,2.70,1.50
2010.11.23 15:17:32.124,8.18318,8.18532,2.70,1.60
2010.11.23 15:17:32.247,8.18325,8.18554,1.10,1.50
2010.11.23 15:17:32.366,8.18403,8.18533,1.90,2.30
2010.11.23 15:17:32.899,8.18417,8.18632,1.90,1.50
2010.11.23 15:17:35.272,8.18417,8.18636,5.00,1.50
2010.11.23 15:17:36.254,8.18417,8.18636,5.40,1.50
2010.11.23 15:17:37.229,8.18417,8.18636,5.40,1.50
2010.11.23 15:17:45.956,8.18402,8.18636,2.20,1.50
2010.11.23 15:17:46.073,8.18398,8.18586,2.60,1.90
2010.11.23 15:17:46.412,8.18358,8.18571,1.20,1.90
2010.11.23 15:17:46.524,8.1835,8.18571,1.50,2.70
2010.11.23 15:17:49.029,8.1835,8.18562,1.50,1.20
2010.11.23 15:17:50.335,8.18357,8.18556,1.20,2.40
2010.11.23 15:17:51.105,8.1835,8.18556,1.50,2.60
2010.11.23 15:17:58.352,8.18381,8.18577,3.00,7.30
2010.11.23 15:17:58.466,8.18403,8.18602,1.90,1.50
2010.11.23 15:17:58.692,8.18403,8.18632,2.20,1.50
2010.11.23 15:18:01.318,8.18412,8.18639,1.60,1.50
2010.11.23 15:18:02.250,8.18418,8.18639,1.20,1.50
2010.11.23 15:18:02.625,8.18407,8.18604,2.20,2.70
2010.11.23 15:18:02.744,8.18362,8.18583,1.40,2.70
2010.11.23 15:18:02.863,8.18361,8.18583,1.60,2.70
2010.11.23 15:18:05.054,8.18361,8.18567,1.20,2.60
2010.11.23 15:18:07.300,8.18361,8.18567,1.20,2.60
2010.11.23 15:18:17.543,8.18378,8.18577,4.50,2.70
2010.11.23 15:18:17.661,8.18402,8.18588,1.90,1.50
2010.11.23 15:18:17.773,8.18402,8.18632,2.20,1.50
2010.11.23 15:18:17.992,8.18408,8.18647,2.20,1.60
2010.11.23 15:18:20.311,8.18413,8.18647,1.40,1.80
2010.11.23 15:18:20.964,8.1842,8.18647,1.20,1.60
2010.11.23 15:18:30.385,8.18413,8.18647,1.40,1.80
2010.11.23 15:18:30.721,8.18428,8.18652,2.40,1.20
2010.11.23 15:18:32.223,8.18443,8.18652,1.20,2.60
2010.11.23 15:18:33.129,8.18446,8.18652,1.50,2.60
2010.11.23 15:18:34.035,8.18446,8.18652,1.50,2.60
2010.11.23 15:19:26.974,8.18428,8.18649,2.20,2.70
2010.11.23 15:19:27.091,8.18428,8.18627,2.20,4.50
2010.11.23 15:19:27.205,8.18428,8.18624,1.90,3.40
2010.11.23 15:19:27.526,8.18428,8.18612,1.90,1.50
2010.11.23 15:19:27.644,8.18386,8.18603,2.60,2.70
2010.11.23 15:19:28.036,8.18386,8.18602,2.60,2.40
2010.11.23 15:19:28.683,8.18386,8.18534,2.60,1.90
2010.11.23 15:19:29.822,8.18347,8.18484,1.20,1.90
2010.11.23 15:19:31.647,8.18329,8.18509,2.80,1.90
2010.11.23 15:19:32.997,8.18351,8.18509,1.20,1.90
2010.11.23 15:19:34.121,8.18351,8.18509,1.50,1.90
2010.11.23 15:19:55.372,8.18351,8.18509,1.20,1.90
2010.11.23 15:19:55.652,8.18378,8.18509,2.60,1.90
2010.11.23 15:19:55.769,8.18391,8.186,1.10,1.90
2010.11.23 15:19:55.886,8.18399,8.186,1.10,1.90
2010.11.23 15:19:58.149,8.18408,8.186,1.20,1.90
2010.11.23 15:19:59.479,8.1842,8.186,1.60,1.90
2010.11.23 15:20:04.098,8.1842,8.18595,1.20,1.90
2010.11.23 15:20:22.982,8.18408,8.18595,1.20,1.90
2010.11.23 15:20:23.204,8.18402,8.18584,2.90,1.90
2010.11.23 15:20:40.642,8.18357,8.18589,1.20,2.70
2010.11.23 15:20:40.863,8.18357,8.1851,1.50,1.90
2010.11.23 15:20:48.933,8.18377,8.1851,2.40,1.90
2010.11.23 15:20:49.043,8.18377,8.18584,3.10,2.70
2010.11.23 15:20:49.378,8.18388,8.18584,2.70,1.90
2010.11.23 15:20:49.498,8.18406,8.18595,1.10,1.90
2010.11.23 15:20:53.320,8.18427,8.18595,1.20,1.90
2010.11.23 15:20:57.236,8.18418,8.18569,1.20,1.90
2010.11.23 15:21:04.263,8.18423,8.18569,1.20,1.90
2010.11.23 15:21:04.382,8.18423,8.18609,1.20,1.90
2010.11.23 15:21:06.003,8.18447,8.18609,2.30,1.90
2010.11.23 15:21:07.240,8.18447,8.18609,6.90,1.90
2010.11.23 15:21:08.147,8.18457,8.18609,1.20,1.90
2010.11.23 15:21:09.762,8.18422,8.18609,1.20,1.90
2010.11.23 15:21:09.872,8.18422,8.18591,1.20,1.90
2010.11.23 15:21:10.386,8.18407,8.18555,6.10,1.90
2010.11.23 15:21:12.686,8.18367,8.18509,1.20,1.90
2010.11.23 15:21:16.565,8.18397,8.18555,2.30,1.90
2010.11.23 15:21:18.139,8.18397,8.18559,6.20,1.90
2010.11.23 15:21:19.188,8.18398,8.18559,1.50,1.90
2010.11.23 15:21:20.123,8.18407,8.18559,1.20,1.90
2010.11.23 15:21:29.285,8.18398,8.18559,1.50,1.90
2010.11.23 15:21:29.404,8.18407,8.18565,5.90,1.90
2010.11.23 15:21:29.528,8.18398,8.18554,6.30,1.90
2010.11.23 15:21:40.146,8.18408,8.18564,2.60,1.90
2010.11.23 15:21:41.098,8.18408,8.18564,6.10,1.90
2010.11.23 15:21:43.752,8.18398,8.18564,6.50,1.90
2010.11.23 15:21:43.974,8.18398,8.18559,2.30,1.90
2010.11.23 15:21:44.096,8.18377,8.18535,6.30,1.90
2010.11.23 15:21:46.218,8.18378,8.18535,1.20,1.90
2010.11.23 15:22:00.482,8.18409,8.18535,1.50,1.90
2010.11.23 15:22:00.824,8.18478,8.18634,2.30,2.70
2010.11.23 15:22:01.056,8.18478,8.18559,2.30,1.90
2010.11.23 15:22:01.369,8.18447,8.18559,3.00,1.90
2010.11.23 15:22:01.487,8.18418,8.18579,2.40,1.90
2010.11.23 15:22:01.936,8.18476,8.18579,1.50,1.90
2010.11.23 15:22:02.271,8.18497,8.18643,2.30,1.50
2010.11.23 15:22:02.391,8.18527,8.18685,2.30,1.90
2010.11.23 15:22:02.626,8.18498,8.18604,2.30,1.90
2010.11.23 15:22:02.864,8.18467,8.18604,1.60,1.90
2010.11.23 15:22:03.610,8.18448,8.18604,2.80,1.90
2010.11.23 15:22:05.416,8.18465,8.186,1.50,1.90
2010.11.23 15:22:05.643,8.18548,8.18671,2.30,1.50
2010.11.23 15:22:05.753,8.18548,8.18699,2.30,1.90
2010.11.23 15:22:06.167,8.18548,8.18694,2.30,1.50
2010.11.23 15:22:06.406,8.18448,8.18604,6.80,1.90
2010.11.23 15:22:06.526,8.18475,8.18604,1.50,1.90
2010.11.23 15:22:07.666,8.18448,8.18604,6.60,1.90
2010.11.23 15:22:10.144,8.18448,8.18604,6.80,1.90
2010.11.23 15:22:11.560,8.18537,8.18604,2.30,1.90
2010.11.23 15:22:11.798,8.18548,8.187,4.50,2.60
2010.11.23 15:22:11.915,8.18548,8.18721,4.50,1.50
2010.11.23 15:22:12.038,8.18688,8.18857,2.30,1.50
2010.11.23 15:22:12.153,8.18688,8.18877,2.30,1.50
2010.11.23 15:22:12.470,8.18717,8.18884,2.30,1.90
2010.11.23 15:22:12.587,8.18717,8.18919,2.30,2.70
2010.11.23 15:22:13.049,8.18737,8.18908,2.30,1.50
2010.11.23 15:22:13.605,8.18737,8.18899,2.30,2.70
2010.11.23 15:22:14.756,8.18657,8.18825,1.50,1.90
2010.11.23 15:22:14.876,8.18657,8.18804,1.20,1.90
2010.11.23 15:22:15.113,8.18632,8.1876,1.70,1.90
2010.11.23 15:22:16.408,8.18632,8.18753,1.10,2.30
2010.11.23 15:22:17.027,8.18463,8.18625,2.20,1.90
2010.11.23 15:22:17.150,8.18486,8.18625,1.50,1.90
2010.11.23 15:22:17.264,8.18427,8.18619,1.20,1.90
2010.11.23 15:22:29.484,8.18497,8.18599,2.30,1.90
2010.11.23 15:22:29.717,8.18466,8.18599,1.10,1.90
2010.11.23 15:22:29.837,8.18466,8.18604,1.20,1.90
2010.11.23 15:22:32.094,8.18445,8.18599,1.50,1.90
2010.11.23 15:22:41.264,8.18437,8.18599,2.30,1.90
2010.11.23 15:22:41.387,8.184,8.18551,1.10,1.90
2010.11.23 15:22:41.506,8.18398,8.1853,2.60,1.90
2010.11.23 15:22:41.915,8.18408,8.18564,2.30,1.90
2010.11.23 15:22:42.786,8.18459,8.18564,1.50,1.90
2010.11.23 15:22:42.928,8.18518,8.187,2.30,2.70
2010.11.23 15:22:43.157,8.18528,8.18705,2.30,2.10
2010.11.23 15:22:43.648,8.18467,8.18605,1.50,1.90
2010.11.23 15:22:43.765,8.18427,8.18605,2.70,1.90
2010.11.23 15:22:43.993,8.18464,8.18585,1.50,1.90
2010.11.23 15:22:44.112,8.18427,8.18585,2.70,1.90
2010.11.23 15:22:45.895,8.18408,8.18569,6.60,1.90
2010.11.23 15:22:47.797,8.18428,8.18585,2.40,1.90
2010.11.23 15:22:48.454,8.18378,8.18535,6.60,1.90
2010.11.23 15:22:48.573,8.18378,8.18535,6.40,1.90
2010.11.23 15:22:52.106,8.18379,8.18535,1.20,1.90
2010.11.23 15:22:52.998,8.18427,8.18535,2.30,1.90
2010.11.23 15:22:53.353,8.18427,8.18585,2.30,5.40
2010.11.23 15:22:53.691,8.18427,8.18585,2.30,1.90
2010.11.23 15:22:56.041,8.18427,8.18585,5.90,1.90
2010.11.23 15:22:57.093,8.18427,8.18585,6.30,1.90
2010.11.23 15:22:58.996,8.18447,8.18604,6.10,1.90
2010.11.23 15:22:59.117,8.18447,8.1861,6.10,1.90
2010.11.23 15:23:01.198,8.18447,8.18605,6.90,1.90
2010.11.23 15:23:01.970,8.18382,8.18534,1.20,1.90
2010.11.23 15:23:03.595,8.18375,8.1851,1.10,1.90
2010.11.23 15:23:03.714,8.18352,8.1851,1.20,1.90
2010.11.23 15:23:07.113,8.18353,8.1851,1.20,1.90
2010.11.23 15:23:08.555,8.18417,8.1851,2.30,1.90
2010.11.23 15:23:08.694,8.18417,8.18579,2.30,1.90
2010.11.23 15:23:10.798,8.18397,8.1856,2.70,1.90
2010.11.23 15:23:11.128,8.18397,8.1856,2.50,1.90
2010.11.23 15:23:12.160,8.18397,8.1856,6.30,1.90
2010.11.23 15:23:14.202,8.18397,8.1856,6.30,1.90
2010.11.23 15:23:37.623,8.18397,8.1856,2.40,1.90
2010.11.23 15:23:37.844,8.18378,8.18535,6.10,1.90
2010.11.23 15:23:37.963,8.18378,8.18535,2.30,1.90
2010.11.23 15:23:38.508,8.18358,8.18515,1.20,1.90
2010.11.23 15:23:39.637,8.18377,8.18535,2.40,1.90
2010.11.23 15:23:40.095,8.18407,8.1857,2.30,1.90
2010.11.23 15:23:42.116,8.18407,8.1857,5.90,1.90
2010.11.23 15:23:43.535,8.18358,8.1857,6.10,1.90
2010.11.23 15:23:43.656,8.18354,8.1857,2.60,2.70
2010.11.23 15:23:43.884,8.18348,8.1852,6.60,1.90
2010.11.23 15:23:46.165,8.18348,8.18509,6.80,1.90
2010.11.23 15:23:52.191,8.18397,8.18509,2.30,1.90
2010.11.23 15:23:52.524,8.18397,8.1856,2.60,1.90
2010.11.23 15:23:52.754,8.18407,8.1856,2.30,1.90
2010.11.23 15:23:52.872,8.18407,8.1857,2.30,1.90
2010.11.23 15:23:53.525,8.18407,8.18564,5.90,1.90
2010.11.23 15:23:55.363,8.18397,8.18555,6.30,1.90
2010.11.23 15:23:56.529,8.1832,8.18555,1.10,1.90
2010.11.23 15:23:56.645,8.1832,8.18479,1.10,1.90
2010.11.23 15:23:56.874,8.1832,8.1851,1.10,1.90
2010.11.23 15:23:56.994,8.18358,8.1851,2.30,1.90
2010.11.23 15:23:57.801,8.18328,8.18484,2.60,1.90
2010.11.23 15:24:01.762,8.18328,8.18465,2.60,1.90
2010.11.23 15:24:01.873,8.18307,8.18465,6.30,1.90
2010.11.23 15:24:03.400,8.18287,8.18435,1.50,1.90
2010.11.23 15:24:03.637,8.18298,8.18455,2.30,1.90
2010.11.23 15:24:06.046,8.18298,8.18455,2.50,1.90
2010.11.23 15:24:06.384,8.18298,8.1843,2.50,1.90
2010.11.23 15:24:06.502,8.18298,8.1843,2.30,1.90
2010.11.23 15:24:06.613,8.18273,8.1843,1.40,1.90
2010.11.23 15:24:08.185,8.18297,8.18454,2.30,1.90
2010.11.23 15:24:09.219,8.18297,8.18454,2.50,1.90
2010.11.23 15:24:10.099,8.18297,8.18454,6.30,1.90
2010.11.23 15:24:33.453,8.18271,8.18454,1.10,1.90
2010.11.23 15:24:33.684,8.18267,8.1843,2.70,1.90
2010.11.23 15:24:33.917,8.18257,8.1843,2.50,1.90
2010.11.23 15:24:34.240,8.18257,8.18415,2.50,1.90
2010.11.23 15:24:34.391,8.18247,8.18405,6.30,1.90
2010.11.23 15:24:37.053,8.18247,8.1841,5.90,1.90
2010.11.23 15:24:38.155,8.18247,8.1841,6.30,1.90
2010.11.23 15:24:44.180,8.18247,8.18379,6.30,1.50
2010.11.23 15:24:44.690,8.17988,8.18194,2.30,1.90
2010.11.23 15:24:45.032,8.17965,8.1818,2.60,1.90
2010.11.23 15:24:51.726,8.18028,8.18184,2.60,1.90
2010.11.23 15:24:51.846,8.18018,8.18174,2.70,1.90
2010.11.23 15:24:51.963,8.18018,8.18174,2.70,1.90
2010.11.23 15:24:52.706,8.18038,8.18199,2.30,1.90
2010.11.23 15:24:52.825,8.18038,8.18175,2.30,1.90
2010.11.23 15:24:52.944,8.18005,8.18175,2.60,1.90
2010.11.23 15:24:53.064,8.18005,8.18159,2.60,1.90
2010.11.23 15:24:53.505,8.18007,8.1817,6.30,1.90
2010.11.23 15:24:53.640,8.18007,8.1817,6.30,1.90
2010.11.23 15:24:54.427,8.18,8.1816,2.80,1.90
2010.11.23 15:24:55.417,8.18027,8.18185,2.30,1.90
2010.11.23 15:24:55.762,8.18088,8.18185,4.50,1.90
2010.11.23 15:24:56.064,8.18088,8.18206,4.50,1.90
2010.11.23 15:24:56.184,8.18138,8.18296,2.30,1.50
2010.11.23 15:25:11.527,8.18228,8.18299,2.30,1.90
2010.11.23 15:25:11.643,8.18192,8.18299,1.10,1.90
2010.11.23 15:25:11.764,8.18192,8.18424,1.10,1.90
2010.11.23 15:25:13.804,8.18167,8.18389,1.90,1.50
2010.11.23 15:25:13.924,8.18157,8.18299,3.70,1.90
2010.11.23 15:25:19.285,8.18157,8.18217,1.10,4.50
2010.11.23 15:25:19.715,8.17908,8.18125,1.40,1.90
2010.11.23 15:25:19.841,8.17877,8.18104,1.50,1.90
2010.11.23 15:25:20.397,8.17931,8.18084,1.90,1.90
2010.11.23 15:25:20.827,8.18048,8.18167,2.50,1.50
2010.11.23 15:25:20.953,8.18107,8.18167,2.30,1.50
2010.11.23 15:25:21.186,8.18107,8.18294,2.30,1.50
2010.11.23 15:25:21.689,8.18107,8.18239,2.30,1.50
2010.11.23 15:25:21.722,8.18107,8.18294,2.30,1.50
2010.11.23 15:25:22.143,8.18107,8.18262,2.30,1.50
2010.11.23 15:25:22.707,8.17939,8.181,1.70,1.90
2010.11.23 15:25:22.828,8.18007,8.18139,2.30,1.90
2010.11.23 15:25:23.288,8.18088,8.18246,2.30,1.50
2010.11.23 15:25:23.699,8.18078,8.18304,2.30,2.70
2010.11.23 15:25:23.815,8.18138,8.18312,1.50,1.50
2010.11.23 15:25:24.088,8.18118,8.18324,3.00,2.70
2010.11.23 15:25:24.210,8.18128,8.18324,1.10,1.90
2010.11.23 15:25:25.927,8.18145,8.18304,1.10,1.90
2010.11.23 15:25:26.716,8.18078,8.18229,1.20,1.90
2010.11.23 15:25:26.838,8.18052,8.18201,1.10,1.90
2010.11.23 15:25:26.955,8.18031,8.18201,1.10,1.90
2010.11.23 15:25:27.074,8.18031,8.18216,1.10,1.90
2010.11.23 15:25:27.374,8.18031,8.18195,1.10,1.90
2010.11.23 15:25:27.497,8.18013,8.18195,1.20,1.90
2010.11.23 15:25:28.773,8.17988,8.18195,2.70,1.90
2010.11.23 15:25:28.884,8.17985,8.18146,1.90,1.90
2010.11.23 15:25:29.209,8.17968,8.18109,1.20,1.90
2010.11.23 15:25:29.333,8.17985,8.18109,1.50,1.90
2010.11.23 15:25:32.102,8.17957,8.18109,1.20,1.90
2010.11.23 15:25:33.764,8.17934,8.18078,1.10,1.70
2010.11.23 15:25:34.094,8.17868,8.17989,1.50,1.90
2010.11.23 15:25:34.214,8.17815,8.17989,1.10,1.90
2010.11.23 15:25:34.710,8.17837,8.17989,1.30,1.90
2010.11.23 15:25:35.375,8.17898,8.18084,6.80,1.50
2010.11.23 15:25:43.380,8.17878,8.18084,2.40,1.50
2010.11.23 15:25:43.498,8.17878,8.18085,2.40,2.70
2010.11.23 15:25:43.615,8.1787,8.18065,1.20,1.90
2010.11.23 15:25:45.736,8.17882,8.18065,1.40,1.90
2010.11.23 15:25:46.081,8.17891,8.18065,1.20,1.90
2010.11.23 15:25:48.151,8.17891,8.18065,1.20,1.90
2010.11.23 15:25:49.482,8.17877,8.18065,1.20,1.90
2010.11.23 15:25:49.601,8.17926,8.18135,1.50,2.70
2010.11.23 15:25:49.828,8.17961,8.18135,1.10,1.90
2010.11.23 15:25:49.946,8.17961,8.18162,1.10,2.30
2010.11.23 15:25:52.367,8.18003,8.18162,1.20,2.30
2010.11.23 15:25:52.513,8.18003,8.1817,1.20,1.90
2010.11.23 15:25:53.128,8.18003,8.1817,1.50,1.90
2010.11.23 15:25:54.387,8.18018,8.1817,1.20,1.90
2010.11.23 15:26:15.278,8.18023,8.1819,1.20,1.90
2010.11.23 15:26:16.106,8.18027,8.1819,1.20,1.90
2010.11.23 15:26:17.102,8.18038,8.1819,1.20,1.90
2010.11.23 15:26:31.442,8.18023,8.1819,1.60,1.90
2010.11.23 15:26:31.663,8.18018,8.1817,1.20,1.90
2010.11.23 15:26:33.108,8.18012,8.18174,1.20,1.90
2010.11.23 15:26:34.007,8.18012,8.18174,1.50,1.90
2010.11.23 15:26:36.321,8.18068,8.1824,2.60,1.90
2010.11.23 15:26:36.543,8.18077,8.1824,1.10,1.90
2010.11.23 15:26:36.985,8.1815,8.1824,1.70,1.90
2010.11.23 15:26:37.109,8.18199,8.18419,1.10,5.40
2010.11.23 15:26:37.443,8.18199,8.18419,1.10,1.90
2010.11.23 15:26:38.492,8.18214,8.18399,1.10,1.90
2010.11.23 15:26:40.432,8.18232,8.18385,1.60,1.90
2010.11.23 15:26:40.769,8.18228,8.18379,1.20,1.90
2010.11.23 15:26:43.092,8.18214,8.18379,1.50,1.90
2010.11.23 15:26:45.553,8.18193,8.1829,1.10,1.90
2010.11.23 15:26:45.883,8.18218,8.18449,6.80,3.40
2010.11.23 15:26:46.155,8.18258,8.18449,1.90,2.70
2010.11.23 15:26:46.757,8.18196,8.1828,1.50,1.90
2010.11.23 15:26:47.366,8.18196,8.1828,1.80,1.90
2010.11.23 15:26:47.606,8.18189,8.18309,1.10,1.90
2010.11.23 15:26:47.724,8.18202,8.18309,1.10,1.90
2010.11.23 15:26:49.383,8.18202,8.18275,1.10,1.90
2010.11.23 15:26:49.496,8.18177,8.18275,1.10,1.90
2010.11.23 15:27:08.036,8.18179,8.18296,1.10,1.90
2010.11.23 15:27:08.155,8.18179,8.18354,1.10,1.90
2010.11.23 15:27:08.276,8.18201,8.18354,1.80,1.90
2010.11.23 15:27:08.393,8.18215,8.1841,1.10,1.90
2010.11.23 15:27:08.782,8.18248,8.18431,6.80,1.90
2010.11.23 15:27:08.901,8.1827,8.18459,1.10,1.90
2010.11.23 15:27:09.578,8.18246,8.18352,1.10,4.50
2010.11.23 15:27:09.807,8.18117,8.18293,1.20,1.90
2010.11.23 15:27:10.134,8.18117,8.1831,1.20,1.90
2010.11.23 15:27:12.154,8.18127,8.1829,1.50,1.90
2010.11.23 15:27:13.493,8.18168,8.1829,2.30,1.90
2010.11.23 15:27:13.603,8.18168,8.18354,6.80,1.50
2010.11.23 15:27:13.831,8.18168,8.18356,6.80,1.50
2010.11.23 15:27:13.955,8.18148,8.18325,2.50,1.90
2010.11.23 15:27:21.161,8.18155,8.18335,2.90,1.90
2010.11.23 15:27:22.092,8.18153,8.18325,1.40,1.90
2010.11.23 15:27:30.631,8.18148,8.18313,3.00,2.30
2010.11.23 15:27:34.642,8.18141,8.18313,1.10,2.30
2010.11.23 15:27:34.975,8.181,8.1823,1.10,1.90
2010.11.23 15:27:35.095,8.181,8.18243,1.10,2.30
2010.11.23 15:27:35.213,8.18073,8.18232,1.10,2.30
2010.11.23 15:27:35.434,8.18064,8.18232,1.10,2.30
2010.11.23 15:27:35.714,8.18064,8.18222,1.10,2.30
2010.11.23 15:27:35.958,8.18053,8.18181,1.10,1.90
2010.11.23 15:27:36.299,8.18049,8.18175,1.10,1.90
2010.11.23 15:27:36.746,8.18042,8.18215,1.10,1.90
2010.11.23 15:27:37.193,8.18042,8.18175,1.10,1.90
2010.11.23 15:27:37.305,8.18038,8.18197,1.10,1.90
2010.11.23 15:27:37.428,8.18038,8.18209,1.10,1.90
2010.11.23 15:27:37.853,8.18033,8.18174,1.10,1.90
2010.11.23 15:27:38.190,8.18033,8.18205,1.10,1.90
2010.11.23 15:27:38.760,8.18033,8.1817,1.10,1.90
2010.11.23 15:27:38.876,8.18029,8.18194,1.10,1.90
2010.11.23 15:27:39.502,8.18025,8.18151,1.10,1.90
2010.11.23 15:27:39.616,8.18025,8.18194,1.10,1.90
2010.11.23 15:27:40.734,8.18022,8.18166,1.10,1.90
2010.11.23 15:27:41.077,8.18018,8.18195,1.10,1.90
2010.11.23 15:27:41.879,8.18015,8.18142,1.10,1.90
2010.11.23 15:27:42.382,8.18015,8.1819,1.10,1.90
2010.11.23 15:27:42.726,8.18012,8.18151,1.10,1.90
2010.11.23 15:27:43.065,8.18013,8.18194,1.10,1.90
2010.11.23 15:27:43.183,8.18013,8.18166,1.10,1.90
2010.11.23 15:27:43.403,8.18013,8.18194,1.10,1.90
2010.11.23 15:27:43.966,8.18007,8.18187,1.10,1.90
2010.11.23 15:27:44.418,8.18007,8.18194,1.10,1.90
2010.11.23 15:27:45.864,8.18004,8.18165,1.10,1.90
2010.11.23 15:27:46.095,8.18004,8.18187,1.10,1.90
2010.11.23 15:27:46.532,8.18005,8.18173,1.10,1.90
2010.11.23 15:27:46.756,8.18004,8.18195,1.10,1.90
2010.11.23 15:27:47.205,8.18004,8.18166,1.10,1.90
2010.11.23 15:27:47.655,8.18003,8.182,1.10,1.90
2010.11.23 15:27:47.777,8.18003,8.18129,1.10,1.90
2010.11.23 15:27:47.896,8.17953,8.18123,1.10,2.30
2010.11.23 15:27:48.125,8.17953,8.18063,1.10,1.90
2010.11.23 15:27:48.353,8.17905,8.18012,1.10,2.30
2010.11.23 15:27:49.784,8.17905,8.17933,1.10,2.30
2010.11.23 15:27:49.903,8.17802,8.17933,1.10,2.30
2010.11.23 15:27:50.331,8.17761,8.17933,2.50,2.30
2010.11.23 15:27:50.445,8.17761,8.17945,2.50,1.90
2010.11.23 15:27:54.252,8.17781,8.17939,1.10,1.90
2010.11.23 15:27:54.365,8.17781,8.17939,1.10,1.90
2010.11.23 15:27:57.094,8.17767,8.17944,1.20,1.90
2010.11.23 15:28:07.846,8.17767,8.17935,1.20,1.90
2010.11.23 15:28:08.202,8.17756,8.17935,2.90,1.90
2010.11.23 15:28:14.413,8.17765,8.1796,2.90,1.90
2010.11.23 15:28:15.793,8.17762,8.17934,1.40,1.90
2010.11.23 15:28:15.903,8.1776,8.17934,1.60,1.90
2010.11.23 15:29:09.544,8.17744,8.17934,1.10,1.90
2010.11.23 15:29:15.994,8.17744,8.17972,1.10,3.00
2010.11.23 15:29:51.049,8.17744,8.1788,1.10,1.90
2010.11.23 15:29:51.540,8.17686,8.17915,1.10,1.90
2010.11.23 15:29:51.769,8.17686,8.1788,1.10,1.90
2010.11.23 15:29:51.995,8.17676,8.1788,1.10,1.90
2010.11.23 15:29:52.399,8.17685,8.1786,1.10,1.90
2010.11.23 15:29:52.520,8.17685,8.17884,1.10,1.90
2010.11.23 15:29:52.868,8.17685,8.1786,1.10,1.90
2010.11.23 15:29:53.096,8.17679,8.1788,1.10,1.90
2010.11.23 15:29:53.748,8.17687,8.17859,1.10,1.90
2010.11.23 15:29:54.301,8.17691,8.1788,1.10,1.90
2010.11.23 15:29:54.634,8.17681,8.17859,1.10,1.90
2010.11.23 15:29:55.234,8.17684,8.1787,1.10,1.90
2010.11.23 15:29:56.028,8.1769,8.17874,1.10,1.90
2010.11.23 15:29:56.365,8.1769,8.17874,1.10,1.90
2010.11.23 15:29:56.795,8.1769,8.17874,1.10,1.90
2010.11.23 15:29:56.920,8.1769,8.17859,1.10,1.90
2010.11.23 15:29:57.145,8.1769,8.17874,1.10,1.90
2010.11.23 15:29:59.163,8.17687,8.1787,1.10,1.90
2010.11.23 15:29:59.884,8.17679,8.1786,1.10,1.90
2010.11.23 15:30:00.108,8.17679,8.1786,1.10,1.90
2010.11.23 15:30:00.554,8.17686,8.1787,1.10,1.90
2010.11.23 15:30:00.678,8.17686,8.1786,1.10,1.90
2010.11.23 15:30:00.794,8.17678,8.1787,1.10,1.90
2010.11.23 15:30:00.915,8.17686,8.1787,1.10,1.90
2010.11.23 15:30:01.934,8.17686,8.1786,1.10,1.90
2010.11.23 15:30:02.415,8.17678,8.1787,1.10,1.90
2010.11.23 15:30:03.137,8.17678,8.17859,1.10,1.90
2010.11.23 15:30:03.266,8.17686,8.17869,1.10,1.90
2010.11.23 15:30:03.832,8.17678,8.17869,1.10,1.90
2010.11.23 15:30:03.947,8.17678,8.1787,1.10,1.90
2010.11.23 15:30:04.404,8.17678,8.1786,1.10,1.90
2010.11.23 15:30:05.179,8.17686,8.17869,1.10,1.90
2010.11.23 15:30:06.041,8.17686,8.17859,1.10,1.90
2010.11.23 15:30:06.275,8.17686,8.1787,1.10,1.90
2010.11.23 15:30:06.944,8.17678,8.1787,1.10,1.90
2010.11.23 15:30:07.063,8.17686,8.17869,1.10,1.90
2010.11.23 15:30:07.833,8.17686,8.17875,1.10,1.90
2010.11.23 15:30:08.068,8.17691,8.1786,1.10,1.90
2010.11.23 15:30:08.189,8.17678,8.1786,1.10,1.90
2010.11.23 15:30:08.304,8.17678,8.17874,1.10,1.90
2010.11.23 15:30:08.781,8.1769,8.1786,1.10,1.90
2010.11.23 15:30:09.128,8.17686,8.17869,1.10,1.90
2010.11.23 15:30:09.719,8.17677,8.1786,1.10,1.90
2010.11.23 15:30:09.839,8.17677,8.17875,1.10,1.90
2010.11.23 15:30:22.753,8.17677,8.17875,1.10,1.90
2010.11.23 15:30:22.862,8.17677,8.17859,1.10,1.90
2010.11.23 15:30:23.086,8.17677,8.1787,1.10,1.90
2010.11.23 15:30:23.333,8.17685,8.1787,1.10,1.90
2010.11.23 15:30:23.728,8.17677,8.1787,1.10,1.90
2010.11.23 15:30:23.848,8.17677,8.17859,1.10,1.90
2010.11.23 15:30:23.964,8.17689,8.17875,1.10,1.90
2010.11.23 15:30:24.644,8.17677,8.17875,1.10,1.90
2010.11.23 15:30:24.876,8.17685,8.17859,1.10,1.90
2010.11.23 15:30:25.203,8.17685,8.17869,1.10,1.90
2010.11.23 15:30:25.339,8.17677,8.17852,1.10,2.30
2010.11.23 15:30:25.454,8.17689,8.1786,1.10,1.90
2010.11.23 15:30:25.792,8.17689,8.17863,1.10,2.30
2010.11.23 15:30:27.343,8.17689,8.17873,1.10,2.30
2010.11.23 15:30:27.676,8.17695,8.17853,1.10,2.30
2010.11.23 15:30:27.904,8.17678,8.1786,1.10,1.90
2010.11.23 15:30:28.025,8.17678,8.1786,1.10,1.90
2010.11.23 15:30:28.253,8.17685,8.17862,1.10,2.30
2010.11.23 15:30:28.777,8.17685,8.17852,1.10,2.30
2010.11.23 15:30:28.895,8.17677,8.17852,1.10,2.30
2010.11.23 15:30:29.015,8.17677,8.17863,1.10,2.30
2010.11.23 15:30:29.134,8.17689,8.17863,1.10,2.30
2010.11.23 15:30:30.027,8.17677,8.17853,1.10,2.30
2010.11.23 15:30:30.149,8.17677,8.17863,1.10,2.30
2010.11.23 15:30:30.265,8.17685,8.17863,1.10,2.30
2010.11.23 15:30:30.943,8.17685,8.17853,1.10,2.30
2010.11.23 15:30:31.056,8.17685,8.17853,1.10,2.30
2010.11.23 15:30:31.173,8.17677,8.17863,1.10,2.30
2010.11.23 15:30:31.283,8.17677,8.17863,1.10,2.30
2010.11.23 15:30:32.282,8.1769,8.17863,1.10,2.30
2010.11.23 15:30:32.398,8.17678,8.17853,1.10,2.30
2010.11.23 15:30:32.626,8.17678,8.17862,1.10,2.30
2010.11.23 15:30:32.752,8.1769,8.17862,1.10,2.30
2010.11.23 15:30:33.275,8.1769,8.1786,1.10,1.90
2010.11.23 15:30:33.394,8.1769,8.17852,1.10,2.30
2010.11.23 15:30:35.047,8.17681,8.17852,1.10,2.30
2010.11.23 15:30:35.167,8.17681,8.17862,1.10,2.30
2010.11.23 15:30:35.563,8.1769,8.17853,1.10,2.30
2010.11.23 15:30:35.675,8.17677,8.17853,1.10,2.30
2010.11.23 15:30:36.582,8.17685,8.17863,1.10,2.30
2010.11.23 15:30:37.143,8.17685,8.17852,1.10,2.30
2010.11.23 15:30:37.434,8.17677,8.17852,1.10,2.30
2010.11.23 15:30:38.146,8.17685,8.17863,1.10,2.30
2010.11.23 15:30:38.774,8.17677,8.17853,1.10,2.30
2010.11.23 15:30:38.891,8.17685,8.17863,1.10,2.30
2010.11.23 15:30:39.009,8.17677,8.17863,1.10,2.30
2010.11.23 15:30:39.555,8.17671,8.17836,1.10,1.90
2010.11.23 15:30:39.678,8.17671,8.17803,1.10,2.30
2010.11.23 15:30:39.795,8.17649,8.17803,1.10,2.30
2010.11.23 15:30:40.365,8.17648,8.17812,4.80,2.30
2010.11.23 15:30:40.665,8.17648,8.17812,4.80,2.30
2010.11.23 15:30:40.790,8.17674,8.17819,1.10,1.90
2010.11.23 15:30:40.905,8.17677,8.17819,1.10,1.90
2010.11.23 15:30:41.024,8.17667,8.17852,1.20,2.30
2010.11.23 15:30:41.145,8.17667,8.17863,1.20,2.30
2010.11.23 15:30:41.373,8.17667,8.17852,1.20,2.30
2010.11.23 15:30:43.090,8.17689,8.17852,1.50,2.30
2010.11.23 15:30:43.888,8.17689,8.17852,1.50,2.30
2010.11.23 15:30:44.314,8.17751,8.17864,1.10,1.90
2010.11.23 15:30:44.432,8.17751,8.17923,1.10,2.30
2010.11.23 15:30:44.542,8.17751,8.17923,1.10,2.30
2010.11.23 15:30:47.164,8.17751,8.17923,2.90,2.30
2010.11.23 15:30:53.491,8.17751,8.17902,1.10,2.30
2010.11.23 15:31:06.058,8.17656,8.17804,1.10,1.90
2010.11.23 15:31:06.458,8.17634,8.17793,2.60,2.30
2010.11.23 15:31:08.114,8.17624,8.17772,1.10,2.30
2010.11.23 15:31:08.333,8.17602,8.17772,1.10,2.30
2010.11.23 15:31:10.613,8.17624,8.17772,1.10,2.30
2010.11.23 15:31:10.834,8.17668,8.17872,5.30,3.00
2010.11.23 15:31:11.160,8.17671,8.17872,1.10,2.30
2010.11.23 15:31:13.076,8.17698,8.17872,1.20,2.30
2010.11.23 15:31:14.019,8.17671,8.17872,1.10,2.30
2010.11.23 15:31:14.137,8.17606,8.17773,1.10,2.30
2010.11.23 15:31:17.522,8.17603,8.17773,1.10,2.30
2010.11.23 15:31:19.644,8.17597,8.17773,1.10,2.30
2010.11.23 15:31:21.203,8.17596,8.17773,1.10,2.30
2010.11.23 15:31:21.535,8.17601,8.17773,1.10,2.30
2010.11.23 15:31:23.808,8.17601,8.17773,1.10,2.30
2010.11.23 15:31:24.252,8.17601,8.17773,1.10,2.30
2010.11.23 15:31:24.474,8.17601,8.17773,1.10,2.30
2010.11.23 15:31:25.503,8.17596,8.17773,1.10,2.30
2010.11.23 15:31:28.204,8.17596,8.17773,1.10,2.30
2010.11.23 15:32:08.546,8.17596,8.17779,1.10,1.90
2010.11.23 15:32:23.316,8.17596,8.17779,1.10,1.90
2010.11.23 15:32:28.643,8.17596,8.17823,1.10,3.00
2010.11.23 15:32:47.784,8.17596,8.17731,1.10,1.90
2010.11.23 15:32:47.895,8.17558,8.1771,1.20,1.90
2010.11.23 15:32:48.351,8.17536,8.17665,1.10,1.90
2010.11.23 15:33:01.506,8.17488,8.1764,1.20,1.90
2010.11.23 15:33:03.634,8.17487,8.17636,1.20,1.90
2010.11.23 15:33:03.761,8.1745,8.17615,1.50,1.90
2010.11.23 15:33:06.260,8.17457,8.17615,1.20,1.90
2010.11.23 15:33:08.584,8.17457,8.17665,1.20,2.70
2010.11.23 15:33:08.706,8.17472,8.17665,1.40,1.90
2010.11.23 15:33:09.146,8.17463,8.17609,2.90,1.90
2010.11.23 15:33:09.598,8.17463,8.17599,1.20,1.90
2010.11.23 15:33:09.718,8.17463,8.17599,1.20,1.90
2010.11.23 15:33:12.129,8.17453,8.17599,1.40,1.90
2010.11.23 15:33:16.775,8.17438,8.17599,1.20,1.90
2010.11.23 15:33:16.905,8.17438,8.17605,1.20,1.90
2010.11.23 15:33:18.094,8.17453,8.17605,1.20,1.90
2010.11.23 15:33:23.340,8.17451,8.1766,2.40,2.70
2010.11.23 15:33:23.455,8.17452,8.1766,1.20,2.70
2010.11.23 15:33:23.807,8.17447,8.17625,3.00,1.90
2010.11.23 15:33:24.300,8.17436,8.17625,2.90,1.90
2010.11.23 15:33:27.173,8.17457,8.17614,1.50,1.90
2010.11.23 15:33:29.945,8.17458,8.17615,1.20,1.90
2010.11.23 15:33:36.663,8.17458,8.1762,1.20,1.90
2010.11.23 15:34:08.795,8.17458,8.17619,1.20,1.90
2010.11.23 15:34:10.322,8.17468,8.17619,1.20,1.90
2010.11.23 15:34:15.842,8.17458,8.17665,1.50,2.70
2010.11.23 15:34:16.068,8.17468,8.17629,3.00,1.90
2010.11.23 15:34:16.502,8.17453,8.17629,1.40,1.90
2010.11.23 15:34:39.438,8.17448,8.17651,2.80,1.90
2010.11.23 15:34:39.563,8.17473,8.17635,1.40,1.90
2010.11.23 15:34:47.484,8.17475,8.17665,1.20,1.90
2010.11.23 15:34:47.595,8.17462,8.17635,1.40,1.90
2010.11.23 15:34:47.990,8.17462,8.17635,1.40,1.90
2010.11.23 15:34:50.064,8.17457,8.17635,1.20,1.90
2010.11.23 15:35:20.703,8.17454,8.17635,2.60,1.90
2010.11.23 15:35:20.935,8.17447,8.17629,3.00,1.90
2010.11.23 15:35:42.685,8.17631,8.17802,1.50,2.30
2010.11.23 15:35:42.810,8.17683,8.17899,4.50,2.70
2010.11.23 15:35:42.924,8.17683,8.17899,4.50,1.90
2010.11.23 15:35:43.035,8.17648,8.17899,4.50,1.90
2010.11.23 15:35:43.154,8.17648,8.17919,4.50,1.90
2010.11.23 15:35:43.484,8.17648,8.17919,4.70,1.90
2010.11.23 15:35:43.892,8.17708,8.1792,4.70,1.90
2010.11.23 15:35:44.129,8.17703,8.17914,4.70,1.90
2010.11.23 15:35:44.503,8.17713,8.17924,4.70,1.90
2010.11.23 15:35:44.620,8.17733,8.17924,4.50,1.90
2010.11.23 15:35:44.735,8.17733,8.17944,4.50,1.90
2010.11.23 15:35:44.858,8.17721,8.17944,2.60,1.90
2010.11.23 15:35:46.053,8.17758,8.17929,1.20,1.90
2010.11.23 15:35:46.864,8.17767,8.17929,1.20,1.90
2010.11.23 15:35:47.196,8.17767,8.17945,1.20,1.90
2010.11.23 15:35:47.838,8.17767,8.17895,1.20,1.90
2010.11.23 15:35:48.064,8.1769,8.17895,2.60,1.90
2010.11.23 15:35:58.224,8.17686,8.17895,2.60,1.90
2010.11.23 15:35:58.334,8.17676,8.17884,2.60,1.90
2010.11.23 15:35:58.882,8.17713,8.17874,1.50,1.90
2010.11.23 15:36:00.535,8.17691,8.17782,1.10,2.30
2010.11.23 15:36:00.924,8.17636,8.17801,1.10,1.90
2010.11.23 15:36:01.156,8.17632,8.1778,1.10,1.90
2010.11.23 15:36:17.773,8.17632,8.17746,1.10,1.90
2010.11.23 15:36:18.009,8.17625,8.17764,1.10,1.90
2010.11.23 15:36:31.258,8.17625,8.17746,1.10,1.90
2010.11.23 15:36:31.622,8.17619,8.17759,1.10,1.90
2010.11.23 15:36:36.304,8.17619,8.17712,1.10,2.30
2010.11.23 15:36:36.677,8.17439,8.17619,1.10,1.90
2010.11.23 15:36:36.794,8.17439,8.17619,1.10,1.90
2010.11.23 15:36:42.234,8.17459,8.17581,1.10,1.90
2010.11.23 15:36:42.575,8.17425,8.17559,1.50,1.90
2010.11.23 15:36:43.023,8.17404,8.17559,2.60,1.90
2010.11.23 15:36:45.967,8.17439,8.17619,1.10,1.90
2010.11.23 15:36:46.304,8.17439,8.17625,1.10,1.90
2010.11.23 15:36:47.824,8.17441,8.17619,1.10,1.90
2010.11.23 15:36:52.135,8.17472,8.17625,1.10,1.90
2010.11.23 15:36:52.246,8.17472,8.1764,1.10,1.90
2010.11.23 15:36:52.827,8.17469,8.17654,2.40,1.90
2010.11.23 15:36:54.442,8.17478,8.1765,1.20,1.90
2010.11.23 15:36:55.146,8.1749,8.1765,1.60,1.90
2010.11.23 15:36:59.933,8.1749,8.17629,1.60,1.90
2010.11.23 15:37:00.204,8.17469,8.17629,1.10,1.90
2010.11.23 15:37:00.321,8.17447,8.17629,1.50,1.90
2010.11.23 15:37:52.496,8.17447,8.17629,1.50,2.20
2010.11.23 15:37:58.725,8.17447,8.17629,1.50,2.20
2010.11.23 15:38:00.385,8.17425,8.17651,1.10,1.10
2010.11.23 15:38:03.143,8.17425,8.17651,1.10,1.10
2010.11.23 15:38:08.860,8.17425,8.17651,1.10,1.10
2010.11.23 15:38:10.901,8.17425,8.17651,1.10,1.10
2010.11.23 15:38:17.651,8.17425,8.17651,1.10,1.10
2010.11.23 15:38:18.421,8.17425,8.17673,1.10,3.80
2010.11.23 15:38:32.881,8.17425,8.17673,1.30,3.80
2010.11.23 15:38:33.107,8.1749,8.17694,1.10,1.70
2010.11.23 15:38:33.228,8.1749,8.1768,1.10,1.90
2010.11.23 15:38:34.086,8.17492,8.1768,2.40,1.90
2010.11.23 15:38:34.694,8.17505,8.17685,1.50,1.90
2010.11.23 15:38:36.285,8.17517,8.17685,1.20,1.90
2010.11.23 15:38:37.224,8.17505,8.17685,1.50,1.90
2010.11.23 15:38:46.451,8.17517,8.1768,1.50,1.90
2010.11.23 15:38:48.370,8.17517,8.17674,1.50,1.90
2010.11.23 15:39:44.488,8.17497,8.17674,1.20,2.00
2010.11.23 15:40:00.852,8.17588,8.17712,1.20,2.60
2010.11.23 15:40:02.662,8.17497,8.17712,1.20,2.60
2010.11.23 15:40:08.682,8.17477,8.17697,1.20,2.60
2010.11.23 15:40:10.084,8.17482,8.17687,1.20,2.60
2010.11.23 15:40:11.081,8.17482,8.17687,1.20,2.60
2010.11.23 15:40:38.493,8.17473,8.17687,5.40,2.60
2010.11.23 15:40:40.722,8.17467,8.17687,2.00,2.60
2010.11.23 15:40:46.492,8.17467,8.17673,2.00,1.20
2010.11.23 15:40:46.726,8.17463,8.17658,5.60,1.10
2010.11.23 15:40:47.989,8.17462,8.17653,1.20,1.20
2010.11.23 15:40:49.060,8.17467,8.17652,1.50,1.20
2010.11.23 15:41:06.828,8.17467,8.17668,1.70,1.20
2010.11.23 15:42:07.050,8.17457,8.17675,1.70,1.50
2010.11.23 15:42:13.262,8.17427,8.17675,3.30,1.50
2010.11.23 15:43:00.201,8.17424,8.17665,1.10,1.50
2010.11.23 15:43:00.443,8.17432,8.17662,1.20,1.20
2010.11.23 15:43:02.135,8.17432,8.17636,1.60,2.40
2010.11.23 15:43:03.076,8.17432,8.17633,1.60,1.20
2010.11.23 15:43:04.152,8.17432,8.17636,1.20,2.60
2010.11.23 15:43:14.773,8.17432,8.17577,1.20,4.50
2010.11.23 15:43:15.255,8.17368,8.17577,1.10,4.70
2010.11.23 15:43:15.500,8.17455,8.17577,2.50,4.50
2010.11.23 15:43:16.073,8.17498,8.17733,1.90,3.00
2010.11.23 15:43:16.576,8.17498,8.17688,1.90,1.50
2010.11.23 15:43:16.905,8.17498,8.17733,1.90,3.00
2010.11.23 15:43:17.753,8.17498,8.17713,1.90,1.20
2010.11.23 15:43:18.130,8.17498,8.17708,2.20,1.10
2010.11.23 15:43:19.160,8.17517,8.17708,1.20,1.10
2010.11.23 15:43:21.075,8.17498,8.17713,5.40,1.20
2010.11.23 15:43:21.851,8.17498,8.17701,5.40,1.70
2010.11.23 15:43:22.076,8.17468,8.17627,1.50,4.50
2010.11.23 15:43:22.347,8.17468,8.17583,1.50,2.30
2010.11.23 15:43:22.473,8.17401,8.17603,1.10,2.30
2010.11.23 15:43:22.824,8.17401,8.17603,1.10,2.30
2010.11.23 15:43:23.062,8.17408,8.17633,1.10,2.40
2010.11.23 15:43:23.185,8.17404,8.17623,1.10,2.30
2010.11.23 15:43:24.109,8.17404,8.17623,2.90,2.70
2010.11.23 15:43:25.025,8.17412,8.17623,1.40,6.90
2010.11.23 15:43:26.105,8.17423,8.17623,1.20,6.30
2010.11.23 15:43:36.595,8.17407,8.17623,1.20,6.30
2010.11.23 15:43:38.124,8.17422,8.17623,1.20,6.30
2010.11.23 15:43:42.870,8.17425,8.17622,1.20,1.20
2010.11.23 15:43:43.977,8.17422,8.17642,1.20,3.00
2010.11.23 15:43:44.315,8.17434,8.17642,1.20,2.30
2010.11.23 15:43:56.133,8.17434,8.17622,1.20,2.30
2010.11.23 15:43:56.250,8.17434,8.17622,1.20,2.30
2010.11.23 15:43:57.996,8.17423,8.17622,1.40,2.70
2010.11.23 15:43:58.996,8.17417,8.17622,1.20,6.10
2010.11.23 15:43:59.767,8.17423,8.17642,1.40,2.40
2010.11.23 15:44:03.273,8.17423,8.17647,1.40,1.10
2010.11.23 15:44:05.088,8.17435,8.17643,1.50,1.20
2010.11.23 15:44:06.066,8.17435,8.17641,1.50,2.40
2010.11.23 15:44:06.609,8.17435,8.17643,1.20,3.10
2010.11.23 15:44:06.938,8.17449,8.17643,1.10,2.40
2010.11.23 15:45:01.764,8.17449,8.17643,1.10,2.40
2010.11.23 15:45:06.880,8.17449,8.17692,1.10,3.00
2010.11.23 15:45:13.820,8.17449,8.17675,1.10,2.10
2010.11.23 15:45:13.940,8.17462,8.17678,1.10,2.80
2010.11.23 15:45:14.057,8.17462,8.17678,1.10,2.10
2010.11.23 15:45:14.175,8.17448,8.17678,1.10,2.80
2010.11.23 15:45:14.537,8.17448,8.17675,1.10,2.10
2010.11.23 15:45:15.052,8.17443,8.17672,1.20,1.20
2010.11.23 15:45:15.731,8.17446,8.17683,2.60,1.20
2010.11.23 15:45:19.316,8.17438,8.17662,1.90,1.50
2010.11.23 15:45:23.048,8.17422,8.17648,1.40,1.10
2010.11.23 15:45:25.374,8.17413,8.17652,2.20,1.20
2010.11.23 15:45:25.805,8.17366,8.17602,1.10,2.70
2010.11.23 15:45:27.387,8.17372,8.17578,2.20,1.50
2010.11.23 15:45:27.845,8.17358,8.17596,2.20,1.60
2010.11.23 15:45:29.580,8.17378,8.17574,1.20,2.40
2010.11.23 15:45:31.163,8.1737,8.17574,1.50,2.10
2010.11.23 15:45:39.291,8.17348,8.17572,1.10,2.10
2010.11.23 15:45:39.405,8.17328,8.17572,1.20,5.80
2010.11.23 15:45:39.517,8.17326,8.17553,1.20,1.50
2010.11.23 15:45:39.635,8.17342,8.1757,2.20,1.50
2010.11.23 15:45:39.746,8.17343,8.17572,1.10,3.00
2010.11.23 15:46:09.599,8.17348,8.17553,1.20,2.30
2010.11.23 15:46:09.840,8.17318,8.17563,5.80,1.60
2010.11.23 15:46:10.067,8.17339,8.17572,1.10,6.80
2010.11.23 15:46:12.128,8.17339,8.17572,2.80,6.80
2010.11.23 15:46:33.189,8.17339,8.17553,2.80,2.30
2010.11.23 15:46:33.530,8.1734,8.17553,1.20,3.00
2010.11.23 15:46:35.254,8.1734,8.17553,1.50,6.80
2010.11.23 15:46:36.223,8.1734,8.17546,1.50,2.10
2010.11.23 15:46:36.997,8.1734,8.17546,1.50,2.60
2010.11.23 15:46:48.888,8.17317,8.17522,1.20,2.30
2010.11.23 15:46:49.007,8.17304,8.17522,2.60,2.40
2010.11.23 15:46:49.128,8.17297,8.17503,1.20,2.30
2010.11.23 15:46:49.563,8.17297,8.17523,1.20,6.80
2010.11.23 15:46:51.206,8.17309,8.17515,1.20,2.10
2010.11.23 15:46:52.026,8.17309,8.17515,1.50,2.60
2010.11.23 15:46:53.192,8.17285,8.17511,2.90,2.60
2010.11.23 15:46:54.228,8.17307,8.17511,1.50,2.60
2010.11.23 15:47:16.285,8.17307,8.17511,1.50,2.40
2010.11.23 15:47:18.017,8.1731,8.17514,1.50,2.60
2010.11.23 15:47:19.002,8.1731,8.17514,1.20,2.60
2010.11.23 15:47:20.196,8.1731,8.17514,1.20,2.60
2010.11.23 15:47:53.156,8.17317,8.17514,1.20,2.60
2010.11.23 15:47:53.585,8.17393,8.17622,1.90,1.20
2010.11.23 15:47:54.286,8.17393,8.17604,1.90,1.50
2010.11.23 15:47:54.404,8.17336,8.17587,1.10,2.70
2010.11.23 15:47:56.071,8.17336,8.17563,1.20,1.20
2010.11.23 15:47:57.354,8.17336,8.17562,1.20,2.60
2010.11.23 15:48:00.429,8.17321,8.17543,1.20,2.70
2010.11.23 15:48:02.045,8.17321,8.17527,1.60,2.70
2010.11.23 15:48:03.050,8.17321,8.17527,1.20,2.60
2010.11.23 15:48:04.375,8.17321,8.17527,1.20,2.60
2010.11.23 15:48:10.026,8.17321,8.17543,1.20,2.70
2010.11.23 15:48:10.257,8.17319,8.17553,2.80,1.20
2010.11.23 15:48:12.444,8.17319,8.17493,1.10,2.30
2010.11.23 15:48:12.573,8.1728,8.17493,1.50,3.00
2010.11.23 15:48:13.722,8.17308,8.17515,2.20,1.50
2010.11.23 15:48:13.838,8.17308,8.17537,2.20,1.70
2010.11.23 15:48:15.028,8.17308,8.17537,5.70,1.80
2010.11.23 15:48:16.047,8.17311,8.17537,1.60,1.50
2010.11.23 15:48:16.277,8.17313,8.17543,6.10,3.20
2010.11.23 15:48:19.259,8.17308,8.17532,5.20,3.00
2010.11.23 15:48:19.489,8.17305,8.17523,2.10,3.00
2010.11.23 15:48:19.847,8.17302,8.17521,1.20,1.50
2010.11.23 15:48:20.294,8.17306,8.17512,1.50,3.00
2010.11.23 15:48:20.415,8.17303,8.17512,1.20,3.10
2010.11.23 15:48:22.175,8.17306,8.1751,1.50,2.40
2010.11.23 15:48:23.440,8.17307,8.17503,1.20,1.20
2010.11.23 15:48:26.885,8.17306,8.1751,1.50,2.40
2010.11.23 15:48:28.746,8.17311,8.17542,2.90,5.80
2010.11.23 15:48:28.861,8.17333,8.17543,1.20,5.90
2010.11.23 15:48:29.101,8.17333,8.17559,7.50,2.40
2010.11.23 15:48:29.802,8.1733,8.17532,1.10,2.30
2010.11.23 15:48:29.919,8.17311,8.17532,1.20,3.00
2010.11.23 15:48:30.041,8.17303,8.17523,1.40,3.00
2010.11.23 15:48:30.356,8.17304,8.17523,1.20,3.00
2010.11.23 15:48:30.478,8.17292,8.1753,5.70,2.80
2010.11.23 15:48:32.224,8.17302,8.1753,1.20,2.80
2010.11.23 15:48:34.775,8.17297,8.17522,5.80,2.30
2010.11.23 15:48:37.309,8.17298,8.17533,5.70,6.80
2010.11.23 15:48:40.987,8.17297,8.17512,1.20,2.30
2010.11.23 15:48:41.108,8.173,8.17512,1.20,3.00
2010.11.23 15:48:43.098,8.17302,8.17502,1.20,2.40
2010.11.23 15:48:44.131,8.17303,8.17502,1.20,6.30
2010.11.23 15:48:45.446,8.17301,8.17527,1.20,1.70
2010.11.23 15:48:45.937,8.17297,8.17532,7.60,1.20
2010.11.23 15:48:47.188,8.17339,8.17533,1.10,2.40
2010.11.23 15:48:47.793,8.17313,8.17533,1.20,3.10
2010.11.23 15:48:47.916,8.17291,8.17503,2.90,2.30
2010.11.23 15:48:48.657,8.17302,8.17533,5.50,3.10
2010.11.23 15:48:48.784,8.17342,8.17533,1.10,2.40
2010.11.23 15:48:50.031,8.17342,8.17558,1.10,1.90
2010.11.23 15:48:50.146,8.17353,8.17579,2.20,1.90
2010.11.23 15:48:51.259,8.17364,8.17503,1.10,2.30
2010.11.23 15:48:51.596,8.17303,8.17503,1.20,2.30
2010.11.23 15:48:53.558,8.17303,8.17532,5.40,6.10
2010.11.23 15:48:53.678,8.17335,8.17532,1.10,2.30
2010.11.23 15:48:55.268,8.17364,8.17532,1.10,2.30
2010.11.23 15:48:55.385,8.17364,8.17557,1.10,2.10
2010.11.23 15:48:55.710,8.17379,8.17582,1.10,4.20
2010.11.23 15:48:55.956,8.17367,8.17563,1.10,2.30
2010.11.23 15:48:56.999,8.17367,8.17583,1.10,2.30
2010.11.23 15:48:58.528,8.17373,8.17603,2.20,3.20
2010.11.23 15:48:58.866,8.17409,8.17603,1.10,2.40
2010.11.23 15:49:00.745,8.1743,8.17627,1.10,5.40
2010.11.23 15:49:00.864,8.1745,8.17633,1.10,2.30
2010.11.23 15:49:00.983,8.17543,8.17633,1.90,2.30
2010.11.23 15:49:01.098,8.17543,8.17721,1.90,1.50
2010.11.23 15:49:01.325,8.17543,8.17742,1.90,1.50
2010.11.23 15:49:01.656,8.17543,8.17742,1.90,1.50
2010.11.23 15:49:02.139,8.17547,8.17763,1.90,1.20
2010.11.23 15:49:04.245,8.17547,8.17763,5.40,1.20
2010.11.23 15:49:04.479,8.17547,8.17623,1.90,2.30
2010.11.23 15:49:04.598,8.17522,8.17623,1.90,2.30
2010.11.23 15:49:04.968,8.17424,8.17623,1.10,2.30
2010.11.23 15:49:05.086,8.17424,8.17653,1.10,2.30
2010.11.23 15:49:05.205,8.17424,8.17653,1.10,2.30
2010.11.23 15:49:05.426,8.17427,8.17632,1.10,2.30
2010.11.23 15:49:05.645,8.17406,8.17612,1.10,2.30
2010.11.23 15:49:06.248,8.17453,8.17612,4.50,2.30
2010.11.23 15:49:06.367,8.17477,8.17677,1.90,1.50
2010.11.23 15:49:06.489,8.17477,8.17707,2.20,1.80
2010.11.23 15:49:08.312,8.17482,8.17702,1.20,6.10
2010.11.23 15:49:09.446,8.17487,8.17702,1.20,6.30
2010.11.23 15:49:10.339,8.17504,8.17692,1.20,1.20
2010.11.23 15:49:16.116,8.17502,8.17702,1.20,6.10
2010.11.23 15:49:18.508,8.17508,8.17702,1.20,1.20
2010.11.23 15:49:20.632,8.17505,8.17713,1.50,3.00
2010.11.23 15:49:20.861,8.17552,8.17742,2.70,2.30
2010.11.23 15:49:20.979,8.17554,8.17781,1.10,1.50
2010.11.23 15:49:21.096,8.17554,8.17773,1.10,2.30
2010.11.23 15:49:21.375,8.17554,8.17773,1.10,3.00
2010.11.23 15:49:21.610,8.17546,8.17783,1.20,3.20
2010.11.23 15:49:23.000,8.17556,8.17783,1.20,3.30
2010.11.23 15:49:32.872,8.17592,8.17788,1.90,1.20
2010.11.23 15:49:32.992,8.17607,8.17822,1.10,2.30
2010.11.23 15:49:33.233,8.17607,8.17813,1.10,2.30
2010.11.23 15:49:33.748,8.17614,8.17823,1.10,2.30
2010.11.23 15:49:33.873,8.17613,8.17813,1.10,2.30
2010.11.23 15:49:34.316,8.17603,8.17823,1.10,2.30
2010.11.23 15:49:35.336,8.17601,8.17812,1.10,2.30
2010.11.23 15:49:35.555,8.17592,8.17812,1.10,2.30
2010.11.23 15:49:35.996,8.17592,8.17822,3.00,2.30
2010.11.23 15:49:38.177,8.17597,8.17822,1.10,3.00
2010.11.23 15:49:40.486,8.17596,8.17822,1.10,3.00
2010.11.23 15:49:43.188,8.17631,8.17822,1.90,2.30
2010.11.23 15:49:43.538,8.17669,8.17894,1.10,2.70
2010.11.23 15:49:43.862,8.17669,8.17852,1.10,2.30
2010.11.23 15:49:44.103,8.17684,8.17903,1.10,3.00
2010.11.23 15:49:44.218,8.17684,8.17902,1.10,4.50
2010.11.23 15:49:44.448,8.17656,8.17852,1.10,2.30
2010.11.23 15:49:44.822,8.17656,8.17877,1.10,1.90
2010.11.23 15:49:44.941,8.17656,8.17853,1.10,2.30
2010.11.23 15:49:45.286,8.17644,8.17853,1.10,2.30
2010.11.23 15:49:45.516,8.17644,8.17878,1.10,2.70
2010.11.23 15:49:45.815,8.17653,8.17853,2.20,2.30
2010.11.23 15:49:46.189,8.17632,8.17853,1.10,2.30
2010.11.23 15:49:46.637,8.17652,8.17888,2.20,1.50
2010.11.23 15:49:46.757,8.17652,8.17853,2.20,2.30
2010.11.23 15:49:46.876,8.17652,8.17853,1.90,2.30
2010.11.23 15:49:48.103,8.17624,8.17853,1.10,3.00
2010.11.23 15:49:48.331,8.17652,8.17872,1.90,1.50
2010.11.23 15:49:49.229,8.17652,8.17853,2.20,2.30
2010.11.23 15:49:49.347,8.17648,8.17853,1.10,3.00
2010.11.23 15:49:50.706,8.17652,8.179,3.00,1.50
2010.11.23 15:49:51.122,8.17626,8.17853,1.10,3.00
2010.11.23 15:49:51.469,8.17653,8.17894,2.20,1.50
2010.11.23 15:49:51.900,8.17653,8.17852,1.90,3.00
2010.11.23 15:49:52.138,8.17653,8.179,2.20,1.50
2010.11.23 15:49:52.257,8.17652,8.17873,1.10,1.90
2010.11.23 15:49:52.377,8.17626,8.17852,1.10,2.30
2010.11.23 15:49:52.938,8.17653,8.17853,1.10,2.30
2010.11.23 15:49:53.239,8.17652,8.17853,1.90,3.00
2010.11.23 15:49:53.817,8.17653,8.17894,1.10,1.50
2010.11.23 15:49:54.055,8.17652,8.17874,1.90,1.50
2010.11.23 15:49:54.409,8.17653,8.17894,1.10,2.70
2010.11.23 15:49:54.529,8.17631,8.17868,3.00,1.90
2010.11.23 15:49:54.759,8.17639,8.17843,1.80,2.30
2010.11.23 15:49:55.199,8.17652,8.17843,1.10,2.30
2010.11.23 15:49:55.320,8.17652,8.17852,1.10,2.30
2010.11.23 15:49:55.438,8.17626,8.17852,1.10,3.00
2010.11.23 15:49:56.319,8.17626,8.17852,1.10,2.30
2010.11.23 15:49:56.770,8.17653,8.17901,1.10,1.50
2010.11.23 15:49:57.010,8.17639,8.17853,1.80,3.00
2010.11.23 15:49:57.346,8.17653,8.17853,3.00,2.30
2010.11.23 15:49:57.466,8.17653,8.17901,3.00,1.50
2010.11.23 15:49:57.578,8.17653,8.17852,1.90,2.30
2010.11.23 15:49:57.880,8.17626,8.17852,1.10,2.30
2010.11.23 15:49:58.002,8.17653,8.17873,1.10,1.90
2010.11.23 15:49:58.115,8.17653,8.17901,1.10,1.50
2010.11.23 15:49:58.226,8.17652,8.17852,1.90,2.30
2010.11.23 15:49:59.065,8.17647,8.17873,1.10,2.70
2010.11.23 15:49:59.180,8.17639,8.17852,1.80,2.30
2010.11.23 15:49:59.630,8.17653,8.17901,2.70,1.50
2010.11.23 15:49:59.748,8.17653,8.17894,3.00,3.40
2010.11.23 15:50:00.090,8.17626,8.17852,1.10,2.30
2010.11.23 15:50:00.317,8.17653,8.17874,1.90,1.50
2010.11.23 15:50:00.657,8.17648,8.17853,1.10,3.00
2010.11.23 15:50:01.947,8.17652,8.179,3.00,1.50
2010.11.23 15:50:02.069,8.17652,8.17853,1.10,2.30
2010.11.23 15:50:02.305,8.17647,8.17853,1.10,3.00
2010.11.23 15:50:02.540,8.17639,8.17872,1.80,1.90
2010.11.23 15:50:02.878,8.17647,8.17852,1.10,3.00
2010.11.23 15:50:03.419,8.17652,8.17878,2.20,1.50
2010.11.23 15:50:04.030,8.17653,8.17853,1.90,2.30
2010.11.23 15:50:04.262,8.17653,8.17894,2.20,1.50
2010.11.23 15:50:04.379,8.17626,8.17852,1.10,3.00
2010.11.23 15:50:04.999,8.17743,8.179,4.50,1.50
2010.11.23 15:50:05.233,8.17768,8.17924,1.90,1.50
2010.11.23 15:50:05.348,8.17768,8.17832,1.90,2.30
2010.11.23 15:50:05.466,8.17748,8.17832,1.50,2.30
2010.11.23 15:50:05.814,8.17606,8.17832,1.10,2.30
2010.11.23 15:50:06.506,8.17681,8.17832,2.70,2.30
2010.11.23 15:50:06.737,8.17708,8.17923,1.90,1.50
2010.11.23 15:50:06.966,8.17728,8.17937,2.10,1.10
2010.11.23 15:50:07.283,8.17756,8.17947,2.70,1.50
2010.11.23 15:50:07.406,8.17756,8.1798,2.70,1.50
2010.11.23 15:50:09.077,8.17777,8.1798,5.40,1.50
2010.11.23 15:50:09.995,8.17777,8.1798,5.40,1.50
2010.11.23 15:50:10.108,8.17798,8.18003,5.40,1.60
2010.11.23 15:50:10.225,8.17798,8.18003,5.40,1.50
2010.11.23 15:50:10.337,8.17832,8.18059,1.10,2.60
2010.11.23 15:50:13.046,8.17853,8.18052,1.60,1.20
2010.11.23 15:50:14.276,8.17853,8.18059,1.50,2.60
2010.11.23 15:50:21.058,8.17897,8.1808,1.50,1.50
2010.11.23 15:50:21.285,8.17897,8.18082,1.50,1.90
2010.11.23 15:50:21.651,8.17902,8.18113,1.90,1.20
2010.11.23 15:50:22.110,8.17898,8.18063,1.50,2.30
2010.11.23 15:50:22.338,8.17868,8.18063,2.40,2.30
2010.11.23 15:50:24.374,8.17858,8.18063,1.20,2.40
2010.11.23 15:50:25.210,8.17863,8.18062,1.40,1.20
2010.11.23 15:50:26.242,8.17876,8.18063,2.70,2.30
2010.11.23 15:50:26.372,8.17899,8.18102,1.10,2.30
2010.11.23 15:50:26.491,8.17899,8.18102,1.10,2.30
2010.11.23 15:50:26.840,8.17898,8.18132,2.20,3.00
2010.11.23 15:50:27.254,8.17901,8.18112,1.10,2.30
2010.11.23 15:50:27.376,8.17892,8.18112,1.10,2.30
2010.11.23 15:50:27.607,8.179,8.18133,1.10,3.00
2010.11.23 15:50:27.729,8.179,8.18113,1.10,2.30
2010.11.23 15:50:27.956,8.17888,8.18113,1.10,2.30
2010.11.23 15:50:28.296,8.17928,8.18113,4.50,2.30
2010.11.23 15:50:28.831,8.17983,8.18193,2.20,1.20
2010.11.23 15:50:31.063,8.17984,8.18193,1.50,1.20
2010.11.23 15:50:31.178,8.17983,8.1819,2.20,1.10
2010.11.23 15:50:31.301,8.17983,8.18162,2.20,2.30
2010.11.23 15:50:31.542,8.17959,8.18153,2.40,2.30
2010.11.23 15:50:33.002,8.17897,8.18082,2.60,2.30
2010.11.23 15:50:33.231,8.17867,8.18082,1.20,2.30
2010.11.23 15:50:36.526,8.17867,8.18082,1.20,2.50
2010.11.23 15:50:45.742,8.17867,8.18103,1.30,2.70
2010.11.23 15:50:45.972,8.17898,8.18124,2.20,2.70
2010.11.23 15:50:46.632,8.17897,8.18132,2.20,3.80
2010.11.23 15:50:47.570,8.1789,8.18082,1.10,2.30
2010.11.23 15:50:47.798,8.17865,8.18082,1.10,2.30
2010.11.23 15:50:48.451,8.1786,8.18083,1.10,2.30
2010.11.23 15:50:48.907,8.17877,8.18111,2.20,1.50
2010.11.23 15:50:49.026,8.17877,8.18083,2.20,2.30
2010.11.23 15:50:49.752,8.17852,8.18063,2.20,3.00
2010.11.23 15:50:53.985,8.17835,8.18063,2.60,6.80
2010.11.23 15:50:58.242,8.17832,8.18053,1.40,2.30
2010.11.23 15:51:08.240,8.17827,8.18052,3.00,2.30
2010.11.23 15:51:09.446,8.17828,8.18052,1.20,2.30
2010.11.23 15:51:11.423,8.17877,8.18112,1.90,3.80
2010.11.23 15:51:11.545,8.17877,8.18101,2.20,1.50
2010.11.23 15:51:11.658,8.17853,8.18082,1.10,2.30
2010.11.23 15:51:11.779,8.17853,8.18082,1.10,3.00
2010.11.23 15:51:12.312,8.17877,8.18102,2.20,1.50
2010.11.23 15:51:13.014,8.17877,8.18113,2.20,3.00
2010.11.23 15:51:13.128,8.17875,8.18083,1.10,2.30
2010.11.23 15:51:13.247,8.17854,8.18083,1.10,3.00
2010.11.23 15:51:14.479,8.17854,8.18102,1.10,3.40
2010.11.23 15:51:15.039,8.17884,8.18113,1.10,3.00
2010.11.23 15:51:16.198,8.17884,8.18092,1.10,2.30
2010.11.23 15:51:16.432,8.17884,8.18092,1.10,3.00
2010.11.23 15:51:16.911,8.17864,8.18092,1.10,2.30
2010.11.23 15:51:17.032,8.17883,8.18112,3.00,3.00
2010.11.23 15:51:17.149,8.17883,8.18112,1.10,3.00
2010.11.23 15:51:17.770,8.17882,8.18112,2.20,3.00
2010.11.23 15:51:17.999,8.17884,8.18103,1.10,2.30
2010.11.23 15:51:18.366,8.17872,8.18103,1.10,3.00
2010.11.23 15:51:18.602,8.17872,8.18103,1.10,2.30
2010.11.23 15:51:18.724,8.17884,8.18113,1.10,3.00
2010.11.23 15:51:18.845,8.17884,8.18113,1.10,3.00
2010.11.23 15:51:19.689,8.17884,8.18103,1.10,2.30
2010.11.23 15:51:19.917,8.17872,8.18103,1.10,3.00
2010.11.23 15:51:20.628,8.17882,8.18113,2.20,3.00
2010.11.23 15:51:20.858,8.17884,8.18102,1.10,3.00
2010.11.23 15:51:21.615,8.17882,8.18113,2.20,3.00
2010.11.23 15:51:21.861,8.17872,8.18103,1.10,3.00
2010.11.23 15:51:22.208,8.17885,8.18113,1.10,3.00
2010.11.23 15:51:22.634,8.17877,8.18103,1.10,3.00
2010.11.23 15:51:23.026,8.17885,8.18103,1.10,2.30
2010.11.23 15:51:23.147,8.17885,8.18112,1.10,3.00
2010.11.23 15:51:23.268,8.17877,8.18112,1.10,3.00
2010.11.23 15:51:24.637,8.17885,8.18113,1.10,3.00
2010.11.23 15:51:25.103,8.17877,8.18102,1.10,2.30
2010.11.23 15:51:26.408,8.17948,8.18102,4.50,3.00
2010.11.23 15:51:26.636,8.17951,8.18122,2.70,2.70
2010.11.23 15:51:26.746,8.17972,8.18169,1.90,1.50
2010.11.23 15:51:26.857,8.17972,8.18169,1.90,1.50
2010.11.23 15:51:26.976,8.17993,8.18191,1.90,1.50
2010.11.23 15:51:28.779,8.17997,8.18191,1.20,1.50
2010.11.23 15:51:29.133,8.18022,8.18243,1.10,1.20
2010.11.23 15:51:31.110,8.18043,8.18249,1.20,2.60
2010.11.23 15:51:32.111,8.18043,8.18249,1.50,2.60
2010.11.23 15:51:36.328,8.18027,8.18223,2.60,2.40
2010.11.23 15:51:37.506,8.18027,8.18223,2.60,6.30
2010.11.23 15:51:39.082,8.18027,8.18223,2.60,6.30
2010.11.23 15:51:39.379,8.18027,8.18222,2.90,1.20
2010.11.23 15:51:45.239,8.18095,8.18278,1.90,1.10
2010.11.23 15:51:45.363,8.18068,8.18278,2.20,1.10
2010.11.23 15:51:45.707,8.18082,8.18287,1.90,1.10
2010.11.23 15:51:46.074,8.18082,8.18287,2.70,1.10
2010.11.23 15:51:46.983,8.18088,8.18282,1.90,2.60
2010.11.23 15:51:47.338,8.1807,8.18282,1.10,6.50
2010.11.23 15:51:50.051,8.18092,8.18293,1.20,6.30
2010.11.23 15:52:00.063,8.18092,8.18233,1.20,2.30
2010.11.23 15:52:00.192,8.18063,8.18233,1.90,2.30
2010.11.23 15:52:00.745,8.18032,8.18233,1.20,2.30
2010.11.23 15:52:01.059,8.18028,8.18233,1.20,5.90
2010.11.23 15:52:02.060,8.18028,8.18233,1.20,6.30
2010.11.23 15:52:03.087,8.18026,8.18233,2.90,6.30
2010.11.23 15:52:12.007,8.18026,8.18233,2.90,6.30
2010.11.23 15:52:13.702,8.18042,8.18242,1.20,6.30
2010.11.23 15:52:15.373,8.18021,8.18242,2.90,6.30
2010.11.23 15:52:17.151,8.18025,8.18229,1.50,2.60
2010.11.23 15:52:35.261,8.18076,8.18242,1.90,6.30
2010.11.23 15:52:36.966,8.18076,8.18233,1.90,6.10
2010.11.23 15:52:37.085,8.18028,8.18227,1.20,1.10
2010.11.23 15:52:37.561,8.18028,8.18223,1.20,2.40
2010.11.23 15:52:38.993,8.18027,8.18223,1.20,3.10
2010.11.23 15:52:47.783,8.18006,8.18217,1.50,1.20
2010.11.23 15:52:48.426,8.18006,8.18202,1.50,1.10
2010.11.23 15:52:48.779,8.1792,8.18102,1.10,2.30
2010.11.23 15:52:49.228,8.17931,8.18112,1.80,2.30
2010.11.23 15:52:49.860,8.17915,8.18093,1.10,2.30
2010.11.23 15:52:50.088,8.17915,8.18112,1.10,2.30
2010.11.23 15:52:50.427,8.17914,8.18103,1.10,2.30
2010.11.23 15:52:50.971,8.1791,8.18112,1.10,2.30
2010.11.23 15:52:51.201,8.17907,8.18093,1.10,2.30
2010.11.23 15:52:52.997,8.17899,8.18113,1.10,2.30
2010.11.23 15:52:53.337,8.17899,8.18092,1.10,2.30
2010.11.23 15:52:53.920,8.17896,8.18113,1.10,2.30
2010.11.23 15:52:54.040,8.17896,8.18113,1.10,2.30
2010.11.23 15:52:54.158,8.17896,8.18093,1.10,2.30
2010.11.23 15:52:54.727,8.1789,8.18112,1.10,2.30
2010.11.23 15:52:54.849,8.1789,8.18093,1.10,2.30
2010.11.23 15:52:54.968,8.17877,8.18093,1.10,2.30
2010.11.23 15:52:55.602,8.17878,8.18092,1.10,3.00
2010.11.23 15:52:57.288,8.17885,8.18112,1.10,2.70
2010.11.23 15:52:57.408,8.17897,8.18133,2.20,3.00
2010.11.23 15:52:57.754,8.17895,8.18112,1.10,3.00
2010.11.23 15:52:58.207,8.17899,8.18132,1.10,3.00
2010.11.23 15:52:58.436,8.17883,8.18112,1.10,2.30
2010.11.23 15:52:58.547,8.17883,8.18112,1.10,3.00
2010.11.23 15:52:59.272,8.17899,8.18132,1.10,3.00
2010.11.23 15:53:00.032,8.179,8.18132,1.10,3.00
2010.11.23 15:53:00.755,8.17888,8.18112,1.10,2.30
2010.11.23 15:53:00.881,8.179,8.18133,1.10,3.00
2010.11.23 15:53:01.000,8.179,8.18112,1.10,2.30
2010.11.23 15:53:01.643,8.179,8.18132,1.10,3.00
2010.11.23 15:53:02.107,8.17897,8.18133,2.20,3.00
2010.11.23 15:53:02.238,8.17901,8.18133,1.10,3.00
2010.11.23 15:53:03.176,8.17901,8.18133,1.10,3.00
2010.11.23 15:53:03.503,8.17901,8.18133,1.10,3.00
2010.11.23 15:53:04.026,8.17893,8.18122,1.10,2.30
2010.11.23 15:53:04.521,8.17901,8.18132,1.10,3.00
2010.11.23 15:53:04.867,8.17901,8.18133,1.10,3.00
2010.11.23 15:53:05.099,8.17893,8.18122,1.10,3.00
2010.11.23 15:53:05.656,8.17901,8.18132,1.10,3.00
2010.11.23 15:53:06.504,8.17897,8.18133,2.20,3.00
2010.11.23 15:53:06.727,8.17893,8.18123,1.10,3.00
2010.11.23 15:53:07.067,8.179,8.18132,1.10,3.00
2010.11.23 15:53:07.298,8.17897,8.18122,2.20,3.00
2010.11.23 15:53:08.250,8.179,8.18132,1.10,3.00
2010.11.23 15:53:08.475,8.17892,8.18123,1.10,3.00
2010.11.23 15:53:09.217,8.17892,8.18123,1.10,2.30
2010.11.23 15:53:09.566,8.17892,8.18123,1.10,3.00
2010.11.23 15:53:10.007,8.179,8.18133,1.10,3.00
2010.11.23 15:53:10.128,8.17892,8.18123,1.10,3.00
2010.11.23 15:53:10.606,8.179,8.18132,1.10,3.00
2010.11.23 15:53:11.051,8.17892,8.18122,1.10,3.00
2010.11.23 15:53:11.533,8.179,8.18122,1.10,2.30
2010.11.23 15:53:11.650,8.17892,8.18122,1.10,3.00
2010.11.23 15:53:12.116,8.179,8.18122,1.10,2.30
2010.11.23 15:53:12.560,8.17892,8.18123,1.10,3.00
2010.11.23 15:53:13.347,8.17897,8.18132,2.20,3.00
2010.11.23 15:53:13.828,8.17892,8.18122,1.10,3.00
2010.11.23 15:53:14.063,8.179,8.18133,1.10,3.00
2010.11.23 15:53:14.707,8.17892,8.18123,1.10,3.00
2010.11.23 15:53:14.928,8.179,8.18132,1.10,3.00
2010.11.23 15:53:15.629,8.17897,8.18122,2.20,2.30
2010.11.23 15:53:17.052,8.17896,8.18123,1.10,3.00
2010.11.23 15:53:18.338,8.17901,8.18122,1.10,2.30
2010.11.23 15:53:19.049,8.17901,8.18133,1.10,3.00
2010.11.23 15:53:19.165,8.17896,8.18122,1.10,2.30
2010.11.23 15:53:20.050,8.17896,8.18133,1.10,3.00
2010.11.23 15:53:21.417,8.17901,8.18132,1.10,3.00
2010.11.23 15:53:21.849,8.17896,8.18123,1.10,3.00
2010.11.23 15:53:22.197,8.17901,8.18122,1.10,2.30
2010.11.23 15:53:22.536,8.17892,8.18122,1.10,3.00
2010.11.23 15:53:22.986,8.179,8.18132,1.10,3.00
2010.11.23 15:53:23.401,8.179,8.18122,1.10,3.00
2010.11.23 15:53:23.640,8.179,8.18133,1.10,3.00
2010.11.23 15:53:24.223,8.17892,8.18123,1.10,3.00
2010.11.23 15:53:24.978,8.17897,8.18133,2.20,3.00
2010.11.23 15:53:25.207,8.17892,8.18123,1.10,3.00
2010.11.23 15:53:25.810,8.17892,8.18132,1.10,3.00
2010.11.23 15:53:26.036,8.179,8.18123,1.10,3.00
2010.11.23 15:53:26.597,8.179,8.18133,1.10,3.00
2010.11.23 15:53:26.829,8.17892,8.18123,1.10,3.00
2010.11.23 15:53:28.157,8.179,8.18132,1.10,3.00
2010.11.23 15:53:28.387,8.179,8.18123,1.10,3.00
2010.11.23 15:53:29.036,8.17892,8.18123,1.10,2.30
2010.11.23 15:53:29.478,8.17892,8.18122,1.10,3.00
2010.11.23 15:53:30.272,8.179,8.18133,1.10,3.00
2010.11.23 15:53:30.508,8.17892,8.18123,1.10,3.00
2010.11.23 15:53:31.095,8.179,8.18122,1.10,2.30
2010.11.23 15:53:31.655,8.17901,8.18132,1.10,3.00
2010.11.23 15:53:31.877,8.17901,8.18123,1.10,3.00
2010.11.23 15:53:32.606,8.17901,8.18133,1.10,3.00
2010.11.23 15:53:34.617,8.17901,8.18122,1.10,2.30
2010.11.23 15:53:35.370,8.17901,8.18133,1.10,3.00
2010.11.23 15:53:36.344,8.17898,8.18123,2.20,2.30
2010.11.23 15:53:36.461,8.17892,8.18123,1.10,3.00
2010.11.23 15:53:36.796,8.179,8.18133,1.10,3.00
2010.11.23 15:53:37.015,8.17892,8.18122,1.10,3.00
2010.11.23 15:53:37.785,8.179,8.18132,1.10,3.00
2010.11.23 15:53:38.008,8.17898,8.18123,2.20,3.00
2010.11.23 15:53:38.656,8.179,8.18123,1.10,2.30
2010.11.23 15:53:39.791,8.179,8.18112,1.10,2.30
2010.11.23 15:53:40.021,8.17888,8.18112,1.10,2.30
2010.11.23 15:53:40.503,8.179,8.18123,1.10,2.30
2010.11.23 15:53:40.618,8.17892,8.18123,1.10,3.00
2010.11.23 15:53:41.297,8.17892,8.18132,1.10,3.00
2010.11.23 15:53:41.752,8.17864,8.18083,2.60,2.30
2010.11.23 15:53:44.015,8.17864,8.18083,1.20,2.40
2010.11.23 15:53:45.993,8.17864,8.18083,1.20,2.50
2010.11.23 15:53:55.748,8.17864,8.18074,1.10,2.70
2010.11.23 15:53:55.980,8.17861,8.18032,1.10,2.30
2010.11.23 15:53:58.179,8.1784,8.18032,2.50,6.50
2010.11.23 15:53:59.101,8.1784,8.18023,2.50,1.20
2010.11.23 15:53:59.219,8.17856,8.18032,2.00,2.30
2010.11.23 15:53:59.340,8.17897,8.18093,2.20,1.80
2010.11.23 15:53:59.568,8.17891,8.18122,1.10,3.00
2010.11.23 15:54:00.268,8.17891,8.18133,1.10,3.00
2010.11.23 15:54:00.681,8.17892,8.18123,1.10,3.00
2010.11.23 15:54:01.138,8.179,8.18132,1.10,3.00
2010.11.23 15:54:01.368,8.17892,8.18123,1.10,3.00
2010.11.23 15:54:01.597,8.17892,8.18083,1.10,2.30
2010.11.23 15:54:01.826,8.17887,8.18083,1.90,2.30
2010.11.23 15:54:04.331,8.17863,8.18102,1.20,2.70
2010.11.23 15:54:04.455,8.17897,8.18124,1.90,2.70
2010.11.23 15:54:04.572,8.17897,8.18126,2.20,1.50
2010.11.23 15:54:04.690,8.17878,8.18102,1.10,2.30
2010.11.23 15:54:04.807,8.17878,8.18102,1.10,2.30
2010.11.23 15:54:05.640,8.17898,8.18112,2.20,2.30
2010.11.23 15:54:05.990,8.17877,8.18102,1.20,2.30
2010.11.23 15:54:20.680,8.17873,8.18102,2.20,3.00
2010.11.23 15:54:50.345,8.17858,8.18106,1.10,1.50
2010.11.23 15:55:37.726,8.17958,8.18106,1.70,1.50
2010.11.23 15:55:38.067,8.18028,8.18196,4.90,1.50
2010.11.23 15:55:38.197,8.18028,8.18217,4.90,1.50
2010.11.23 15:55:39.671,8.18048,8.18196,4.90,1.70
2010.11.23 15:55:40.006,8.18048,8.18141,3.00,1.90
2010.11.23 15:55:40.339,8.18018,8.18141,1.50,1.90
2010.11.23 15:55:40.469,8.17928,8.18132,1.10,1.90
2010.11.23 15:55:41.546,8.17947,8.18132,1.30,1.90
2010.11.23 15:55:41.888,8.18082,8.18273,2.70,2.30
2010.11.23 15:55:44.730,8.18098,8.18259,1.10,1.50
2010.11.23 15:55:46.035,8.18098,8.18259,2.40,1.50
2010.11.23 15:55:48.018,8.18098,8.18259,2.60,1.50
2010.11.23 15:55:49.127,8.18082,8.18259,2.70,1.50
2010.11.23 15:55:49.245,8.18082,8.18192,2.70,4.50
2010.11.23 15:55:49.535,8.18067,8.18167,1.50,1.90
2010.11.23 15:55:49.665,8.18027,8.18274,2.20,1.70
2010.11.23 15:55:51.101,8.18027,8.18258,2.20,1.20
2010.11.23 15:55:53.069,8.18047,8.18253,1.50,2.60
2010.11.23 15:55:54.147,8.18047,8.18253,1.50,2.60
2010.11.23 15:56:23.228,8.18058,8.18273,5.20,1.20
2010.11.23 15:56:23.347,8.18059,8.18273,1.20,1.20
2010.11.23 15:56:25.068,8.18077,8.18274,1.20,2.40
2010.11.23 15:56:26.455,8.18068,8.18274,1.50,2.10
2010.11.23 15:56:26.576,8.18068,8.18282,1.50,1.20
2010.11.23 15:56:27.017,8.18078,8.18287,1.20,1.10
2010.11.23 15:56:27.247,8.18083,8.18287,5.60,1.10
2010.11.23 15:56:28.298,8.18098,8.18297,2.60,1.20
2010.11.23 15:56:29.039,8.18098,8.18293,2.60,1.20
2010.11.23 15:56:29.801,8.18108,8.18303,1.20,1.70
2010.11.23 15:56:31.091,8.18118,8.18307,1.20,1.10
2010.11.23 15:56:32.169,8.18128,8.18307,1.20,1.10
2010.11.23 15:56:35.458,8.18128,8.18297,1.20,1.90
2010.11.23 15:56:35.579,8.18074,8.18297,2.60,1.90
2010.11.23 15:56:35.816,8.18068,8.18297,2.80,2.70
2010.11.23 15:56:36.790,8.18067,8.18295,1.20,2.60
2010.11.23 15:56:38.096,8.18066,8.18293,2.90,2.60
2010.11.23 15:56:38.804,8.18148,8.18293,4.50,2.60
2010.11.23 15:56:38.966,8.18167,8.18353,1.90,1.50
2010.11.23 15:56:39.079,8.18167,8.18375,1.90,1.50
2010.11.23 15:56:39.200,8.18128,8.18375,2.20,1.50
2010.11.23 15:56:39.668,8.18172,8.1838,1.90,1.50
2010.11.23 15:56:39.790,8.18172,8.1838,1.90,1.50
2010.11.23 15:56:39.907,8.18151,8.18381,2.20,1.50
2010.11.23 15:56:40.029,8.18187,8.18381,2.30,1.50
2010.11.23 15:56:40.267,8.18212,8.18462,1.10,2.70
2010.11.23 15:56:40.667,8.18248,8.18482,2.20,1.20
2010.11.23 15:56:40.795,8.18262,8.18448,2.20,1.50
2010.11.23 15:56:40.908,8.18262,8.18477,2.20,1.10
2010.11.23 15:56:41.138,8.18268,8.18478,2.20,1.10
2010.11.23 15:56:41.672,8.18268,8.18483,2.20,1.20
2010.11.23 15:56:43.140,8.18279,8.18483,1.60,2.40
2010.11.23 15:56:44.122,8.18281,8.18487,1.50,2.40
2010.11.23 15:56:46.069,8.18287,8.18491,1.50,2.40
2010.11.23 15:56:46.486,8.18287,8.18491,1.50,2.40
2010.11.23 15:56:48.123,8.18297,8.18493,1.20,1.20
2010.11.23 15:56:52.576,8.18298,8.18508,5.60,1.10
2010.11.23 15:56:54.067,8.18318,8.18507,1.20,1.10
2010.11.23 15:56:55.333,8.18328,8.18507,1.20,1.10
2010.11.23 15:57:13.066,8.18332,8.18558,1.10,2.60
2010.11.23 15:57:15.079,8.18343,8.18542,1.40,1.20
2010.11.23 15:57:15.984,8.18363,8.18578,4.70,2.70
2010.11.23 15:57:16.105,8.18412,8.18623,1.90,1.20
2010.11.23 15:57:16.220,8.18412,8.18626,2.20,2.10
2010.11.23 15:57:17.916,8.18427,8.18652,1.50,1.20
2010.11.23 15:57:18.138,8.18438,8.18652,5.40,1.20
2010.11.23 15:57:20.118,8.18447,8.18652,1.50,1.20
2010.11.23 15:57:22.135,8.18447,8.18652,1.50,1.20
2010.11.23 15:57:23.395,8.18478,8.18692,5.40,1.20
2010.11.23 15:57:24.041,8.18482,8.18698,1.50,1.20
2010.11.23 15:57:26.167,8.18482,8.18692,1.50,1.20
2010.11.23 15:57:26.497,8.18472,8.18692,5.40,1.20
2010.11.23 15:57:26.827,8.18472,8.1869,5.40,2.80
2010.11.23 15:57:28.120,8.18477,8.1869,5.40,2.80
2010.11.23 15:57:29.799,8.18472,8.18693,5.40,1.20
2010.11.23 15:57:29.925,8.18502,8.18706,1.20,2.60
2010.11.23 15:57:31.279,8.18504,8.1871,1.50,2.60
2010.11.23 15:57:31.537,8.18502,8.1871,1.20,2.60
2010.11.23 15:57:31.658,8.18483,8.18693,2.60,1.20
2010.11.23 15:57:31.778,8.18482,8.18682,5.60,1.70
2010.11.23 15:57:31.897,8.18482,8.18682,5.60,1.70
2010.11.23 15:57:33.126,8.18477,8.18672,1.20,1.10
2010.11.23 15:57:34.249,8.18466,8.18672,1.50,2.60
2010.11.23 15:57:36.925,8.18466,8.18687,1.50,1.20
2010.11.23 15:57:37.149,8.18484,8.1869,1.20,1.10
2010.11.23 15:57:37.378,8.18483,8.18709,5.40,2.60
2010.11.23 15:57:39.362,8.18502,8.18709,1.20,2.60
2010.11.23 15:57:40.228,8.18505,8.18709,1.50,2.60
2010.11.23 15:57:42.810,8.18487,8.18709,1.20,2.40
2010.11.23 15:57:42.931,8.18475,8.18702,1.50,2.80
2010.11.23 15:57:43.697,8.18463,8.1869,1.50,2.80
2010.11.23 15:57:44.998,8.18448,8.18669,5.70,2.40
2010.11.23 15:57:45.120,8.18439,8.18662,1.50,1.20
2010.11.23 15:57:45.350,8.18396,8.18617,1.10,1.90
2010.11.23 15:57:45.802,8.18389,8.18628,1.10,2.70
2010.11.23 15:57:49.106,8.18389,8.18615,2.40,2.10
2010.11.23 15:57:52.126,8.18389,8.18587,2.40,4.50
2010.11.23 15:57:52.349,8.18331,8.18562,2.90,2.70
2010.11.23 15:57:52.797,8.18333,8.18552,1.20,2.70
2010.11.23 15:57:55.038,8.18333,8.18537,1.20,2.60
2010.11.23 15:57:57.099,8.18332,8.18537,1.20,2.60
2010.11.23 15:58:04.766,8.18311,8.18523,2.50,1.20
2010.11.23 15:58:05.193,8.18298,8.18442,1.90,1.50
2010.11.23 15:58:05.542,8.18248,8.18382,1.20,1.90
2010.11.23 15:58:05.661,8.18165,8.18382,1.10,1.90
2010.11.23 15:58:14.837,8.18165,8.18398,1.10,2.70
2010.11.23 15:58:14.959,8.18158,8.18398,1.10,2.70
2010.11.23 15:58:17.231,8.18158,8.18377,1.10,4.50
2010.11.23 15:58:17.570,8.18071,8.18298,1.10,2.70
2010.11.23 15:58:17.905,8.1805,8.18298,2.80,3.40
2010.11.23 15:58:18.028,8.18033,8.18267,1.40,1.50
2010.11.23 15:58:19.026,8.18028,8.18257,5.20,1.50
2010.11.23 15:58:19.147,8.18028,8.18257,5.70,1.50
2010.11.23 15:58:20.306,8.18033,8.1826,1.20,1.50
2010.11.23 15:58:26.957,8.18027,8.1826,5.40,2.80
2010.11.23 15:58:27.187,8.18027,8.1826,5.40,2.80
2010.11.23 15:58:31.466,8.18027,8.18249,2.40,2.70
2010.11.23 15:58:31.837,8.18018,8.18237,2.80,1.10
2010.11.23 15:58:32.339,8.17936,8.18158,1.10,1.90
2010.11.23 15:58:32.578,8.17957,8.18176,1.90,1.50
2010.11.23 15:58:37.583,8.17957,8.18176,1.90,1.50
2010.11.23 15:58:56.658,8.17916,8.18163,1.10,1.70
2010.11.23 15:58:56.903,8.17874,8.18103,1.20,2.90
2010.11.23 15:58:57.239,8.17853,8.18072,1.10,4.50
2010.11.23 15:58:57.369,8.17795,8.18043,1.20,1.50
2010.11.23 15:58:57.601,8.17793,8.18022,2.40,1.50
2010.11.23 15:58:58.458,8.17792,8.18022,5.20,1.50
2010.11.23 15:59:00.787,8.17813,8.18022,1.50,1.50
2010.11.23 15:59:00.911,8.17792,8.18022,2.40,1.50
2010.11.23 15:59:02.125,8.17768,8.18007,1.10,1.10
2010.11.23 15:59:03.019,8.17938,8.18013,4.50,2.70
2010.11.23 15:59:03.347,8.17957,8.18059,2.30,1.50
2010.11.23 15:59:03.463,8.17977,8.18142,1.90,1.50
2010.11.23 15:59:03.691,8.18033,8.18142,1.50,1.50
2010.11.23 15:59:04.028,8.18121,8.18273,1.90,1.90
2010.11.23 15:59:04.389,8.18057,8.18294,1.90,1.50
2010.11.23 15:59:05.532,8.18057,8.18295,2.20,1.50
2010.11.23 15:59:06.748,8.18138,8.18295,1.50,1.50
2010.11.23 15:59:06.871,8.18138,8.18295,1.50,1.50
2010.11.23 15:59:06.990,8.18138,8.18313,2.50,1.50
2010.11.23 15:59:07.419,8.18222,8.18407,1.90,1.70
2010.11.23 15:59:07.557,8.1818,8.18422,1.10,1.20
2010.11.23 15:59:09.324,8.1818,8.18402,1.10,3.10
2010.11.23 15:59:10.032,8.18178,8.18402,5.70,2.60
2010.11.23 15:59:11.607,8.18196,8.18382,1.20,1.20
2010.11.23 15:59:14.527,8.18158,8.18357,2.60,1.90
2010.11.23 15:59:14.798,8.18137,8.18357,1.50,2.70
2010.11.23 15:59:14.924,8.18158,8.18353,2.30,1.20
2010.11.23 15:59:15.272,8.18182,8.18373,1.90,1.10
2010.11.23 15:59:15.393,8.18128,8.18331,1.50,1.50
2010.11.23 15:59:15.618,8.18073,8.18321,3.30,1.50
2010.11.23 15:59:17.046,8.18073,8.183,2.90,2.70
2010.11.23 15:59:18.021,8.18071,8.18298,2.80,2.60
2010.11.23 15:59:19.355,8.18073,8.18272,1.40,1.20
2010.11.23 15:59:20.157,8.18071,8.18276,1.10,2.60
2010.11.23 15:59:21.079,8.1805,8.18276,1.10,2.60
2010.11.23 15:59:22.060,8.1805,8.18276,1.10,2.60
2010.11.23 15:59:23.052,8.1805,8.18222,1.10,1.20
2010.11.23 15:59:31.722,8.18073,8.18222,1.10,1.20
2010.11.23 15:59:32.059,8.18073,8.18278,1.10,5.10
2010.11.23 15:59:32.189,8.18081,8.18278,1.10,5.10
2010.11.23 15:59:32.982,8.18063,8.1827,2.70,4.70
2010.11.23 15:59:33.221,8.18072,8.18223,1.90,1.50
2010.11.23 15:59:33.562,8.18072,8.18216,1.90,1.50
2010.11.23 15:59:33.685,8.18005,8.18203,1.10,2.70
2010.11.23 15:59:34.048,8.18005,8.18193,1.10,2.10
2010.11.23 15:59:35.101,8.18005,8.18193,1.10,2.60
2010.11.23 15:59:35.689,8.18016,8.18193,1.80,2.60
2010.11.23 15:59:35.923,8.17949,8.18176,1.10,2.60
2010.11.23 15:59:36.459,8.18023,8.18208,2.20,1.10
2010.11.23 15:59:36.581,8.18023,8.18208,1.90,1.10
2010.11.23 15:59:36.702,8.17999,8.18208,1.10,1.10
2010.11.23 15:59:37.247,8.18018,8.1823,2.20,2.60
2010.11.23 15:59:37.667,8.18028,8.1823,1.90,2.70
2010.11.23 15:59:37.785,8.18028,8.18233,2.20,1.20
2010.11.23 15:59:40.173,8.18038,8.18263,1.20,1.50
2010.11.23 15:59:40.290,8.18098,8.18263,1.90,1.50
2010.11.23 15:59:40.410,8.18098,8.18302,2.20,1.20
2010.11.23 15:59:40.953,8.18093,8.18303,2.20,1.20
2010.11.23 15:59:41.312,8.18094,8.18303,1.10,1.20
2010.11.23 15:59:41.677,8.18097,8.18342,5.70,1.50
2010.11.23 15:59:41.789,8.18198,8.18342,6.80,1.50
2010.11.23 15:59:42.474,8.18212,8.18353,1.10,2.90
2010.11.23 15:59:42.597,8.18175,8.18315,1.50,1.50
2010.11.23 15:59:42.713,8.18086,8.18302,1.30,1.90
2010.11.23 15:59:42.828,8.18147,8.18329,1.90,1.50
2010.11.23 15:59:42.952,8.18147,8.18366,1.90,1.60
2010.11.23 15:59:43.352,8.18126,8.18362,1.10,2.70
2010.11.23 15:59:43.474,8.1814,8.18362,1.10,2.10
2010.11.23 15:59:44.224,8.18163,8.18362,1.10,1.90
2010.11.23 15:59:44.340,8.18163,8.18389,3.00,2.40
2010.11.23 15:59:44.718,8.18163,8.18342,3.00,4.50
2010.11.23 15:59:44.958,8.18141,8.18303,1.90,1.50
2010.11.23 15:59:45.248,8.18078,8.18302,1.80,1.50
2010.11.23 15:59:45.380,8.18078,8.18302,1.80,3.40
2010.11.23 15:59:46.016,8.18068,8.18302,2.40,2.70
2010.11.23 15:59:46.241,8.18059,8.18302,2.80,2.70
2010.11.23 15:59:46.687,8.18063,8.18292,1.30,1.20
2010.11.23 15:59:48.597,8.18151,8.18372,1.10,2.40
2010.11.23 15:59:48.708,8.18171,8.18378,1.30,2.70
2010.11.23 15:59:48.830,8.1819,8.18416,1.10,2.60
2010.11.23 15:59:49.691,8.18182,8.18402,5.40,1.20
2010.11.23 15:59:49.836,8.18178,8.18399,5.70,2.70
2010.11.23 15:59:50.504,8.18198,8.18402,2.20,1.20
2010.11.23 15:59:51.373,8.18182,8.18403,1.40,1.20
2010.11.23 15:59:53.169,8.18179,8.18405,2.80,2.60
2010.11.23 15:59:53.501,8.18212,8.18405,1.90,2.60
2010.11.23 15:59:53.923,8.18217,8.18421,1.10,2.60
2010.11.23 15:59:56.167,8.18217,8.18438,2.60,2.60
2010.11.23 15:59:58.456,8.18194,8.18403,1.10,2.70
2010.11.23 15:59:58.584,8.18172,8.18402,1.20,1.50
