2014.04.17 17:00:02.599,8.27241,8.27442,2.10,1.88
2014.04.17 17:00:02.700,8.27264,8.27442,1.19,1.88
2014.04.17 17:00:03.734,8.27267,8.27442,1.79,1.88
2014.04.17 17:00:11.659,8.27266,8.27442,1.79,1.88
2014.04.17 17:00:12.995,8.27265,8.27442,1.79,1.88
2014.04.17 17:00:13.298,8.27176,8.27352,1.00,2.25
2014.04.17 17:00:13.349,8.27154,8.27352,1.00,2.25
2014.04.17 17:00:13.400,8.27154,8.27352,1.00,1.88
2014.04.17 17:00:13.635,8.27101,8.27352,2.43,1.88
2014.04.17 17:00:13.686,8.27101,8.27343,1.93,1.88
2014.04.17 17:00:14.676,8.27108,8.27352,1.46,1.88
2014.04.17 17:00:25.685,8.27107,8.27352,1.40,1.88
2014.04.17 17:00:26.242,8.27101,8.27352,1.79,1.88
2014.04.17 17:00:40.639,8.27117,8.27352,1.25,1.88
2014.04.17 17:00:45.639,8.27107,8.27349,1.39,2.10
2014.04.17 17:00:45.942,8.27108,8.27253,1.52,1.88
2014.04.17 17:00:47.862,8.27108,8.27253,1.70,1.88
2014.04.17 17:00:54.185,8.27108,8.27253,1.70,1.88
2014.04.17 17:00:55.193,8.27108,8.27253,1.70,1.88
2014.04.17 17:00:58.111,8.27108,8.27253,1.70,1.88
2014.04.17 17:01:02.480,8.27108,8.27253,1.70,1.88
2014.04.17 17:01:04.246,8.27108,8.27253,1.70,1.88
2014.04.17 17:01:05.252,8.27108,8.27253,1.70,1.88
2014.04.17 17:01:05.715,8.27108,8.27262,1.70,1.88
2014.04.17 17:01:06.860,8.27108,8.27262,1.70,1.88
2014.04.17 17:01:12.085,8.27108,8.27262,1.70,1.88
2014.04.17 17:01:15.201,8.27108,8.27262,1.70,1.88
2014.04.17 17:01:20.625,8.27108,8.27262,1.70,1.88
2014.04.17 17:01:28.554,8.27108,8.27262,2.12,1.88
2014.04.17 17:01:34.924,8.27108,8.27262,1.70,1.88
2014.04.17 17:01:35.126,8.27108,8.272,1.70,1.88
2014.04.17 17:01:35.177,8.27092,8.2718,1.00,3.38
2014.04.17 17:01:35.278,8.26905,8.27142,1.00,1.88
2014.04.17 17:01:35.482,8.26901,8.27142,1.00,1.88
2014.04.17 17:01:35.987,8.26901,8.27143,1.00,1.88
2014.04.17 17:01:36.189,8.26887,8.27143,1.00,1.88
2014.04.17 17:01:37.154,8.26887,8.27133,1.00,1.88
2014.04.17 17:01:37.205,8.26872,8.27133,1.00,1.88
2014.04.17 17:01:37.728,8.26871,8.27133,1.00,1.88
2014.04.17 17:01:38.114,8.26871,8.27142,1.00,1.88
2014.04.17 17:01:38.935,8.26872,8.27142,1.00,1.88
2014.04.17 17:01:40.218,8.26872,8.27143,1.00,1.88
2014.04.17 17:01:40.814,8.26872,8.27142,1.00,1.88
2014.04.17 17:01:41.033,8.26878,8.27142,1.00,1.88
2014.04.17 17:01:41.464,8.26872,8.27142,1.00,1.88
2014.04.17 17:01:41.687,8.26874,8.27143,1.00,1.88
2014.04.17 17:01:42.005,8.26879,8.27142,1.00,1.88
2014.04.17 17:01:42.511,8.26878,8.27142,1.00,1.88
2014.04.17 17:01:42.894,8.26872,8.27142,1.50,1.88
2014.04.17 17:01:43.174,8.26874,8.27143,1.00,1.88
2014.04.17 17:01:43.486,8.26893,8.27143,1.00,1.88
2014.04.17 17:01:44.383,8.26897,8.27132,1.00,1.88
2014.04.17 17:01:45.396,8.26908,8.27132,1.00,1.88
2014.04.17 17:01:45.903,8.26908,8.27143,1.00,1.88
2014.04.17 17:01:45.954,8.26893,8.27143,1.00,1.88
2014.04.17 17:01:46.156,8.26893,8.27133,1.00,1.88
2014.04.17 17:01:47.113,8.26893,8.27143,1.00,1.88
2014.04.17 17:01:47.164,8.26888,8.27143,1.00,1.88
2014.04.17 17:01:47.469,8.26888,8.27132,1.00,1.88
2014.04.17 17:01:47.790,8.26897,8.27133,1.00,1.88
2014.04.17 17:01:48.343,8.26918,8.27133,1.00,1.88
2014.04.17 17:01:48.666,8.26887,8.27133,1.00,1.88
2014.04.17 17:01:55.135,8.26916,8.27133,1.00,1.88
2014.04.17 17:01:55.438,8.26918,8.27123,1.00,1.88
2014.04.17 17:01:55.603,8.26914,8.27123,1.00,1.88
2014.04.17 17:01:55.705,8.26914,8.27112,1.00,1.88
2014.04.17 17:01:56.657,8.26922,8.27112,1.00,1.88
2014.04.17 17:01:56.707,8.26922,8.27132,1.00,1.88
2014.04.17 17:01:58.875,8.26929,8.27142,1.00,1.88
2014.04.17 17:01:59.695,8.26935,8.27142,1.00,1.88
2014.04.17 17:02:00.018,8.26938,8.27142,1.00,1.88
2014.04.17 17:02:00.694,8.2694,8.27142,1.00,1.88
2014.04.17 17:02:00.905,8.26931,8.27143,1.00,1.88
2014.04.17 17:02:01.006,8.26929,8.27143,1.00,1.88
2014.04.17 17:02:01.259,8.26935,8.27142,1.00,1.88
2014.04.17 17:02:01.662,8.2694,8.27143,1.00,1.88
2014.04.17 17:02:02.384,8.26931,8.27143,1.00,1.88
2014.04.17 17:02:02.687,8.26935,8.27143,1.00,1.88
2014.04.17 17:02:03.014,8.26938,8.27142,1.00,1.88
2014.04.17 17:02:03.924,8.2693,8.27142,1.00,1.88
2014.04.17 17:02:04.227,8.26934,8.27143,1.00,1.88
2014.04.17 17:02:04.530,8.26939,8.27143,1.00,1.88
2014.04.17 17:02:05.366,8.26939,8.27173,1.00,1.88
2014.04.17 17:02:05.468,8.26965,8.27173,1.00,1.88
2014.04.17 17:02:05.771,8.26971,8.27173,1.00,1.88
2014.04.17 17:02:08.662,8.26972,8.27173,1.00,1.88
2014.04.17 17:02:21.047,8.27098,8.27173,1.00,1.88
2014.04.17 17:02:23.404,8.27098,8.27202,1.00,1.88
2014.04.17 17:02:23.607,8.27098,8.27213,1.00,1.88
2014.04.17 17:02:23.810,8.2705,8.27213,1.19,1.88
2014.04.17 17:02:27.326,8.27062,8.27213,1.19,1.88
2014.04.17 17:02:27.813,8.27062,8.27196,1.19,2.10
2014.04.17 17:02:27.914,8.26999,8.27113,1.00,1.88
2014.04.17 17:02:27.965,8.26978,8.27113,1.00,1.88
2014.04.17 17:02:28.066,8.26978,8.27113,1.60,1.88
2014.04.17 17:02:28.117,8.26978,8.27202,1.60,2.63
2014.04.17 17:02:28.168,8.27001,8.27202,1.00,1.88
2014.04.17 17:02:28.471,8.27027,8.27202,1.19,1.88
2014.04.17 17:02:29.438,8.27027,8.27212,1.19,1.88
2014.04.17 17:02:29.540,8.27044,8.27212,1.19,1.88
2014.04.17 17:02:31.134,8.27005,8.27195,1.00,2.10
2014.04.17 17:02:31.185,8.26977,8.27195,1.00,2.10
2014.04.17 17:02:31.236,8.26977,8.27112,1.00,1.88
2014.04.17 17:02:31.388,8.26968,8.27112,1.00,1.88
2014.04.17 17:02:31.438,8.26968,8.27103,1.25,1.88
2014.04.17 17:02:31.774,8.26968,8.27103,1.85,1.88
2014.04.17 17:02:31.876,8.26958,8.27182,1.79,1.19
2014.04.17 17:02:31.927,8.26991,8.27182,1.00,1.19
2014.04.17 17:02:31.978,8.26991,8.27192,1.00,1.50
2014.04.17 17:02:32.028,8.27011,8.27202,1.19,1.88
2014.04.17 17:02:32.130,8.26994,8.27202,1.00,1.88
2014.04.17 17:02:33.143,8.27032,8.27202,1.19,1.88
2014.04.17 17:02:34.336,8.27049,8.27202,1.19,1.88
2014.04.17 17:02:40.589,8.27065,8.27202,1.19,1.88
2014.04.17 17:02:41.629,8.27065,8.27315,1.19,1.54
2014.04.17 17:02:42.279,8.27067,8.27316,1.19,1.79
2014.04.17 17:02:42.431,8.27055,8.27303,1.19,1.19
2014.04.17 17:02:42.829,8.27039,8.27287,1.19,1.19
2014.04.17 17:02:46.859,8.27037,8.27285,1.19,1.19
2014.04.17 17:02:50.053,8.27037,8.27283,1.19,1.19
2014.04.17 17:02:51.742,8.27039,8.27287,1.19,1.19
2014.04.17 17:02:54.862,8.27051,8.27297,1.79,1.19
2014.04.17 17:02:58.177,8.2705,8.27296,1.79,1.19
2014.04.17 17:03:00.142,8.27048,8.27296,1.79,1.19
2014.04.17 17:03:01.703,8.27047,8.27295,1.79,1.19
2014.04.17 17:03:06.129,8.27055,8.27301,1.19,1.19
2014.04.17 17:03:10.583,8.27049,8.27295,1.79,1.19
2014.04.17 17:03:12.372,8.27053,8.27301,1.19,1.19
2014.04.17 17:03:13.420,8.27066,8.27314,1.79,1.79
2014.04.17 17:03:16.703,8.27069,8.27315,1.79,1.79
2014.04.17 17:03:17.700,8.27069,8.27317,1.79,1.79
2014.04.17 17:03:22.222,8.27063,8.27309,1.79,1.19
2014.04.17 17:03:26.436,8.2707,8.27318,1.79,1.79
2014.04.17 17:03:28.965,8.27076,8.27322,1.79,1.79
2014.04.17 17:03:40.694,8.27067,8.27313,1.79,1.54
2014.04.17 17:03:42.249,8.27061,8.27309,1.79,1.19
2014.04.17 17:03:48.589,8.2707,8.27318,1.79,1.79
2014.04.17 17:03:49.556,8.27067,8.27313,1.79,1.54
2014.04.17 17:03:58.179,8.27061,8.27309,1.79,1.19
2014.04.17 17:03:59.697,8.27067,8.27313,1.79,1.54
2014.04.17 17:04:03.832,8.27063,8.27309,1.79,1.19
2014.04.17 17:04:08.207,8.27063,8.27311,1.79,1.19
2014.04.17 17:04:09.213,8.27062,8.2731,1.79,1.19
2014.04.17 17:04:10.723,8.27068,8.27314,1.79,1.79
2014.04.17 17:04:14.042,8.27072,8.27318,1.79,1.54
2014.04.17 17:04:18.589,8.27067,8.27315,1.79,1.79
2014.04.17 17:04:20.680,8.27065,8.27311,1.79,1.19
2014.04.17 17:04:24.222,8.27063,8.27311,1.79,1.19
2014.04.17 17:04:31.749,8.27058,8.27305,2.29,1.19
2014.04.17 17:04:33.142,8.27061,8.27307,1.79,1.19
2014.04.17 17:04:35.886,8.27058,8.27301,2.29,1.19
2014.04.17 17:04:37.389,8.27058,8.27299,2.29,1.19
2014.04.17 17:04:39.336,8.27058,8.27297,2.29,1.19
2014.04.17 17:04:56.565,8.27058,8.27295,2.29,1.19
2014.04.17 17:05:00.230,8.27058,8.27332,2.10,2.10
2014.04.17 17:05:00.936,8.27058,8.27295,2.29,1.19
2014.04.17 17:05:19.230,8.27057,8.27333,2.85,2.10
2014.04.17 17:05:19.534,8.27058,8.27296,1.79,1.19
2014.04.17 17:05:29.197,8.27058,8.27333,1.60,2.10
2014.04.17 17:05:29.262,8.27058,8.27295,1.79,1.19
2014.04.17 17:05:33.889,8.27068,8.27316,1.79,1.79
2014.04.17 17:05:34.889,8.27072,8.27318,1.79,1.54
2014.04.17 17:05:46.437,8.27065,8.27313,1.79,1.19
2014.04.17 17:05:53.390,8.27062,8.27296,2.29,1.19
2014.04.17 17:05:54.062,8.27048,8.27248,1.19,2.10
2014.04.17 17:05:54.978,8.27034,8.27248,1.23,2.10
2014.04.17 17:05:55.282,8.27034,8.27208,1.23,2.10
2014.04.17 17:05:55.383,8.27028,8.27208,2.11,2.10
2014.04.17 17:05:55.894,8.27017,8.27208,1.84,2.29
2014.04.17 17:05:56.497,8.26986,8.27208,1.19,2.29
2014.04.17 17:05:57.501,8.26977,8.27208,1.19,2.29
2014.04.17 17:06:00.622,8.26986,8.272,1.19,1.05
2014.04.17 17:06:04.821,8.26977,8.27208,1.00,2.10
2014.04.17 17:06:06.268,8.26977,8.27079,1.00,2.10
2014.04.17 17:06:06.320,8.2695,8.27075,1.00,2.10
2014.04.17 17:06:06.472,8.26919,8.27074,1.00,2.10
2014.04.17 17:06:06.523,8.26937,8.27074,1.00,2.10
2014.04.17 17:06:06.624,8.26927,8.27112,1.00,2.29
2014.04.17 17:06:08.643,8.26927,8.27112,1.00,2.29
2014.04.17 17:06:09.889,8.26948,8.27122,1.88,1.19
2014.04.17 17:06:09.990,8.26967,8.27172,1.00,1.00
2014.04.17 17:06:10.041,8.26967,8.27256,1.00,2.10
2014.04.17 17:06:10.142,8.26967,8.27252,1.00,2.10
2014.04.17 17:06:11.158,8.26994,8.27242,1.19,1.19
2014.04.17 17:06:12.272,8.27009,8.27257,1.19,1.79
2014.04.17 17:06:12.600,8.27009,8.27216,1.19,2.10
2014.04.17 17:06:17.688,8.27,8.27216,1.19,2.10
2014.04.17 17:06:19.497,8.27,8.27216,1.19,2.29
2014.04.17 17:06:20.206,8.27,8.27216,1.69,2.29
2014.04.17 17:06:21.606,8.27,8.27216,1.19,2.29
2014.04.17 17:06:26.122,8.27012,8.27216,1.19,2.10
2014.04.17 17:06:27.529,8.27015,8.27216,1.19,2.10
2014.04.17 17:06:27.831,8.27,8.27216,1.19,2.29
2014.04.17 17:06:29.537,8.27,8.27216,1.19,2.29
2014.04.17 17:06:31.489,8.27005,8.27223,1.19,2.10
2014.04.17 17:06:31.792,8.27,8.27216,1.19,2.29
2014.04.17 17:06:32.853,8.27,8.27216,1.19,2.29
2014.04.17 17:06:35.359,8.27,8.27216,1.19,2.29
2014.04.17 17:06:38.572,8.27,8.27216,1.25,3.04
2014.04.17 17:06:41.210,8.27,8.27216,1.19,2.29
2014.04.17 17:06:41.419,8.27009,8.27222,1.19,2.10
2014.04.17 17:06:41.728,8.27,8.27217,1.19,2.29
2014.04.17 17:06:46.601,8.27,8.27217,1.00,2.10
2014.04.17 17:06:46.870,8.27,8.27301,1.00,2.10
2014.04.17 17:06:46.971,8.27038,8.27301,1.00,2.10
2014.04.17 17:06:47.439,8.27039,8.27287,1.19,1.19
2014.04.17 17:06:49.121,8.27047,8.27293,1.19,1.79
2014.04.17 17:06:49.630,8.27083,8.27331,1.19,1.19
2014.04.17 17:06:50.667,8.27104,8.27354,1.19,1.19
2014.04.17 17:06:50.769,8.27067,8.27406,1.00,2.10
2014.04.17 17:06:50.870,8.27067,8.2741,1.00,2.10
2014.04.17 17:06:51.036,8.27067,8.27388,1.00,2.10
2014.04.17 17:06:51.366,8.27109,8.27361,1.19,1.19
2014.04.17 17:06:52.250,8.27103,8.27352,1.19,1.19
2014.04.17 17:06:53.154,8.27127,8.27373,1.19,1.19
2014.04.17 17:06:53.255,8.27142,8.27395,1.19,1.19
2014.04.17 17:06:54.862,8.27128,8.27405,1.00,2.10
2014.04.17 17:06:55.128,8.27127,8.27409,1.00,2.10
2014.04.17 17:06:55.347,8.27127,8.27413,1.00,2.10
2014.04.17 17:06:56.549,8.27127,8.27417,1.00,2.10
2014.04.17 17:06:56.903,8.27127,8.2742,1.00,2.10
2014.04.17 17:06:57.400,8.27146,8.27397,1.19,1.19
2014.04.17 17:06:59.219,8.27127,8.27405,1.00,2.10
2014.04.17 17:06:59.320,8.27127,8.2741,1.00,2.10
2014.04.17 17:06:59.637,8.27127,8.27413,1.00,2.10
2014.04.17 17:06:59.878,8.27127,8.27388,1.00,2.10
2014.04.17 17:07:00.199,8.27128,8.27374,1.19,1.79
2014.04.17 17:07:00.696,8.27113,8.27362,1.19,1.79
2014.04.17 17:07:01.199,8.27097,8.27414,1.00,2.10
2014.04.17 17:07:01.250,8.27131,8.27414,1.00,2.10
2014.04.17 17:07:02.037,8.27131,8.27406,1.00,2.10
2014.04.17 17:07:02.393,8.27131,8.2741,1.00,2.10
2014.04.17 17:07:02.607,8.27131,8.27413,1.00,2.10
2014.04.17 17:07:03.576,8.27131,8.27407,1.00,2.10
2014.04.17 17:07:03.829,8.27131,8.2741,1.00,2.10
2014.04.17 17:07:04.147,8.27131,8.27413,1.00,2.10
2014.04.17 17:07:05.116,8.27131,8.27406,1.00,2.10
2014.04.17 17:07:05.340,8.27131,8.27409,1.00,2.10
2014.04.17 17:07:05.593,8.27131,8.27414,1.00,2.10
2014.04.17 17:07:06.766,8.27131,8.27417,1.00,2.10
2014.04.17 17:07:07.096,8.27131,8.27421,1.00,2.10
2014.04.17 17:07:08.306,8.27131,8.27423,1.00,2.10
2014.04.17 17:07:08.559,8.27131,8.27428,1.00,2.10
2014.04.17 17:07:08.610,8.27153,8.27402,1.19,1.19
2014.04.17 17:07:09.618,8.27138,8.27428,1.00,2.10
2014.04.17 17:07:09.669,8.27138,8.27405,1.00,2.10
2014.04.17 17:07:09.719,8.27131,8.27405,1.00,2.10
2014.04.17 17:07:09.871,8.27131,8.2741,1.00,2.10
2014.04.17 17:07:10.087,8.27131,8.27414,1.00,2.10
2014.04.17 17:07:11.077,8.27131,8.27406,1.00,2.10
2014.04.17 17:07:11.327,8.27131,8.27409,1.00,2.10
2014.04.17 17:07:11.628,8.27131,8.27414,1.00,2.10
2014.04.17 17:07:12.617,8.27131,8.27407,1.00,2.10
2014.04.17 17:07:12.840,8.27131,8.2741,1.00,2.10
2014.04.17 17:07:13.070,8.27131,8.27414,1.00,2.10
2014.04.17 17:07:14.077,8.27131,8.27406,1.00,2.10
2014.04.17 17:07:15.306,8.27087,8.27406,1.00,2.10
2014.04.17 17:07:22.849,8.27087,8.27342,1.00,2.10
2014.04.17 17:07:22.900,8.27077,8.27342,1.00,2.10
2014.04.17 17:07:23.055,8.27025,8.27342,1.00,2.10
2014.04.17 17:07:23.319,8.26985,8.27342,1.00,2.10
2014.04.17 17:07:23.836,8.26974,8.2727,1.00,2.10
2014.04.17 17:07:24.038,8.2692,8.27264,2.13,2.10
2014.04.17 17:07:24.089,8.26882,8.27264,1.00,2.10
2014.04.17 17:07:24.392,8.26901,8.27274,1.00,2.10
2014.04.17 17:07:24.661,8.26901,8.27278,1.00,2.10
2014.04.17 17:07:24.762,8.26899,8.27278,1.00,2.10
2014.04.17 17:07:24.863,8.26911,8.27278,1.00,2.10
2014.04.17 17:07:25.398,8.26911,8.2728,1.00,2.10
2014.04.17 17:07:25.600,8.26911,8.27285,1.00,2.10
2014.04.17 17:07:25.758,8.26925,8.27285,1.00,2.10
2014.04.17 17:07:26.083,8.26925,8.27271,1.00,2.10
2014.04.17 17:07:26.497,8.26925,8.27264,1.00,2.10
2014.04.17 17:07:32.287,8.26925,8.27312,1.00,2.10
2014.04.17 17:08:21.565,8.26926,8.27312,1.00,2.10
2014.04.17 17:08:29.203,8.2693,8.27312,1.00,2.10
2014.04.17 17:08:29.355,8.26926,8.27312,1.00,2.10
2014.04.17 17:08:36.435,8.26926,8.27313,1.00,2.10
2014.04.17 17:09:06.718,8.26926,8.2731,1.00,1.60
2014.04.17 17:09:07.129,8.26929,8.27314,1.00,2.10
2014.04.17 17:09:08.014,8.26926,8.27314,1.00,2.10
2014.04.17 17:09:14.734,8.26919,8.27314,1.00,2.10
2014.04.17 17:09:17.084,8.26931,8.27314,1.00,2.10
2014.04.17 17:09:18.312,8.26916,8.27314,1.00,2.10
2014.04.17 17:09:37.187,8.26928,8.27314,1.00,2.10
2014.04.17 17:09:37.598,8.26915,8.27313,1.00,1.60
2014.04.17 17:09:38.698,8.26929,8.27313,1.00,1.60
2014.04.17 17:10:09.496,8.26929,8.27313,1.00,2.10
2014.04.17 17:10:18.822,8.26922,8.27313,1.00,2.10
2014.04.17 17:10:24.187,8.26934,8.27313,1.00,2.10
2014.04.17 17:10:25.170,8.26916,8.27313,1.00,2.10
2014.04.17 17:10:45.605,8.26922,8.27312,1.00,1.60
2014.04.17 17:10:53.224,8.26934,8.27313,1.00,2.10
2014.04.17 17:10:53.746,8.2692,8.27313,1.00,2.10
2014.04.17 17:11:03.146,8.26934,8.27313,1.00,2.10
2014.04.17 17:11:14.096,8.26952,8.27313,1.00,2.10
2014.04.17 17:11:15.461,8.26952,8.27314,1.00,2.10
2014.04.17 17:12:45.169,8.27086,8.27314,2.57,2.10
2014.04.17 17:12:45.271,8.2702,8.27314,1.00,2.10
2014.04.17 17:12:45.373,8.26973,8.27314,1.00,2.10
2014.04.17 17:12:45.481,8.26952,8.27314,1.00,2.10
2014.04.17 17:12:49.383,8.26952,8.27313,1.00,2.10
2014.04.17 17:12:51.601,8.26952,8.27316,1.00,2.10
2014.04.17 17:12:51.805,8.26952,8.27321,1.00,2.10
2014.04.17 17:13:16.063,8.27022,8.27321,1.00,2.10
2014.04.17 17:13:21.986,8.27022,8.2732,1.00,2.10
2014.04.17 17:13:51.883,8.27022,8.27362,1.00,1.00
2014.04.17 17:13:51.934,8.27061,8.27406,1.00,2.10
2014.04.17 17:13:52.294,8.27143,8.27407,1.00,2.10
2014.04.17 17:14:02.123,8.27098,8.27297,1.00,2.10
2014.04.17 17:14:02.174,8.27094,8.27297,1.00,2.10
2014.04.17 17:14:02.276,8.2705,8.27297,1.00,2.10
2014.04.17 17:14:02.377,8.2705,8.27309,1.00,2.10
2014.04.17 17:14:02.478,8.27019,8.27309,1.09,2.10
2014.04.17 17:14:02.529,8.27008,8.27309,1.00,2.10
2014.04.17 17:14:02.579,8.27009,8.27313,1.00,2.10
2014.04.17 17:14:02.933,8.26991,8.27313,1.00,2.10
2014.04.17 17:14:12.561,8.26991,8.27337,1.00,1.00
2014.04.17 17:14:12.663,8.26991,8.27356,1.00,1.00
2014.04.17 17:14:12.714,8.27066,8.27392,1.00,1.00
2014.04.17 17:14:13.017,8.27173,8.27396,1.25,1.19
2014.04.17 17:14:14.963,8.27173,8.27371,1.00,1.19
2014.04.17 17:14:15.664,8.27173,8.27399,1.19,1.19
2014.04.17 17:14:21.702,8.27173,8.27428,1.00,2.10
2014.04.17 17:14:22.819,8.27173,8.27431,1.00,2.10
2014.04.17 17:14:22.920,8.27173,8.274,1.19,1.19
2014.04.17 17:14:24.349,8.27173,8.27318,1.19,1.08
2014.04.17 17:14:24.653,8.27173,8.27293,1.00,1.00
2014.04.17 17:14:24.982,8.27173,8.27292,1.00,1.56
2014.04.17 17:14:25.386,8.27173,8.27293,1.00,1.00
2014.04.17 17:14:25.487,8.27173,8.27308,1.00,1.00
2014.04.17 17:14:25.538,8.27173,8.27384,1.00,1.00
2014.04.17 17:14:25.639,8.27173,8.27427,1.00,2.10
2014.04.17 17:14:25.902,8.27173,8.27431,1.00,2.10
2014.04.17 17:14:26.111,8.27173,8.27436,1.00,2.10
2014.04.17 17:14:26.621,8.27173,8.27401,1.19,1.19
2014.04.17 17:14:28.273,8.27173,8.27409,1.19,1.19
2014.04.17 17:14:28.476,8.27173,8.27399,1.19,1.19
2014.04.17 17:14:29.771,8.27173,8.27404,1.19,1.19
2014.04.17 17:14:31.882,8.27173,8.27403,1.19,1.19
2014.04.17 17:14:32.878,8.27173,8.27397,1.19,1.19
2014.04.17 17:14:33.992,8.27173,8.27396,1.19,1.19
2014.04.17 17:14:35.199,8.27173,8.27428,1.00,2.10
2014.04.17 17:14:36.302,8.27173,8.27382,1.00,1.19
2014.04.17 17:14:38.419,8.27173,8.27428,1.00,2.10
2014.04.17 17:14:58.410,8.27176,8.27428,1.00,2.10
2014.04.17 17:14:58.723,8.27173,8.27428,1.00,2.10
2014.04.17 17:14:59.128,8.2721,8.27532,1.00,1.60
2014.04.17 17:14:59.330,8.2721,8.27549,1.00,2.10
2014.04.17 17:14:59.431,8.27272,8.27549,1.00,2.10
2014.04.17 17:15:00.097,8.27272,8.27573,1.00,1.00
2014.04.17 17:15:00.148,8.27272,8.27595,1.00,1.00
2014.04.17 17:15:00.300,8.27272,8.27595,1.00,1.60
2014.04.17 17:15:00.654,8.27272,8.2759,1.00,1.60
2014.04.17 17:15:01.056,8.27272,8.27567,1.00,1.00
2014.04.17 17:15:01.107,8.27223,8.27567,1.52,1.00
2014.04.17 17:15:01.158,8.27214,8.27568,1.00,1.00
2014.04.17 17:15:01.310,8.27214,8.27551,1.00,1.00
2014.04.17 17:15:01.728,8.27214,8.27539,1.00,1.00
2014.04.17 17:15:02.701,8.27214,8.27528,1.00,1.00
2014.04.17 17:15:03.206,8.27179,8.27528,1.00,1.00
2014.04.17 17:15:03.327,8.27179,8.27517,1.00,1.00
2014.04.17 17:15:04.334,8.27179,8.27538,1.00,1.00
2014.04.17 17:15:06.899,8.27166,8.27538,1.00,1.00
2014.04.17 17:15:07.324,8.27151,8.27538,1.00,1.00
2014.04.17 17:15:07.769,8.27151,8.27538,1.00,1.60
2014.04.17 17:15:08.072,8.27151,8.27519,1.00,1.00
2014.04.17 17:15:08.396,8.27151,8.27519,1.00,1.60
2014.04.17 17:15:08.700,8.27151,8.27519,1.00,1.60
2014.04.17 17:15:09.089,8.27139,8.27519,1.00,1.60
2014.04.17 17:15:09.580,8.27139,8.27519,1.00,1.60
2014.04.17 17:15:09.900,8.27139,8.27519,1.00,1.60
2014.04.17 17:15:10.209,8.27139,8.27508,1.00,1.60
2014.04.17 17:15:11.099,8.27139,8.27508,1.00,1.00
2014.04.17 17:15:11.150,8.27129,8.27508,1.00,1.00
2014.04.17 17:15:11.251,8.27141,8.27508,1.00,1.00
2014.04.17 17:15:11.630,8.27141,8.27415,1.00,2.10
2014.04.17 17:15:11.782,8.27086,8.27415,1.00,2.10
2014.04.17 17:15:11.934,8.27058,8.27415,1.88,2.10
2014.04.17 17:15:12.071,8.27058,8.27406,1.88,2.10
2014.04.17 17:15:13.075,8.27058,8.27398,1.88,2.10
2014.04.17 17:15:13.411,8.27058,8.27391,1.88,2.10
2014.04.17 17:15:14.410,8.27058,8.27406,1.88,2.10
2014.04.17 17:15:14.612,8.27057,8.27399,1.88,2.10
2014.04.17 17:15:14.919,8.27058,8.2739,1.88,2.10
2014.04.17 17:15:15.799,8.27058,8.27406,1.88,2.10
2014.04.17 17:15:16.062,8.27058,8.27398,1.88,2.10
2014.04.17 17:15:16.371,8.27057,8.2739,1.88,2.10
2014.04.17 17:15:17.389,8.27057,8.27405,1.88,2.10
2014.04.17 17:15:17.592,8.27057,8.27399,1.88,2.10
2014.04.17 17:15:17.894,8.27058,8.2739,1.88,2.10
2014.04.17 17:15:18.769,8.27058,8.27405,1.88,2.10
2014.04.17 17:15:19.123,8.27057,8.27398,1.88,2.10
2014.04.17 17:15:19.462,8.27058,8.2739,1.88,2.10
2014.04.17 17:15:20.309,8.27058,8.27406,1.88,2.10
2014.04.17 17:15:20.562,8.27058,8.27399,1.88,2.10
2014.04.17 17:15:20.896,8.27057,8.27391,1.88,2.10
2014.04.17 17:15:21.886,8.27057,8.27406,1.88,2.10
2014.04.17 17:15:22.088,8.27057,8.27398,1.88,2.10
2014.04.17 17:15:22.391,8.27058,8.2739,1.88,2.10
2014.04.17 17:15:23.285,8.27058,8.27405,1.88,2.10
2014.04.17 17:15:23.652,8.27058,8.27399,1.88,2.10
2014.04.17 17:15:23.981,8.27057,8.27391,1.88,2.10
2014.04.17 17:15:24.819,8.27057,8.27405,1.88,2.10
2014.04.17 17:15:25.080,8.27058,8.27398,1.88,2.10
2014.04.17 17:15:25.383,8.27058,8.27391,1.88,2.10
2014.04.17 17:15:26.397,8.27057,8.27405,1.88,2.10
2014.04.17 17:15:26.579,8.27057,8.27399,1.88,2.10
2014.04.17 17:15:26.900,8.27058,8.2739,1.88,2.10
2014.04.17 17:15:27.789,8.27058,8.27406,1.88,2.10
2014.04.17 17:15:35.512,8.27061,8.27406,1.00,2.10
2014.04.17 17:15:55.507,8.27059,8.27406,1.00,2.10
2014.04.17 17:16:36.557,8.27061,8.27406,1.00,2.10
2014.04.17 17:16:37.747,8.27061,8.27404,1.00,2.10
2014.04.17 17:16:56.793,8.2706,8.27404,1.00,2.10
2014.04.17 17:17:16.858,8.27061,8.27396,1.00,1.60
2014.04.17 17:17:17.588,8.27061,8.27396,1.60,1.00
2014.04.17 17:17:17.914,8.27148,8.27444,1.88,2.10
2014.04.17 17:17:19.708,8.27265,8.27444,1.00,2.10
2014.04.17 17:17:25.074,8.27265,8.27375,1.00,1.19
2014.04.17 17:17:25.176,8.27265,8.27444,1.00,2.10
2014.04.17 17:17:28.886,8.27265,8.27407,1.00,1.19
2014.04.17 17:17:29.426,8.27265,8.27391,1.00,1.19
2014.04.17 17:17:32.398,8.27265,8.27382,1.00,1.19
2014.04.17 17:17:34.908,8.27265,8.27381,1.00,1.19
2014.04.17 17:17:35.930,8.27265,8.2738,1.00,1.19
2014.04.17 17:17:37.247,8.27265,8.2738,1.00,1.19
2014.04.17 17:17:42.470,8.27265,8.27379,1.00,1.19
2014.04.17 17:17:53.171,8.27265,8.2744,1.00,2.10
2014.04.17 17:18:06.084,8.27265,8.27443,1.00,2.10
2014.04.17 17:18:06.237,8.27265,8.27429,1.00,1.19
2014.04.17 17:18:06.886,8.27262,8.27429,1.00,1.19
2014.04.17 17:18:06.937,8.27262,8.27452,1.00,1.00
2014.04.17 17:18:07.089,8.27262,8.27452,1.00,1.60
2014.04.17 17:18:07.392,8.2728,8.27453,1.00,1.60
2014.04.17 17:18:09.930,8.2728,8.27453,1.00,1.79
2014.04.17 17:18:10.192,8.27215,8.27419,1.19,2.10
2014.04.17 17:18:10.243,8.27148,8.27419,1.00,2.10
2014.04.17 17:18:10.344,8.27164,8.27417,1.19,1.79
2014.04.17 17:18:10.661,8.27153,8.27405,1.19,1.79
2014.04.17 17:18:11.468,8.27155,8.27404,1.19,1.79
2014.04.17 17:18:13.557,8.27152,8.274,1.19,1.54
2014.04.17 17:18:14.562,8.27151,8.274,1.19,1.54
2014.04.17 17:18:17.215,8.27149,8.27401,1.19,1.79
2014.04.17 17:18:22.901,8.2715,8.27399,1.19,1.19
2014.04.17 17:18:29.218,8.27121,8.27419,1.00,2.10
2014.04.17 17:18:29.356,8.27128,8.27419,1.00,2.10
2014.04.17 17:18:29.608,8.27121,8.27419,1.00,2.10
2014.04.17 17:18:29.659,8.27154,8.27405,1.19,1.79
2014.04.17 17:18:30.723,8.27153,8.27404,1.19,1.79
2014.04.17 17:18:38.151,8.27155,8.27405,1.19,1.79
2014.04.17 17:18:43.194,8.27152,8.27398,1.19,1.79
2014.04.17 17:18:47.429,8.27144,8.27397,1.19,1.79
2014.04.17 17:18:48.196,8.27107,8.27413,1.00,2.10
2014.04.17 17:18:48.326,8.27108,8.27421,1.00,2.10
2014.04.17 17:18:48.478,8.27124,8.27421,1.00,2.10
2014.04.17 17:18:48.730,8.27108,8.27413,1.00,2.10
2014.04.17 17:18:51.445,8.27149,8.27396,1.19,1.79
2014.04.17 17:18:58.251,8.27108,8.27413,1.00,2.10
2014.04.17 17:18:58.353,8.27107,8.27422,1.00,2.10
2014.04.17 17:18:58.504,8.27125,8.27422,1.00,2.10
2014.04.17 17:18:58.707,8.27097,8.27413,1.00,2.10
2014.04.17 17:19:00.155,8.27098,8.27413,1.00,2.10
2014.04.17 17:19:02.039,8.27151,8.27399,1.19,1.79
2014.04.17 17:19:03.146,8.27148,8.27395,1.19,1.79
2014.04.17 17:19:04.255,8.27146,8.27395,1.19,1.79
2014.04.17 17:19:06.669,8.27098,8.27413,1.00,2.10
2014.04.17 17:19:08.135,8.27088,8.27423,1.00,2.10
2014.04.17 17:19:08.185,8.27153,8.27404,1.19,1.79
2014.04.17 17:19:10.417,8.27141,8.2739,1.19,1.19
2014.04.17 17:19:14.828,8.27098,8.27416,1.00,2.10
2014.04.17 17:19:15.837,8.27129,8.27377,1.19,1.19
2014.04.17 17:19:15.989,8.27142,8.27394,1.19,1.19
2014.04.17 17:19:16.988,8.27142,8.27393,1.19,1.19
2014.04.17 17:19:19.561,8.27142,8.27389,1.19,1.19
2014.04.17 17:19:20.585,8.27132,8.27382,1.19,1.19
2014.04.17 17:19:23.521,8.27087,8.27417,1.00,2.10
2014.04.17 17:19:35.333,8.27087,8.27424,1.00,2.10
2014.04.17 17:19:35.585,8.27087,8.27417,1.00,2.10
2014.04.17 17:19:35.636,8.27078,8.27417,1.00,2.10
2014.04.17 17:19:38.134,8.27151,8.274,1.19,1.79
2014.04.17 17:19:45.157,8.27078,8.27417,1.00,2.10
2014.04.17 17:19:45.343,8.27078,8.27424,1.50,2.10
2014.04.17 17:19:45.545,8.27078,8.27417,1.50,2.10
2014.04.17 17:19:46.461,8.27151,8.27402,1.19,1.79
2014.04.17 17:19:48.103,8.27152,8.27399,1.19,1.79
2014.04.17 17:19:55.248,8.27083,8.27417,1.00,2.10
2014.04.17 17:19:55.350,8.27087,8.27423,1.00,2.10
2014.04.17 17:19:55.552,8.27083,8.27423,1.00,2.10
2014.04.17 17:19:55.603,8.27083,8.27416,1.00,2.10
2014.04.17 17:19:56.502,8.27151,8.27404,1.19,1.79
2014.04.17 17:19:58.109,8.27152,8.27399,1.19,1.79
2014.04.17 17:20:05.174,8.27083,8.27416,1.00,2.10
2014.04.17 17:20:05.345,8.27083,8.27423,1.00,2.10
2014.04.17 17:20:05.396,8.27087,8.27423,1.00,2.10
2014.04.17 17:20:05.731,8.27083,8.27416,1.00,2.10
2014.04.17 17:20:06.484,8.27152,8.27403,1.19,1.79
2014.04.17 17:20:07.505,8.27137,8.27388,1.19,1.19
2014.04.17 17:20:15.219,8.27083,8.27416,1.00,2.10
2014.04.17 17:20:15.355,8.27083,8.27424,1.00,2.10
2014.04.17 17:20:15.406,8.27087,8.27424,1.00,2.10
2014.04.17 17:20:15.711,8.27085,8.27417,1.00,2.10
2014.04.17 17:20:16.503,8.27142,8.27391,1.19,1.19
2014.04.17 17:20:18.206,8.27142,8.2739,1.19,1.19
2014.04.17 17:20:25.257,8.27085,8.27417,1.00,2.10
2014.04.17 17:20:25.365,8.27085,8.27424,1.00,2.10
2014.04.17 17:20:25.466,8.27077,8.27424,1.00,2.10
2014.04.17 17:20:25.617,8.27077,8.27417,1.00,2.10
2014.04.17 17:20:27.144,8.27078,8.27417,1.00,2.10
2014.04.17 17:20:27.550,8.27138,8.27387,1.19,1.19
2014.04.17 17:20:30.254,8.27078,8.27417,1.00,2.10
2014.04.17 17:20:36.166,8.27075,8.27417,1.00,2.10
2014.04.17 17:20:42.890,8.27078,8.27424,1.00,2.10
2014.04.17 17:20:42.991,8.27084,8.27424,1.00,2.10
2014.04.17 17:20:44.023,8.27144,8.27397,1.19,1.19
2014.04.17 17:20:46.272,8.2714,8.27387,1.19,1.19
2014.04.17 17:20:51.085,8.27139,8.27389,1.19,1.19
2014.04.17 17:20:52.157,8.27084,8.27424,1.00,2.10
2014.04.17 17:20:55.272,8.27144,8.27397,1.19,1.19
2014.04.17 17:21:03.222,8.27083,8.27424,1.00,2.10
2014.04.17 17:21:12.907,8.27083,8.27423,1.00,2.10
2014.04.17 17:21:23.606,8.2708,8.27423,1.00,2.10
2014.04.17 17:21:31.436,8.27126,8.27423,1.00,2.10
2014.04.17 17:21:35.372,8.2714,8.27393,1.19,1.19
2014.04.17 17:21:40.146,8.27126,8.27423,1.00,2.10
2014.04.17 17:21:44.171,8.27126,8.27424,1.00,2.10
2014.04.17 17:21:57.381,8.27141,8.27392,1.19,1.19
2014.04.17 17:22:02.165,8.27126,8.27424,1.00,2.10
2014.04.17 17:22:06.295,8.27145,8.27396,1.19,1.19
2014.04.17 17:22:12.181,8.27126,8.27424,1.00,2.10
2014.04.17 17:22:13.643,8.27125,8.27424,1.00,2.10
2014.04.17 17:22:16.009,8.27145,8.27396,1.19,1.19
2014.04.17 17:22:23.221,8.27125,8.27423,1.00,2.10
2014.04.17 17:22:26.656,8.27126,8.27423,1.00,2.10
2014.04.17 17:22:29.453,8.27144,8.27397,1.19,1.19
2014.04.17 17:22:33.958,8.2714,8.27393,1.19,1.19
2014.04.17 17:22:34.962,8.27126,8.27423,1.00,2.10
2014.04.17 17:22:42.486,8.27144,8.27396,1.19,1.19
2014.04.17 17:22:44.442,8.27144,8.27397,1.19,1.19
2014.04.17 17:22:44.543,8.27134,8.27381,1.19,1.19
2014.04.17 17:22:48.213,8.27126,8.27423,1.00,2.10
2014.04.17 17:22:53.473,8.27144,8.27396,1.19,1.19
2014.04.17 17:22:57.673,8.27156,8.27406,1.19,1.79
2014.04.17 17:23:01.058,8.27145,8.27395,1.19,1.19
2014.04.17 17:23:02.665,8.27155,8.27405,1.19,1.79
2014.04.17 17:23:03.175,8.27126,8.27423,1.00,2.10
2014.04.17 17:23:06.484,8.27155,8.27405,1.19,1.79
2014.04.17 17:23:07.489,8.27155,8.27403,1.19,1.54
2014.04.17 17:23:09.495,8.27153,8.274,1.19,1.19
2014.04.17 17:23:09.887,8.27231,8.274,1.00,1.19
2014.04.17 17:23:10.601,8.27231,8.27407,1.00,1.79
2014.04.17 17:23:11.744,8.27231,8.27403,1.00,1.54
2014.04.17 17:23:14.248,8.27231,8.27423,1.00,2.10
2014.04.17 17:23:14.512,8.27256,8.27423,1.00,2.10
2014.04.17 17:23:15.256,8.27256,8.27405,1.00,1.79
2014.04.17 17:23:15.508,8.27233,8.27405,1.00,1.79
2014.04.17 17:23:17.225,8.27233,8.27404,1.00,1.79
2014.04.17 17:23:18.229,8.27233,8.27403,1.00,1.54
2014.04.17 17:23:18.981,8.27255,8.27403,1.00,1.54
2014.04.17 17:23:25.152,8.27255,8.27423,1.00,2.10
2014.04.17 17:23:25.493,8.27279,8.27423,1.00,2.10
2014.04.17 17:23:26.448,8.27279,8.27424,1.00,2.10
2014.04.17 17:23:26.932,8.27256,8.27424,1.00,2.10
2014.04.17 17:23:27.410,8.27256,8.27421,1.00,1.79
2014.04.17 17:23:29.005,8.27256,8.27424,1.00,2.29
2014.04.17 17:23:29.258,8.27228,8.27406,1.00,1.79
2014.04.17 17:23:32.315,8.27228,8.27406,1.00,1.79
2014.04.17 17:23:34.483,8.27228,8.27396,1.00,1.05
2014.04.17 17:24:17.401,8.2728,8.27424,1.00,2.10
2014.04.17 17:24:17.721,8.27256,8.27424,1.00,2.10
2014.04.17 17:24:19.664,8.27256,8.27422,1.00,1.79
2014.04.17 17:24:20.484,8.2723,8.27406,1.00,1.79
2014.04.17 17:24:21.072,8.2723,8.27406,1.00,1.79
2014.04.17 17:24:24.092,8.2723,8.27406,1.00,1.79
2014.04.17 17:24:25.141,8.2723,8.27406,1.00,1.79
2014.04.17 17:24:26.147,8.2723,8.27406,1.00,1.79
2014.04.17 17:24:27.513,8.2723,8.27406,1.00,1.79
2014.04.17 17:24:29.376,8.27204,8.2729,1.00,1.50
2014.04.17 17:24:29.620,8.27137,8.27199,1.00,2.10
2014.04.17 17:24:29.823,8.27165,8.27199,2.73,2.10
2014.04.17 17:24:30.452,8.27162,8.27199,1.00,2.10
2014.04.17 17:25:01.591,8.2716,8.27198,1.00,2.10
2014.04.17 17:25:20.970,8.2712,8.27198,1.00,2.10
2014.04.17 17:25:25.371,8.27103,8.27198,1.00,2.10
2014.04.17 17:25:34.370,8.27103,8.27262,1.00,2.10
2014.04.17 17:25:53.234,8.27103,8.27262,1.19,2.10
2014.04.17 17:25:54.637,8.27103,8.27262,1.00,2.10
2014.04.17 17:26:04.840,8.27103,8.27263,1.00,2.10
2014.04.17 17:26:14.118,8.27103,8.27193,1.00,1.88
2014.04.17 17:26:14.220,8.26977,8.27107,1.00,1.00
2014.04.17 17:26:14.321,8.26971,8.27106,1.00,1.00
2014.04.17 17:26:14.422,8.26919,8.27106,1.00,1.00
2014.04.17 17:26:14.523,8.26864,8.27106,1.00,1.00
2014.04.17 17:26:14.574,8.269,8.27144,1.00,1.00
2014.04.17 17:26:16.448,8.26836,8.27078,1.00,1.00
2014.04.17 17:26:19.953,8.2688,8.27122,1.00,1.00
2014.04.17 17:26:20.919,8.26835,8.27079,1.00,1.00
2014.04.17 17:26:21.178,8.26875,8.27119,1.00,1.00
2014.04.17 17:26:42.149,8.26919,8.27161,1.00,1.00
2014.04.17 17:26:42.452,8.26934,8.2715,1.00,1.19
2014.04.17 17:26:42.823,8.26934,8.27161,1.19,1.19
2014.04.17 17:26:44.514,8.26934,8.27158,1.00,1.19
2014.04.17 17:26:44.717,8.26906,8.27104,1.19,1.00
2014.04.17 17:26:44.767,8.26878,8.27104,1.19,1.19
2014.04.17 17:26:52.155,8.2686,8.27103,1.19,1.19
2014.04.17 17:26:53.944,8.2686,8.27104,1.19,1.69
2014.04.17 17:27:01.169,8.2686,8.27101,1.19,1.19
2014.04.17 17:27:03.679,8.2686,8.27102,1.19,1.19
2014.04.17 17:27:05.709,8.26905,8.27149,1.19,1.19
2014.04.17 17:27:12.536,8.26905,8.27146,1.19,1.19
2014.04.17 17:27:19.231,8.26905,8.27147,1.19,1.19
2014.04.17 17:27:24.044,8.26905,8.27147,1.19,1.19
2014.04.17 17:27:25.865,8.26905,8.27149,1.00,1.00
2014.04.17 17:27:55.455,8.26949,8.27153,1.00,1.19
2014.04.17 17:28:00.269,8.26949,8.27191,1.00,1.00
2014.04.17 17:28:33.420,8.26901,8.27145,1.00,1.00
2014.04.17 17:28:43.493,8.26901,8.27145,1.19,1.19
2014.04.17 17:28:43.834,8.26951,8.2716,1.00,1.19
2014.04.17 17:28:44.792,8.26951,8.27193,1.00,1.00
2014.04.17 17:28:49.881,8.26951,8.27161,1.00,1.19
2014.04.17 17:28:49.982,8.26951,8.27193,1.00,1.00
2014.04.17 17:28:50.033,8.26903,8.27145,1.00,1.00
2014.04.17 17:28:51.187,8.26903,8.27145,1.19,1.19
2014.04.17 17:28:53.098,8.26903,8.27145,1.00,1.00
2014.04.17 17:28:53.250,8.26912,8.27145,1.19,1.19
2014.04.17 17:28:53.830,8.26951,8.2716,1.00,1.19
2014.04.17 17:28:55.928,8.26951,8.27167,1.00,1.19
2014.04.17 17:28:57.837,8.26951,8.27195,1.00,1.00
2014.04.17 17:28:57.938,8.26883,8.27127,1.00,1.00
2014.04.17 17:28:58.306,8.26863,8.27107,1.00,1.00
2014.04.17 17:28:58.931,8.26883,8.27127,1.00,1.00
2014.04.17 17:29:05.876,8.26902,8.27127,1.19,1.19
2014.04.17 17:29:07.259,8.26904,8.27146,1.19,1.19
2014.04.17 17:29:08.193,8.26902,8.27134,1.19,1.19
2014.04.17 17:29:13.779,8.26902,8.27146,1.00,1.00
2014.04.17 17:29:15.183,8.26902,8.27137,1.19,1.19
2014.04.17 17:29:18.220,8.26902,8.27146,1.00,1.00
2014.04.17 17:29:20.126,8.26952,8.27128,1.00,1.00
2014.04.17 17:29:27.094,8.27001,8.27163,1.00,1.19
2014.04.17 17:29:27.760,8.27001,8.27173,1.00,1.19
2014.04.17 17:29:28.024,8.27001,8.27161,1.00,1.19
2014.04.17 17:29:28.075,8.26952,8.27128,1.00,1.00
2014.04.17 17:29:29.331,8.26952,8.27128,1.00,1.19
2014.04.17 17:29:48.452,8.26952,8.27128,1.00,1.00
2014.04.17 17:29:48.506,8.26935,8.27111,1.00,1.00
2014.04.17 17:29:48.810,8.26912,8.27088,1.00,1.00
2014.04.17 17:29:51.089,8.2698,8.27156,1.00,1.00
2014.04.17 17:29:51.400,8.27002,8.27163,1.00,1.19
2014.04.17 17:29:53.799,8.27002,8.27178,1.00,1.19
2014.04.17 17:29:54.815,8.26951,8.27129,1.00,1.00
2014.04.17 17:29:55.777,8.26938,8.27114,1.19,1.00
2014.04.17 17:29:56.307,8.26938,8.27114,1.00,1.00
2014.04.17 17:30:18.509,8.26938,8.27114,1.00,1.19
2014.04.17 17:30:20.204,8.26938,8.27114,1.00,1.19
2014.04.17 17:30:23.033,8.26938,8.27114,1.00,1.19
2014.04.17 17:30:24.755,8.26938,8.27114,1.00,1.19
2014.04.17 17:30:27.863,8.26938,8.27114,1.00,1.19
2014.04.17 17:30:30.153,8.26938,8.27114,1.00,1.19
2014.04.17 17:30:31.233,8.26924,8.27102,1.00,1.19
2014.04.17 17:30:33.603,8.26924,8.27102,1.00,1.19
2014.04.17 17:30:34.604,8.26924,8.27102,1.00,1.19
2014.04.17 17:30:38.897,8.26924,8.27102,1.00,1.19
2014.04.17 17:30:40.132,8.26924,8.27102,1.00,1.19
2014.04.17 17:30:45.236,8.26924,8.27102,1.00,1.19
2014.04.17 17:30:47.834,8.26924,8.27102,1.00,1.19
2014.04.17 17:30:53.457,8.26924,8.27102,1.00,1.19
2014.04.17 17:30:54.765,8.26924,8.27102,1.00,1.19
2014.04.17 17:31:00.193,8.26924,8.27102,1.00,1.19
2014.04.17 17:31:12.466,8.26924,8.27102,1.00,1.19
2014.04.17 17:31:21.385,8.26909,8.27126,1.19,1.19
2014.04.17 17:31:28.633,8.26909,8.27153,1.00,1.00
2014.04.17 17:31:31.237,8.26924,8.27153,1.19,1.19
2014.04.17 17:31:41.239,8.26924,8.27153,1.19,1.19
2014.04.17 17:31:45.718,8.26923,8.27153,1.19,1.19
2014.04.17 17:31:51.275,8.26923,8.27153,1.19,1.19
2014.04.17 17:31:58.453,8.26923,8.27153,1.19,1.19
2014.04.17 17:32:09.007,8.26924,8.27153,1.19,1.19
2014.04.17 17:32:21.227,8.26923,8.27153,1.19,1.19
2014.04.17 17:32:28.193,8.26923,8.27153,1.19,1.19
2014.04.17 17:32:29.756,8.26924,8.27153,1.19,1.19
2014.04.17 17:32:33.378,8.26923,8.27153,1.19,1.19
2014.04.17 17:32:34.594,8.26924,8.27153,1.19,1.19
2014.04.17 17:32:48.206,8.26924,8.27153,1.19,1.19
2014.04.17 17:32:51.486,8.26923,8.27153,1.19,1.19
2014.04.17 17:32:52.532,8.26923,8.27153,1.19,1.19
2014.04.17 17:32:55.506,8.26923,8.27153,1.19,1.19
2014.04.17 17:33:00.248,8.26924,8.27153,1.19,1.19
2014.04.17 17:33:05.884,8.26915,8.27153,1.19,1.19
2014.04.17 17:33:07.355,8.26913,8.27153,1.19,1.19
2014.04.17 17:33:10.668,8.26921,8.27153,1.19,1.19
2014.04.17 17:33:12.622,8.26923,8.27153,1.19,1.19
2014.04.17 17:33:16.495,8.26923,8.27153,1.19,1.19
2014.04.17 17:33:19.198,8.26923,8.27153,1.19,1.19
2014.04.17 17:33:23.373,8.26923,8.27123,1.69,1.00
2014.04.17 17:33:28.231,8.26923,8.27123,1.69,1.00
2014.04.17 17:33:43.221,8.26923,8.27123,1.00,1.00
2014.04.17 17:34:04.197,8.26923,8.27123,1.69,1.00
2014.04.17 17:34:18.762,8.26924,8.27122,1.19,1.00
2014.04.17 17:34:38.322,8.26924,8.27122,1.19,1.00
2014.04.17 17:34:40.382,8.26924,8.27122,1.19,1.00
2014.04.17 17:34:54.952,8.26924,8.27122,1.19,1.00
2014.04.17 17:34:58.260,8.26924,8.27122,1.19,1.00
2014.04.17 17:35:04.987,8.26924,8.27122,1.69,1.00
2014.04.17 17:35:07.198,8.26924,8.27122,1.19,1.00
2014.04.17 17:35:09.448,8.26924,8.27122,1.19,1.00
2014.04.17 17:35:15.746,8.26924,8.27122,1.19,1.00
2014.04.17 17:35:18.075,8.26924,8.27122,1.19,1.00
2014.04.17 17:35:21.262,8.26926,8.27122,1.19,1.00
2014.04.17 17:35:25.312,8.26946,8.27144,1.19,1.19
2014.04.17 17:35:28.702,8.26946,8.27144,1.00,1.19
2014.04.17 17:35:29.990,8.26946,8.27144,1.19,1.19
2014.04.17 17:35:32.818,8.26946,8.27144,1.19,1.19
2014.04.17 17:35:35.214,8.26946,8.27144,1.19,1.19
2014.04.17 17:35:43.077,8.26946,8.27144,1.19,1.00
2014.04.17 17:35:46.156,8.26946,8.27144,1.00,1.00
2014.04.17 17:35:50.363,8.26946,8.27144,1.19,1.00
2014.04.17 17:36:00.201,8.26946,8.27144,1.00,1.00
2014.04.17 17:36:02.613,8.26946,8.27144,1.19,1.00
2014.04.17 17:36:20.812,8.26945,8.27145,1.19,1.00
2014.04.17 17:36:21.265,8.26945,8.27145,1.00,1.00
2014.04.17 17:36:31.353,8.26945,8.27145,1.19,1.00
2014.04.17 17:36:49.208,8.26945,8.27145,1.00,1.00
2014.04.17 17:36:55.328,8.26945,8.27145,1.19,1.00
2014.04.17 17:37:00.462,8.26945,8.27145,1.00,1.19
2014.04.17 17:37:00.945,8.26967,8.27157,1.00,1.19
2014.04.17 17:37:03.140,8.26967,8.27155,1.00,1.19
2014.04.17 17:37:05.149,8.26967,8.27167,1.00,1.19
2014.04.17 17:37:11.371,8.26967,8.27167,1.00,1.19
2014.04.17 17:37:15.183,8.26967,8.27167,1.00,1.19
2014.04.17 17:37:15.597,8.26967,8.27167,1.00,1.00
2014.04.17 17:37:15.789,8.26967,8.27167,1.00,1.19
2014.04.17 17:37:23.410,8.26967,8.27167,1.00,1.19
2014.04.17 17:37:27.599,8.26924,8.27174,1.19,1.19
2014.04.17 17:37:27.939,8.26923,8.27148,1.19,1.19
2014.04.17 17:37:33.693,8.26923,8.27151,1.19,1.19
2014.04.17 17:37:36.181,8.26923,8.27148,1.19,1.19
2014.04.17 17:37:37.686,8.26923,8.27148,1.19,1.19
2014.04.17 17:37:51.327,8.26923,8.27187,1.00,1.00
2014.04.17 17:37:54.169,8.26923,8.27151,1.19,1.19
2014.04.17 17:37:56.282,8.26923,8.27145,1.19,1.19
2014.04.17 17:37:59.403,8.26923,8.27149,1.19,1.19
2014.04.17 17:38:01.205,8.26923,8.27149,1.19,1.19
2014.04.17 17:38:04.272,8.26923,8.27148,1.19,1.19
2014.04.17 17:38:16.916,8.26923,8.27154,1.19,1.19
2014.04.17 17:38:23.259,8.26923,8.27148,1.19,1.19
2014.04.17 17:38:25.956,8.26923,8.27148,1.19,1.19
2014.04.17 17:38:35.178,8.26923,8.27148,1.19,1.19
2014.04.17 17:38:43.701,8.26923,8.27149,1.19,1.19
2014.04.17 17:38:46.217,8.26923,8.27189,1.00,1.00
2014.04.17 17:38:58.547,8.26923,8.27149,1.19,1.19
2014.04.17 17:39:26.254,8.26923,8.27189,1.00,1.00
2014.04.17 17:39:26.958,8.26923,8.27149,1.19,1.19
2014.04.17 17:39:28.830,8.2697,8.27149,1.00,1.19
2014.04.17 17:39:29.522,8.2697,8.27168,1.00,1.19
2014.04.17 17:39:36.182,8.2697,8.27168,1.00,1.19
2014.04.17 17:39:40.358,8.2697,8.27168,1.00,1.19
2014.04.17 17:39:43.888,8.2697,8.27165,1.00,1.19
2014.04.17 17:39:45.078,8.2697,8.27168,1.00,1.19
2014.04.17 17:39:48.098,8.2697,8.27168,1.00,1.19
2014.04.17 17:39:54.025,8.2697,8.27168,1.00,1.19
2014.04.17 17:39:55.634,8.2697,8.27168,1.00,1.19
2014.04.17 17:40:01.353,8.2697,8.27168,1.00,1.19
2014.04.17 17:40:11.393,8.2697,8.27166,1.00,1.19
2014.04.17 17:40:12.500,8.2697,8.27168,1.00,1.19
2014.04.17 17:40:15.664,8.2697,8.27161,1.00,1.19
2014.04.17 17:40:17.138,8.26973,8.27168,2.10,1.00
2014.04.17 17:40:17.340,8.26989,8.27187,1.79,1.19
2014.04.17 17:40:17.441,8.26989,8.27187,1.60,1.00
2014.04.17 17:40:17.542,8.27086,8.27253,1.00,1.60
2014.04.17 17:40:17.754,8.27066,8.27257,1.00,2.10
2014.04.17 17:40:18.830,8.27066,8.27257,1.00,2.29
2014.04.17 17:40:19.531,8.27041,8.27239,1.19,1.79
2014.04.17 17:40:19.737,8.27066,8.27257,1.00,2.29
2014.04.17 17:40:20.664,8.27066,8.27254,1.00,1.79
2014.04.17 17:40:21.043,8.27111,8.27254,1.00,1.79
2014.04.17 17:40:21.464,8.27122,8.27254,1.00,1.79
2014.04.17 17:40:22.853,8.27122,8.27257,1.00,2.29
2014.04.17 17:40:23.016,8.27074,8.27257,1.00,2.29
2014.04.17 17:40:23.244,8.27047,8.27245,1.00,1.79
2014.04.17 17:40:23.457,8.27067,8.27257,1.00,2.29
2014.04.17 17:40:24.360,8.27067,8.27254,1.00,1.79
2014.04.17 17:40:24.462,8.27039,8.27237,1.19,1.79
2014.04.17 17:40:24.797,8.27065,8.27254,1.00,1.79
2014.04.17 17:40:26.567,8.27065,8.27257,1.00,2.29
2014.04.17 17:40:28.273,8.27065,8.27257,1.00,2.29
2014.04.17 17:40:31.188,8.27065,8.27247,1.00,1.79
2014.04.17 17:40:34.395,8.27065,8.27241,1.00,1.79
2014.04.17 17:40:36.203,8.27065,8.27257,1.00,2.29
2014.04.17 17:40:38.413,8.27065,8.27251,1.00,1.79
2014.04.17 17:40:39.618,8.27065,8.27247,1.00,1.79
2014.04.17 17:40:41.133,8.27065,8.27262,1.00,1.19
2014.04.17 17:40:41.285,8.27078,8.27275,1.00,1.79
2014.04.17 17:40:42.063,8.27018,8.27173,2.29,1.00
2014.04.17 17:40:42.316,8.27049,8.27247,1.79,1.19
2014.04.17 17:40:42.518,8.27058,8.27216,1.50,1.00
2014.04.17 17:40:42.671,8.27047,8.27216,1.19,1.00
2014.04.17 17:40:42.722,8.27044,8.27244,1.19,1.19
2014.04.17 17:40:42.823,8.27023,8.272,1.79,1.00
2014.04.17 17:40:43.126,8.27058,8.272,1.50,1.00
2014.04.17 17:40:43.177,8.27047,8.272,1.00,1.00
2014.04.17 17:40:43.228,8.27002,8.272,1.19,1.00
2014.04.17 17:40:43.279,8.27002,8.272,1.19,1.19
2014.04.17 17:40:43.482,8.27091,8.27249,1.00,1.79
2014.04.17 17:40:43.983,8.27074,8.27249,1.00,1.79
2014.04.17 17:40:44.937,8.27097,8.27249,1.00,1.79
2014.04.17 17:40:44.988,8.27097,8.27252,1.00,2.29
2014.04.17 17:40:45.156,8.27074,8.27252,1.00,2.29
2014.04.17 17:40:46.368,8.27036,8.27236,1.19,1.79
2014.04.17 17:40:46.697,8.27054,8.27252,1.00,3.04
2014.04.17 17:40:47.499,8.27023,8.27223,1.00,1.19
2014.04.17 17:40:47.687,8.27052,8.27236,1.00,1.79
2014.04.17 17:40:48.507,8.2702,8.2722,1.19,1.19
2014.04.17 17:40:48.676,8.27051,8.27235,1.00,1.79
2014.04.17 17:40:48.727,8.27051,8.27249,1.00,1.79
2014.04.17 17:40:53.220,8.27051,8.27249,1.00,1.79
2014.04.17 17:40:59.588,8.27051,8.27249,1.00,1.79
2014.04.17 17:41:07.299,8.27051,8.27249,1.00,1.79
2014.04.17 17:41:13.727,8.27051,8.2724,1.00,1.79
2014.04.17 17:41:14.729,8.27051,8.27249,1.19,1.00
2014.04.17 17:41:14.780,8.2713,8.27286,1.00,1.79
2014.04.17 17:41:14.982,8.27085,8.27283,1.00,1.79
2014.04.17 17:41:15.299,8.27136,8.27286,1.00,1.79
2014.04.17 17:41:15.955,8.27136,8.27317,1.00,1.19
2014.04.17 17:41:16.006,8.27158,8.27317,1.00,1.19
2014.04.17 17:41:16.309,8.27134,8.27317,1.00,1.19
2014.04.17 17:41:16.987,8.27163,8.27317,1.00,1.19
2014.04.17 17:41:17.038,8.27163,8.27334,1.00,1.19
2014.04.17 17:41:17.139,8.27164,8.27369,1.00,1.19
2014.04.17 17:41:17.240,8.27164,8.27376,1.00,1.19
2014.04.17 17:41:17.759,8.27163,8.27376,1.00,1.19
2014.04.17 17:41:18.212,8.27163,8.27379,1.00,1.00
2014.04.17 17:41:18.313,8.27163,8.27433,1.00,3.23
2014.04.17 17:41:18.465,8.27163,8.27443,1.00,3.38
2014.04.17 17:41:18.516,8.27181,8.27442,1.00,1.00
2014.04.17 17:41:19.218,8.27181,8.27413,1.00,1.00
2014.04.17 17:41:19.596,8.27181,8.27393,1.00,1.00
2014.04.17 17:41:19.849,8.27181,8.27413,1.00,1.00
2014.04.17 17:41:21.462,8.2718,8.27453,1.00,1.00
2014.04.17 17:41:21.665,8.2718,8.27457,1.00,1.00
2014.04.17 17:41:21.817,8.2718,8.27438,1.00,1.00
2014.04.17 17:41:22.120,8.27181,8.27382,1.00,1.00
2014.04.17 17:41:25.006,8.2718,8.27371,1.00,1.00
2014.04.17 17:41:30.738,8.27152,8.2735,1.00,1.00
2014.04.17 17:42:10.111,8.27152,8.27191,1.00,1.50
2014.04.17 17:42:10.314,8.26987,8.27162,1.00,1.60
2014.04.17 17:42:10.535,8.2703,8.27147,1.00,1.79
2014.04.17 17:42:10.743,8.26908,8.2709,1.19,1.00
2014.04.17 17:42:11.505,8.26908,8.27073,1.19,1.00
2014.04.17 17:42:11.817,8.26868,8.27027,2.85,1.00
2014.04.17 17:42:12.716,8.26868,8.2706,2.10,1.00
2014.04.17 17:42:13.376,8.26862,8.2706,2.85,1.00
2014.04.17 17:42:13.427,8.26874,8.2706,1.79,1.00
2014.04.17 17:42:14.548,8.26872,8.2706,1.79,1.00
2014.04.17 17:42:23.169,8.26862,8.2706,3.04,1.00
2014.04.17 17:42:23.917,8.26867,8.2706,1.79,1.00
2014.04.17 17:42:27.629,8.2687,8.2706,1.79,1.00
2014.04.17 17:42:38.488,8.26876,8.2706,1.79,1.00
2014.04.17 17:42:39.168,8.26876,8.27017,1.19,1.00
2014.04.17 17:42:39.220,8.26856,8.27017,1.19,1.00
2014.04.17 17:42:39.473,8.26856,8.27055,1.19,1.00
2014.04.17 17:42:40.468,8.26856,8.27029,1.19,1.00
2014.04.17 17:42:40.519,8.26847,8.27029,1.19,1.00
2014.04.17 17:42:40.722,8.26862,8.27058,1.54,1.00
2014.04.17 17:42:46.305,8.2686,8.27058,1.79,1.00
2014.04.17 17:42:50.218,8.2686,8.27058,1.60,1.00
2014.04.17 17:42:51.425,8.2686,8.27058,1.79,1.19
2014.04.17 17:42:52.731,8.2686,8.27058,1.79,1.19
2014.04.17 17:42:53.536,8.2686,8.27058,1.79,1.00
2014.04.17 17:43:03.171,8.2686,8.27058,1.60,1.00
2014.04.17 17:43:04.275,8.2686,8.27058,1.79,1.00
2014.04.17 17:43:06.215,8.26866,8.27058,1.79,1.00
2014.04.17 17:43:10.946,8.2688,8.2707,1.79,1.00
2014.04.17 17:43:16.163,8.26873,8.2707,1.79,1.00
2014.04.17 17:43:17.871,8.2688,8.2707,1.79,1.00
2014.04.17 17:43:29.404,8.2688,8.27119,1.79,1.19
2014.04.17 17:43:29.533,8.26888,8.27119,1.79,1.19
2014.04.17 17:43:31.427,8.26889,8.27119,1.79,1.19
2014.04.17 17:43:34.239,8.26897,8.27119,1.79,1.19
2014.04.17 17:43:49.268,8.26882,8.27119,2.10,1.00
2014.04.17 17:43:50.002,8.26898,8.27119,1.79,1.19
2014.04.17 17:43:55.112,8.26897,8.27119,1.79,1.19
2014.04.17 17:43:59.278,8.26898,8.27119,1.79,1.19
2014.04.17 17:44:00.431,8.26887,8.27119,1.79,1.19
2014.04.17 17:44:01.736,8.26901,8.27119,1.79,1.19
2014.04.17 17:44:08.245,8.26934,8.27149,1.00,1.79
2014.04.17 17:44:09.367,8.26934,8.27156,1.19,1.79
2014.04.17 17:44:18.605,8.26934,8.27162,1.19,2.29
2014.04.17 17:44:25.974,8.26934,8.27148,1.25,1.79
2014.04.17 17:44:26.279,8.26934,8.27162,1.19,2.29
2014.04.17 17:44:26.342,8.26934,8.27158,1.19,1.79
2014.04.17 17:44:30.246,8.26934,8.27156,1.19,1.79
2014.04.17 17:44:36.165,8.26934,8.27162,1.00,2.10
2014.04.17 17:44:37.804,8.26934,8.27162,1.19,2.29
2014.04.17 17:44:46.173,8.26934,8.27162,1.00,2.10
2014.04.17 17:44:46.479,8.26934,8.27142,1.19,1.05
2014.04.17 17:44:48.176,8.26934,8.27162,1.19,2.29
2014.04.17 17:44:49.392,8.26925,8.27158,1.19,1.79
2014.04.17 17:44:50.332,8.26912,8.27101,1.54,1.00
2014.04.17 17:44:50.383,8.26902,8.27101,1.79,1.00
2014.04.17 17:44:53.403,8.26868,8.27101,1.50,1.00
2014.04.17 17:44:53.454,8.26843,8.27101,1.00,1.00
2014.04.17 17:44:53.505,8.26861,8.27101,1.19,1.19
2014.04.17 17:44:54.779,8.26871,8.27106,1.19,1.19
2014.04.17 17:44:55.332,8.2689,8.27106,2.29,1.19
2014.04.17 17:44:55.383,8.26895,8.27106,1.79,1.00
2014.04.17 17:44:57.087,8.26895,8.27106,1.79,1.00
2014.04.17 17:44:58.184,8.26895,8.27143,1.79,1.19
2014.04.17 17:44:58.235,8.26919,8.27153,1.19,1.79
2014.04.17 17:44:58.536,8.26983,8.27162,1.00,1.79
2014.04.17 17:44:58.841,8.27058,8.27165,1.00,1.79
2014.04.17 17:44:59.065,8.26982,8.27138,1.00,2.29
2014.04.17 17:44:59.166,8.26983,8.27138,2.00,2.29
2014.04.17 17:44:59.469,8.27007,8.27115,2.30,1.05
2014.04.17 17:44:59.722,8.27007,8.27244,3.58,1.00
2014.04.17 17:44:59.773,8.27007,8.27266,3.58,1.00
2014.04.17 17:44:59.874,8.27008,8.27297,1.66,1.00
2014.04.17 17:44:59.975,8.27008,8.27325,1.52,1.00
2014.04.17 17:45:00.026,8.27008,8.27354,1.52,1.00
2014.04.17 17:45:00.077,8.27008,8.27373,1.52,1.00
2014.04.17 17:45:00.178,8.27012,8.27436,1.22,1.00
2014.04.17 17:45:00.359,8.27031,8.27436,1.00,1.00
2014.04.17 17:45:00.883,8.27016,8.27436,1.22,1.00
2014.04.17 17:45:01.963,8.27016,8.27436,1.22,1.00
2014.04.17 17:45:02.490,8.27016,8.27436,1.22,1.00
2014.04.17 17:45:03.080,8.27016,8.27436,1.22,1.00
2014.04.17 17:45:04.209,8.27016,8.27436,1.22,1.00
2014.04.17 17:45:04.679,8.27075,8.27442,1.00,1.00
2014.04.17 17:45:04.780,8.27066,8.27442,1.00,1.00
2014.04.17 17:45:04.984,8.27066,8.27405,1.00,1.00
2014.04.17 17:45:08.939,8.27049,8.27405,1.00,1.00
2014.04.17 17:45:09.565,8.2705,8.27405,1.00,1.00
2014.04.17 17:45:22.354,8.27035,8.27405,1.00,1.00
2014.04.17 17:45:22.506,8.27024,8.27405,1.00,1.00
2014.04.17 17:45:22.944,8.27024,8.27377,1.00,1.00
2014.04.17 17:45:23.045,8.27011,8.27377,1.22,1.00
2014.04.17 17:45:23.248,8.26998,8.27352,1.75,1.00
2014.04.17 17:45:23.800,8.26998,8.27352,1.75,1.00
2014.04.17 17:45:24.443,8.26998,8.27352,1.75,1.00
2014.04.17 17:45:25.173,8.26998,8.27352,1.75,1.00
2014.04.17 17:45:25.927,8.26998,8.27352,1.75,1.00
2014.04.17 17:45:26.638,8.26998,8.27352,1.75,1.00
2014.04.17 17:45:28.167,8.26998,8.27352,1.75,1.00
2014.04.17 17:45:29.022,8.26998,8.27352,1.75,1.00
2014.04.17 17:45:29.774,8.26998,8.27352,1.75,1.00
2014.04.17 17:45:30.408,8.26998,8.27352,1.66,1.00
2014.04.17 17:45:30.816,8.27032,8.27315,1.00,1.00
2014.04.17 17:45:33.022,8.27032,8.2721,1.00,2.10
2014.04.17 17:45:33.477,8.26992,8.2719,1.00,1.60
2014.04.17 17:45:33.527,8.26992,8.27159,1.00,1.19
2014.04.17 17:45:33.867,8.2701,8.27159,1.00,1.19
2014.04.17 17:45:34.485,8.26933,8.27131,1.19,1.00
2014.04.17 17:45:34.536,8.26933,8.27131,1.00,1.19
2014.04.17 17:45:34.979,8.27005,8.27164,1.00,1.19
2014.04.17 17:45:36.560,8.27005,8.27171,1.00,1.19
2014.04.17 17:45:36.942,8.27005,8.2721,1.00,2.10
2014.04.17 17:45:41.450,8.27005,8.27179,1.00,1.79
2014.04.17 17:45:43.171,8.27005,8.2721,1.00,2.10
2014.04.17 17:45:45.608,8.27005,8.27197,1.00,1.79
2014.04.17 17:45:47.273,8.27005,8.27199,1.00,1.79
2014.04.17 17:45:47.718,8.27005,8.27162,1.00,1.19
2014.04.17 17:45:48.014,8.26925,8.27125,1.00,1.19
2014.04.17 17:45:48.216,8.27002,8.27161,1.00,1.19
2014.04.17 17:45:49.682,8.27002,8.27154,1.00,1.19
2014.04.17 17:45:49.783,8.26946,8.27144,1.00,1.19
2014.04.17 17:45:49.985,8.26914,8.27112,1.19,1.19
2014.04.17 17:45:50.238,8.26936,8.27134,1.00,1.19
2014.04.17 17:45:51.183,8.26902,8.27102,1.19,1.00
2014.04.17 17:45:51.234,8.26902,8.27102,1.19,1.19
2014.04.17 17:45:51.917,8.26933,8.27119,1.00,1.19
2014.04.17 17:45:52.305,8.26897,8.27097,1.19,1.19
2014.04.17 17:45:52.407,8.26897,8.27097,1.19,1.19
2014.04.17 17:45:52.508,8.26873,8.27062,1.19,1.00
2014.04.17 17:45:52.712,8.26862,8.27062,1.19,1.00
2014.04.17 17:45:52.763,8.26857,8.26984,1.19,1.00
2014.04.17 17:45:53.513,8.26857,8.27026,1.19,1.00
2014.04.17 17:45:59.414,8.26857,8.27026,1.19,1.00
2014.04.17 17:46:00.418,8.26857,8.27026,1.19,1.00
2014.04.17 17:46:02.247,8.26857,8.27026,1.00,1.00
2014.04.17 17:46:05.541,8.26867,8.27026,1.00,1.00
2014.04.17 17:46:05.744,8.26898,8.27096,1.19,1.19
2014.04.17 17:46:15.164,8.26898,8.27096,1.00,1.19
2014.04.17 17:46:24.701,8.26898,8.27096,1.19,1.00
2014.04.17 17:46:24.752,8.26922,8.2712,1.00,1.19
2014.04.17 17:46:29.271,8.26955,8.27129,1.00,1.19
2014.04.17 17:46:29.594,8.26983,8.27144,1.00,1.19
2014.04.17 17:46:30.615,8.26983,8.27145,1.00,1.19
2014.04.17 17:46:31.341,8.26995,8.27145,1.00,1.19
2014.04.17 17:46:32.421,8.26995,8.27143,1.00,1.19
2014.04.17 17:46:32.762,8.27016,8.27158,1.00,1.19
2014.04.17 17:46:34.128,8.27016,8.27152,1.00,1.19
2014.04.17 17:46:34.230,8.26935,8.27133,1.19,1.19
2014.04.17 17:46:34.434,8.27006,8.27152,1.00,1.19
2014.04.17 17:46:35.188,8.2692,8.2712,1.19,1.25
2014.04.17 17:46:35.240,8.2692,8.2712,1.19,1.19
2014.04.17 17:46:36.072,8.27002,8.27157,1.00,1.19
2014.04.17 17:46:41.159,8.26941,8.27133,1.00,1.19
2014.04.17 17:46:41.492,8.26909,8.27107,1.19,1.19
2014.04.17 17:46:41.671,8.26929,8.27129,1.00,1.19
2014.04.17 17:46:42.401,8.26929,8.27129,1.00,1.19
2014.04.17 17:46:42.452,8.26919,8.27117,1.19,1.19
2014.04.17 17:46:45.610,8.26919,8.27117,1.19,1.19
2014.04.17 17:46:45.762,8.27051,8.27237,1.00,1.00
2014.04.17 17:46:45.813,8.27051,8.27265,1.00,1.00
2014.04.17 17:46:45.864,8.27051,8.27298,1.00,1.00
2014.04.17 17:46:45.965,8.27051,8.27333,1.00,1.00
2014.04.17 17:46:46.932,8.27051,8.27343,1.00,1.00
2014.04.17 17:46:47.085,8.27051,8.27363,1.00,1.00
2014.04.17 17:46:47.186,8.27051,8.27379,1.00,1.00
2014.04.17 17:46:47.237,8.27051,8.27403,1.00,1.00
2014.04.17 17:46:47.338,8.27051,8.27415,1.00,1.00
2014.04.17 17:46:47.713,8.27061,8.27415,1.00,1.00
2014.04.17 17:46:48.018,8.27075,8.27394,1.00,1.00
2014.04.17 17:47:09.480,8.27075,8.27351,1.00,1.00
2014.04.17 17:47:26.310,8.27074,8.27375,1.00,1.00
2014.04.17 17:47:28.543,8.27074,8.27355,1.00,1.00
2014.04.17 17:47:29.060,8.27088,8.27321,1.00,1.00
2014.04.17 17:47:29.740,8.27088,8.27341,1.00,1.00
2014.04.17 17:47:31.260,8.27119,8.27369,1.00,1.00
2014.04.17 17:47:32.079,8.27119,8.27327,1.00,2.10
2014.04.17 17:47:32.383,8.27076,8.2717,2.73,1.00
2014.04.17 17:47:32.484,8.27004,8.27168,1.00,1.00
2014.04.17 17:47:34.050,8.27004,8.27086,1.00,2.10
2014.04.17 17:47:34.251,8.26956,8.27086,1.00,2.10
2014.04.17 17:47:34.403,8.26956,8.27077,1.00,2.29
2014.04.17 17:47:34.606,8.26867,8.27065,1.00,1.79
2014.04.17 17:47:34.809,8.2683,8.27022,1.19,1.00
2014.04.17 17:47:34.999,8.26818,8.27022,1.79,1.00
2014.04.17 17:47:35.050,8.26818,8.26994,1.79,1.00
2014.04.17 17:47:39.924,8.26817,8.26994,1.79,1.00
2014.04.17 17:47:40.815,8.26817,8.26994,1.79,1.00
2014.04.17 17:47:44.063,8.26802,8.26994,1.19,1.00
2014.04.17 17:47:44.366,8.26904,8.27018,1.00,2.10
2014.04.17 17:47:44.468,8.26798,8.26998,1.19,1.00
2014.04.17 17:47:47.374,8.26798,8.26998,1.19,1.19
2014.04.17 17:48:03.172,8.26798,8.26998,1.00,1.00
2014.04.17 17:48:03.483,8.26798,8.26998,1.00,1.19
2014.04.17 17:48:05.199,8.26798,8.26998,1.19,1.00
2014.04.17 17:48:05.250,8.26813,8.27018,1.00,2.29
2014.04.17 17:48:05.679,8.26828,8.27021,1.00,1.79
2014.04.17 17:48:05.982,8.26927,8.27023,1.00,2.10
2014.04.17 17:48:06.489,8.26961,8.27023,5.51,2.10
2014.04.17 17:48:09.003,8.26961,8.27023,4.30,2.10
2014.04.17 17:48:15.937,8.26964,8.27023,1.10,2.10
2014.04.17 17:48:19.999,8.26969,8.27023,2.73,2.10
2014.04.17 17:48:31.021,8.26957,8.27023,2.95,2.10
2014.04.17 17:48:36.402,8.26957,8.27029,2.95,2.10
2014.04.17 17:48:41.561,8.26959,8.27029,1.00,2.10
2014.04.17 17:48:56.522,8.26975,8.27029,2.65,2.10
2014.04.17 17:49:04.814,8.26979,8.27029,2.95,2.10
2014.04.17 17:49:07.392,8.26979,8.27075,2.95,1.19
2014.04.17 17:49:08.222,8.26978,8.27082,2.95,1.00
2014.04.17 17:49:14.352,8.26978,8.27029,2.95,2.10
2014.04.17 17:49:14.691,8.2697,8.27029,1.13,2.10
2014.04.17 17:49:18.632,8.26985,8.27029,1.00,2.10
2014.04.17 17:49:18.756,8.26985,8.27029,1.00,1.50
2014.04.17 17:49:27.428,8.26975,8.27029,1.00,1.50
2014.04.17 17:49:28.427,8.26906,8.27029,1.00,1.50
2014.04.17 17:49:29.450,8.2687,8.27029,1.00,1.50
2014.04.17 17:49:29.650,8.26888,8.27029,1.00,1.50
2014.04.17 17:49:30.398,8.26855,8.27029,1.00,1.50
2014.04.17 17:49:30.508,8.26815,8.27029,1.19,1.50
2014.04.17 17:49:30.758,8.26842,8.27029,1.19,1.50
2014.04.17 17:49:31.795,8.26842,8.27029,1.00,1.69
2014.04.17 17:49:40.229,8.26842,8.27029,1.00,1.50
2014.04.17 17:49:41.594,8.26842,8.27029,1.19,1.50
2014.04.17 17:49:42.696,8.26842,8.27029,1.19,1.50
2014.04.17 17:49:46.638,8.26842,8.27029,1.00,1.50
2014.04.17 17:49:46.740,8.26842,8.27029,1.00,2.10
2014.04.17 17:49:48.746,8.26842,8.27029,1.00,2.29
2014.04.17 17:49:56.242,8.26842,8.27029,1.19,2.10
2014.04.17 17:49:57.346,8.26842,8.27029,1.00,2.10
2014.04.17 17:49:58.788,8.26842,8.27029,1.00,2.29
2014.04.17 17:50:07.178,8.26842,8.27029,1.19,2.10
2014.04.17 17:50:07.779,8.26842,8.27029,1.00,2.10
2014.04.17 17:50:08.807,8.26842,8.27029,1.00,2.29
2014.04.17 17:50:10.791,8.26842,8.27029,1.00,2.29
2014.04.17 17:50:17.218,8.26842,8.27029,1.00,2.10
2014.04.17 17:50:18.828,8.26842,8.27029,1.19,2.10
2014.04.17 17:50:19.532,8.26842,8.27029,1.19,2.29
2014.04.17 17:50:27.756,8.26841,8.27029,1.00,2.29
2014.04.17 17:50:29.878,8.26841,8.27029,1.00,2.29
2014.04.17 17:50:38.187,8.26841,8.27029,1.00,2.10
2014.04.17 17:50:39.191,8.26841,8.27029,1.19,2.10
2014.04.17 17:50:39.293,8.26841,8.27029,1.00,2.29
2014.04.17 17:50:40.418,8.26841,8.27029,1.19,2.10
2014.04.17 17:50:40.786,8.26849,8.27029,1.00,2.10
2014.04.17 17:50:50.663,8.26849,8.27029,1.19,2.10
2014.04.17 17:51:25.155,8.26849,8.27029,1.00,2.10
2014.04.17 17:51:26.975,8.26849,8.27029,1.19,2.10
2014.04.17 17:51:27.991,8.26849,8.27029,1.00,2.29
2014.04.17 17:51:30.505,8.26879,8.2703,1.00,2.29
2014.04.17 17:51:37.204,8.26879,8.2703,1.00,2.10
2014.04.17 17:51:38.618,8.26879,8.2703,1.00,2.29
2014.04.17 17:51:48.230,8.26879,8.2703,1.00,2.10
2014.04.17 17:51:49.029,8.26879,8.2703,1.00,2.29
2014.04.17 17:51:50.437,8.26879,8.2703,1.00,2.29
2014.04.17 17:51:58.203,8.26879,8.2703,1.00,2.10
2014.04.17 17:51:58.978,8.26879,8.27029,1.00,2.10
2014.04.17 17:52:02.981,8.26879,8.27029,1.00,2.29
2014.04.17 17:52:03.982,8.26879,8.27029,1.00,2.29
2014.04.17 17:52:08.196,8.26879,8.27029,1.00,2.10
2014.04.17 17:52:14.056,8.26879,8.27029,1.00,2.29
2014.04.17 17:52:15.018,8.26879,8.27029,1.00,2.29
2014.04.17 17:52:18.232,8.26879,8.27029,1.00,2.10
2014.04.17 17:52:25.010,8.26879,8.27029,1.00,2.29
2014.04.17 17:52:25.744,8.26878,8.27029,1.00,2.29
2014.04.17 17:52:27.019,8.26878,8.27029,1.00,2.29
2014.04.17 17:52:38.204,8.26878,8.27029,1.00,2.10
2014.04.17 17:52:44.118,8.26878,8.27029,1.00,2.29
2014.04.17 17:52:45.082,8.26878,8.27029,1.00,2.29
2014.04.17 17:52:48.213,8.26878,8.27029,1.00,2.10
2014.04.17 17:52:49.125,8.26878,8.27029,1.00,2.29
2014.04.17 17:53:00.616,8.26879,8.27029,1.00,2.29
2014.04.17 17:53:00.667,8.26879,8.27029,1.00,2.29
2014.04.17 17:53:05.171,8.26879,8.27029,1.00,2.29
2014.04.17 17:53:07.189,8.26879,8.27029,1.00,2.10
2014.04.17 17:53:08.084,8.26879,8.27029,1.00,2.29
2014.04.17 17:53:17.237,8.26879,8.27029,1.00,2.10
2014.04.17 17:53:17.339,8.26879,8.27029,1.00,2.29
2014.04.17 17:53:21.139,8.26879,8.27029,1.00,2.10
2014.04.17 17:53:21.230,8.26879,8.27029,1.00,2.29
2014.04.17 17:53:21.280,8.26853,8.27029,1.00,2.29
2014.04.17 17:53:21.493,8.2688,8.27029,1.00,2.29
2014.04.17 17:53:23.438,8.2688,8.27029,1.00,2.29
2014.04.17 17:53:26.160,8.2688,8.27029,1.00,2.29
2014.04.17 17:53:29.284,8.2688,8.27029,1.00,2.29
2014.04.17 17:53:30.953,8.26908,8.27029,1.00,2.29
2014.04.17 17:54:02.143,8.26908,8.2703,1.00,2.10
2014.04.17 17:54:16.723,8.26875,8.2703,1.00,2.10
2014.04.17 17:54:17.042,8.26904,8.2703,1.00,2.29
2014.04.17 17:54:38.345,8.26844,8.27022,1.00,1.60
2014.04.17 17:54:38.452,8.26792,8.26975,1.19,1.00
2014.04.17 17:54:44.966,8.26778,8.26975,1.19,1.00
2014.04.17 17:54:49.202,8.26778,8.26975,1.19,1.19
2014.04.17 17:55:29.671,8.26775,8.26993,1.79,1.19
2014.04.17 17:55:54.060,8.26783,8.26993,1.19,1.00
2014.04.17 17:56:01.706,8.26774,8.26993,1.79,1.19
2014.04.17 17:56:03.212,8.26783,8.26993,1.19,1.00
2014.04.17 17:56:11.637,8.26774,8.26993,1.79,1.19
2014.04.17 17:56:13.144,8.26782,8.26993,1.19,1.00
2014.04.17 17:56:15.146,8.26784,8.26993,1.19,1.00
2014.04.17 17:56:17.357,8.26775,8.26993,1.79,1.19
2014.04.17 17:56:38.125,8.26782,8.26993,1.19,1.00
2014.04.17 17:56:41.735,8.26774,8.26993,1.79,1.19
2014.04.17 17:56:44.140,8.26798,8.26993,1.19,1.00
2014.04.17 17:56:44.903,8.26798,8.26977,1.19,1.00
2014.04.17 17:56:45.419,8.26806,8.26977,1.19,1.00
2014.04.17 17:56:47.157,8.26794,8.26977,1.19,1.00
2014.04.17 17:56:48.864,8.26784,8.26977,1.19,1.00
2014.04.17 17:56:57.198,8.26773,8.26977,1.79,1.00
2014.04.17 17:57:00.943,8.26794,8.26977,1.19,1.00
2014.04.17 17:57:02.618,8.26806,8.26977,1.19,1.00
2014.04.17 17:57:27.209,8.26774,8.26977,1.79,1.00
2014.04.17 17:57:27.693,8.26774,8.26999,1.79,1.00
2014.04.17 17:57:28.615,8.26773,8.26999,1.79,1.19
2014.04.17 17:57:29.621,8.26773,8.26999,1.79,1.19
2014.04.17 17:57:35.841,8.26818,8.2703,1.00,1.79
2014.04.17 17:57:36.159,8.26885,8.27035,1.00,2.10
2014.04.17 17:57:36.462,8.26953,8.27035,1.00,2.10
2014.04.17 17:57:39.175,8.26954,8.27035,1.00,2.10
2014.04.17 17:57:39.510,8.26891,8.27035,1.00,2.10
2014.04.17 17:57:39.904,8.26943,8.27035,1.00,2.10
2014.04.17 17:57:40.121,8.26926,8.27035,1.00,2.10
2014.04.17 17:57:41.112,8.26958,8.27035,1.00,2.10
2014.04.17 17:57:42.431,8.26926,8.27035,1.00,2.10
2014.04.17 17:57:51.720,8.26908,8.27035,1.00,2.10
2014.04.17 17:57:58.416,8.26875,8.27035,1.00,2.10
2014.04.17 17:57:59.928,8.26894,8.27035,1.00,2.10
2014.04.17 17:58:01.234,8.26894,8.27035,1.19,2.10
2014.04.17 17:58:01.914,8.26942,8.27035,1.00,2.10
2014.04.17 17:58:02.418,8.26943,8.27035,1.00,2.10
2014.04.17 17:58:03.111,8.26908,8.27035,1.00,2.10
2014.04.17 17:58:04.224,8.26935,8.27035,1.00,2.10
2014.04.17 17:58:04.454,8.26896,8.27035,1.00,2.10
2014.04.17 17:58:07.141,8.26896,8.27037,1.00,2.10
2014.04.17 17:58:36.902,8.26912,8.27037,1.00,2.10
2014.04.17 17:58:37.454,8.26912,8.27036,1.00,2.10
2014.04.17 17:58:38.267,8.26933,8.27036,1.00,2.10
2014.04.17 17:58:38.936,8.26934,8.27036,1.00,2.10
2014.04.17 17:58:39.449,8.26901,8.27036,1.00,2.10
2014.04.17 17:58:59.451,8.26875,8.27036,1.00,2.10
2014.04.17 17:58:59.703,8.26891,8.27036,1.00,2.10
2014.04.17 17:59:00.014,8.26824,8.27036,1.19,2.29
2014.04.17 17:59:00.704,8.26929,8.27036,1.00,2.29
2014.04.17 17:59:00.755,8.26929,8.27036,1.00,2.10
2014.04.17 17:59:01.007,8.2682,8.27026,1.19,1.05
2014.04.17 17:59:01.959,8.26833,8.27036,1.19,2.10
2014.04.17 17:59:02.251,8.26821,8.27036,1.19,2.29
2014.04.17 17:59:03.203,8.26928,8.27036,1.00,2.29
2014.04.17 17:59:03.254,8.26928,8.27036,1.00,2.10
2014.04.17 17:59:03.413,8.26832,8.27036,1.19,2.10
2014.04.17 17:59:03.464,8.26819,8.27036,1.19,2.29
2014.04.17 17:59:04.491,8.268,8.27036,1.19,2.29
2014.04.17 17:59:08.051,8.268,8.27005,1.19,2.10
2014.04.17 17:59:08.497,8.26891,8.27005,1.00,2.10
2014.04.17 17:59:09.460,8.2691,8.27005,1.00,2.10
2014.04.17 17:59:25.859,8.26935,8.27005,1.00,2.10
2014.04.17 17:59:49.399,8.26935,8.27011,1.00,2.10
2014.04.17 17:59:49.763,8.26859,8.27011,1.00,2.10
2014.04.17 17:59:49.952,8.26841,8.27011,1.00,2.10
2014.04.17 17:59:50.946,8.26937,8.27011,1.00,2.10
2014.04.17 17:59:51.162,8.26875,8.27011,1.00,2.10
2014.04.17 17:59:52.195,8.26938,8.27011,1.00,2.10
2014.04.17 17:59:52.497,8.26876,8.27011,1.00,2.10
2014.04.17 17:59:53.494,8.26844,8.27011,1.00,2.10
2014.04.17 17:59:55.708,8.26911,8.27011,1.00,2.10
2014.04.17 17:59:56.464,8.26931,8.27011,1.00,2.10
2014.04.17 17:59:59.372,8.26931,8.27072,1.00,2.10
2014.04.17 17:59:59.423,8.26976,8.27072,1.00,2.10
2014.04.17 17:59:59.931,8.26975,8.27071,1.00,2.10
