2016.12.16 12:00:00.179,9.08564,9.08726,1.00,1.00
2016.12.16 12:00:05.954,9.08569,9.08726,1.00,1.00
2016.12.16 12:00:06.005,9.08589,9.08751,1.00,1.00
2016.12.16 12:00:06.411,9.08579,9.08741,1.00,1.00
2016.12.16 12:00:08.789,9.08583,9.08745,1.00,1.00
2016.12.16 12:00:09.802,9.08573,9.08735,1.00,1.00
2016.12.16 12:00:10.105,9.08584,9.08746,1.00,1.00
2016.12.16 12:00:10.899,9.08572,9.08736,1.00,1.00
2016.12.16 12:00:28.450,9.08584,9.08746,1.00,1.50
2016.12.16 12:00:28.885,9.0858,9.08742,1.00,1.00
2016.12.16 12:00:44.239,9.0858,9.08736,1.00,1.00
2016.12.16 12:00:44.290,9.08567,9.08731,1.00,1.00
2016.12.16 12:00:48.785,9.08577,9.08736,1.00,1.00
2016.12.16 12:00:49.112,9.08566,9.08728,1.00,1.00
2016.12.16 12:00:49.314,9.08577,9.08736,1.00,1.00
2016.12.16 12:00:49.832,9.08577,9.08737,1.00,1.00
2016.12.16 12:00:50.085,9.08566,9.08728,1.00,1.00
2016.12.16 12:00:50.188,9.08577,9.08739,1.00,1.00
2016.12.16 12:00:56.247,9.08587,9.08751,1.00,1.00
2016.12.16 12:00:57.742,9.08587,9.08746,1.00,1.00
2016.12.16 12:00:58.212,9.08576,9.08738,1.00,1.00
2016.12.16 12:00:59.551,9.08588,9.0875,1.00,1.00
2016.12.16 12:01:00.721,9.08599,9.08756,1.00,1.00
2016.12.16 12:01:00.822,9.08599,9.08761,1.00,1.00
2016.12.16 12:01:00.924,9.08585,9.08747,1.00,1.00
2016.12.16 12:01:01.231,9.08599,9.08761,1.00,1.00
2016.12.16 12:01:03.762,9.08554,9.08767,1.97,1.00
2016.12.16 12:01:03.813,9.08579,9.08766,1.00,1.00
2016.12.16 12:01:04.119,9.08599,9.08761,1.00,1.00
2016.12.16 12:01:07.122,9.08599,9.08756,1.00,1.00
2016.12.16 12:01:07.224,9.08585,9.08749,1.00,1.00
2016.12.16 12:01:08.728,9.08585,9.08747,1.00,1.00
2016.12.16 12:01:09.133,9.08601,9.08746,1.00,1.00
2016.12.16 12:01:09.432,9.08584,9.08746,1.00,1.50
2016.12.16 12:01:11.167,9.08596,9.08758,1.00,1.00
2016.12.16 12:01:11.471,9.08622,9.08784,1.00,1.00
2016.12.16 12:01:11.967,9.08635,9.08796,1.00,1.00
2016.12.16 12:01:12.171,9.08645,9.08807,1.00,1.00
2016.12.16 12:01:12.272,9.08658,9.0882,1.00,1.00
2016.12.16 12:01:12.577,9.0867,9.08832,1.00,1.00
2016.12.16 12:01:12.931,9.0867,9.08826,1.00,1.00
2016.12.16 12:01:13.033,9.08659,9.08821,1.00,1.00
2016.12.16 12:01:13.219,9.08669,9.08831,1.00,1.00
2016.12.16 12:01:13.523,9.08719,9.08881,1.00,1.00
2016.12.16 12:01:14.148,9.08736,9.08898,1.00,1.00
2016.12.16 12:01:14.451,9.08747,9.08909,1.00,1.00
2016.12.16 12:01:14.755,9.08759,9.08921,1.00,1.00
2016.12.16 12:01:15.160,9.0877,9.08932,1.00,1.00
2016.12.16 12:01:15.640,9.08782,9.08944,1.00,1.00
2016.12.16 12:01:15.944,9.08794,9.08956,1.00,2.10
2016.12.16 12:01:16.251,9.08794,9.08956,1.00,1.60
2016.12.16 12:01:17.801,9.08794,9.08956,1.00,1.35
2016.12.16 12:01:23.167,9.08783,9.08945,1.00,1.00
2016.12.16 12:01:26.752,9.08795,9.08957,1.00,1.00
2016.12.16 12:01:28.796,9.08793,9.08955,1.00,1.00
2016.12.16 12:01:29.098,9.08782,9.08944,1.00,1.00
2016.12.16 12:01:37.407,9.0877,9.08932,1.00,1.00
2016.12.16 12:01:42.021,9.0877,9.08879,1.00,1.00
2016.12.16 12:01:42.223,9.08723,9.08851,1.00,1.00
2016.12.16 12:01:42.274,9.08703,9.08848,1.00,1.00
2016.12.16 12:01:42.325,9.08686,9.08848,1.35,1.00
2016.12.16 12:01:42.477,9.08701,9.08863,1.00,1.00
2016.12.16 12:01:42.781,9.08739,9.08901,1.00,1.00
2016.12.16 12:01:43.589,9.08728,9.0889,1.00,1.00
2016.12.16 12:01:45.518,9.08718,9.0888,1.00,1.00
2016.12.16 12:01:48.820,9.08715,9.08877,1.00,1.00
2016.12.16 12:01:50.301,9.08726,9.08888,1.00,1.00
2016.12.16 12:01:59.825,9.08714,9.08876,1.00,1.00
2016.12.16 12:02:07.276,9.08728,9.0889,1.00,1.00
2016.12.16 12:02:08.881,9.08732,9.08894,1.00,1.00
2016.12.16 12:02:10.352,9.0872,9.08882,1.00,1.00
2016.12.16 12:02:14.672,9.08708,9.0887,1.00,1.00
2016.12.16 12:02:15.573,9.08719,9.08881,1.00,1.00
2016.12.16 12:02:28.792,9.08712,9.08876,1.00,1.00
2016.12.16 12:02:31.221,9.087,9.08862,1.00,1.00
2016.12.16 12:02:33.521,9.08711,9.08873,1.00,1.00
2016.12.16 12:02:40.524,9.087,9.08862,1.00,1.00
2016.12.16 12:02:42.152,9.08711,9.08875,1.00,1.00
2016.12.16 12:02:44.330,9.087,9.08862,1.00,1.00
2016.12.16 12:02:44.925,9.08711,9.08873,1.00,1.00
2016.12.16 12:02:45.734,9.08721,9.08883,1.00,1.00
2016.12.16 12:02:46.545,9.08705,9.08867,1.00,1.00
2016.12.16 12:02:47.455,9.08717,9.08879,1.00,1.00
2016.12.16 12:02:48.872,9.0871,9.08872,1.00,1.00
2016.12.16 12:02:51.982,9.08721,9.08883,1.00,1.00
2016.12.16 12:02:52.285,9.08732,9.08894,1.00,1.00
2016.12.16 12:02:55.352,9.08745,9.08907,1.00,1.00
2016.12.16 12:02:58.079,9.08731,9.08893,1.00,1.00
2016.12.16 12:03:04.568,9.0872,9.08882,1.00,1.00
2016.12.16 12:03:05.378,9.08731,9.08893,1.00,1.00
2016.12.16 12:03:08.677,9.08743,9.08905,1.00,1.00
2016.12.16 12:03:08.984,9.08749,9.08911,1.00,1.00
2016.12.16 12:03:10.417,9.08761,9.08923,1.00,1.00
2016.12.16 12:03:12.983,9.08772,9.08934,1.00,1.00
2016.12.16 12:03:13.304,9.0876,9.08924,1.00,1.00
2016.12.16 12:03:13.716,9.08774,9.08936,1.00,1.00
2016.12.16 12:03:25.632,9.08785,9.08947,1.00,1.00
2016.12.16 12:03:25.936,9.08774,9.08936,1.00,1.00
2016.12.16 12:03:26.441,9.08786,9.08948,1.00,1.00
2016.12.16 12:03:28.924,9.08774,9.08936,1.00,1.00
2016.12.16 12:03:30.420,9.08763,9.08925,1.00,1.00
2016.12.16 12:03:31.856,9.08752,9.08914,1.00,1.00
2016.12.16 12:03:40.330,9.08757,9.08914,1.00,1.00
2016.12.16 12:03:40.431,9.08764,9.08926,1.00,1.00
2016.12.16 12:03:40.542,9.08795,9.08957,1.00,1.00
2016.12.16 12:03:41.030,9.08783,9.08945,1.00,1.00
2016.12.16 12:03:41.434,9.08772,9.08934,1.00,1.00
2016.12.16 12:03:41.737,9.08774,9.08934,1.00,1.00
2016.12.16 12:03:41.839,9.08794,9.08956,1.00,1.00
2016.12.16 12:03:41.940,9.08807,9.08969,1.00,1.00
2016.12.16 12:03:42.344,9.08795,9.08957,1.00,1.00
2016.12.16 12:03:42.678,9.08782,9.08944,1.00,1.00
2016.12.16 12:03:43.842,9.08769,9.08931,1.00,1.00
2016.12.16 12:03:45.839,9.08758,9.0892,1.00,1.00
2016.12.16 12:03:48.873,9.08754,9.08916,1.00,1.00
2016.12.16 12:03:50.652,9.08766,9.08928,1.00,1.00
2016.12.16 12:03:54.358,9.08777,9.08939,1.00,1.00
2016.12.16 12:03:58.882,9.08788,9.08952,1.00,1.00
2016.12.16 12:04:01.044,9.08788,9.08952,1.00,1.37
2016.12.16 12:04:01.196,9.08772,9.08934,1.00,1.37
2016.12.16 12:04:01.298,9.08741,9.08903,1.00,1.37
2016.12.16 12:04:01.399,9.0873,9.08892,1.00,1.00
2016.12.16 12:04:01.501,9.08707,9.08869,1.00,1.00
2016.12.16 12:04:01.804,9.08688,9.0885,1.00,1.00
2016.12.16 12:04:02.108,9.08676,9.08838,1.00,1.00
2016.12.16 12:04:06.021,9.08676,9.08807,1.00,1.00
2016.12.16 12:04:06.325,9.08655,9.08756,1.00,1.00
2016.12.16 12:04:06.376,9.08635,9.08756,1.00,1.00
2016.12.16 12:04:06.427,9.08619,9.08756,1.00,1.50
2016.12.16 12:04:06.478,9.0861,9.08756,1.00,1.00
2016.12.16 12:04:06.529,9.0861,9.08766,1.00,1.00
2016.12.16 12:04:06.580,9.0859,9.08752,1.50,1.00
2016.12.16 12:04:07.282,9.08579,9.08741,1.00,1.00
2016.12.16 12:04:07.586,9.08568,9.0873,1.00,1.00
2016.12.16 12:04:08.821,9.08563,9.08727,1.00,1.00
2016.12.16 12:04:17.224,9.08552,9.08714,1.00,1.00
2016.12.16 12:04:20.034,9.08563,9.08725,1.00,1.00
2016.12.16 12:04:20.337,9.08574,9.08736,1.00,1.00
2016.12.16 12:04:21.834,9.0856,9.08724,1.00,1.00
2016.12.16 12:04:25.734,9.08549,9.08713,1.00,1.00
2016.12.16 12:04:28.839,9.0856,9.08722,1.00,1.00
2016.12.16 12:04:29.146,9.08571,9.08733,1.00,1.00
2016.12.16 12:04:29.451,9.08592,9.08754,1.00,1.00
2016.12.16 12:04:30.013,9.0858,9.08742,1.00,1.00
2016.12.16 12:04:32.022,9.08567,9.08729,1.00,1.00
2016.12.16 12:04:34.664,9.08556,9.08718,1.00,1.00
2016.12.16 12:04:36.927,9.08542,9.08704,1.00,1.00
2016.12.16 12:04:38.665,9.08531,9.08693,1.00,1.00
2016.12.16 12:04:39.673,9.08543,9.08705,1.00,1.00
2016.12.16 12:04:41.170,9.08554,9.08716,1.00,1.00
2016.12.16 12:04:43.135,9.08541,9.08703,1.00,1.00
2016.12.16 12:04:43.460,9.08529,9.08691,1.00,1.00
2016.12.16 12:04:43.764,9.08515,9.08679,1.00,1.00
2016.12.16 12:04:43.866,9.08504,9.08666,1.00,1.00
2016.12.16 12:04:44.171,9.08493,9.08655,1.00,1.00
2016.12.16 12:04:44.481,9.08469,9.08631,1.00,1.00
2016.12.16 12:04:44.736,9.08479,9.08643,1.00,1.00
2016.12.16 12:04:44.939,9.08494,9.08656,1.00,1.00
2016.12.16 12:04:45.549,9.08474,9.08637,1.00,1.00
2016.12.16 12:04:45.795,9.08461,9.08623,1.00,1.00
2016.12.16 12:04:46.099,9.08464,9.08626,1.00,1.00
2016.12.16 12:04:46.757,9.08452,9.08614,1.37,1.00
2016.12.16 12:04:48.876,9.08451,9.08613,1.37,1.00
2016.12.16 12:04:50.075,9.08462,9.08624,1.00,1.00
2016.12.16 12:04:51.071,9.08451,9.08613,1.37,1.00
2016.12.16 12:04:52.074,9.08462,9.08624,1.00,1.00
2016.12.16 12:04:53.585,9.08449,9.08611,1.37,1.00
2016.12.16 12:04:58.885,9.08449,9.08611,1.00,1.00
2016.12.16 12:04:58.986,9.08438,9.086,1.00,1.00
2016.12.16 12:04:59.819,9.08427,9.08589,1.00,1.00
2016.12.16 12:05:00.779,9.0841,9.08572,1.00,1.00
2016.12.16 12:05:01.194,9.08399,9.08561,1.37,1.00
2016.12.16 12:05:01.599,9.08411,9.08573,1.00,1.00
2016.12.16 12:05:01.700,9.08395,9.08559,1.37,1.00
2016.12.16 12:05:02.004,9.08385,9.08547,1.37,1.00
2016.12.16 12:05:02.338,9.08374,9.08536,1.37,1.00
2016.12.16 12:05:02.548,9.08374,9.08536,1.37,1.00
2016.12.16 12:05:02.700,9.08361,9.08523,1.37,1.00
2016.12.16 12:05:05.024,9.08349,9.08511,1.37,1.00
2016.12.16 12:05:05.835,9.08361,9.08523,1.37,1.00
2016.12.16 12:05:05.886,9.08361,9.08466,1.37,1.00
2016.12.16 12:05:06.088,9.08348,9.08436,1.00,1.00
2016.12.16 12:05:06.139,9.08348,9.08426,1.00,1.00
2016.12.16 12:05:06.190,9.08338,9.08426,1.00,1.00
2016.12.16 12:05:06.292,9.08324,9.08427,1.37,1.00
2016.12.16 12:05:06.343,9.08324,9.08416,1.37,1.00
2016.12.16 12:05:06.394,9.08303,9.08426,1.00,1.00
2016.12.16 12:05:06.444,9.08299,9.08416,1.37,1.00
2016.12.16 12:05:06.546,9.08299,9.08426,1.37,1.00
2016.12.16 12:05:06.597,9.08287,9.08416,1.37,1.00
2016.12.16 12:05:06.648,9.08287,9.08446,1.37,1.00
2016.12.16 12:05:06.699,9.0827,9.08434,1.37,1.00
2016.12.16 12:05:07.002,9.0826,9.08422,1.37,1.00
2016.12.16 12:05:07.561,9.0826,9.08422,1.37,1.00
2016.12.16 12:05:08.842,9.08265,9.08427,1.37,1.00
2016.12.16 12:05:10.569,9.08265,9.08427,1.37,1.00
2016.12.16 12:05:11.205,9.08276,9.08438,1.00,1.00
2016.12.16 12:05:12.062,9.08276,9.08438,1.37,1.00
2016.12.16 12:05:13.268,9.08276,9.08438,1.37,1.00
2016.12.16 12:05:15.620,9.08262,9.08424,1.37,1.00
2016.12.16 12:05:22.672,9.0825,9.08412,1.37,1.00
2016.12.16 12:05:23.575,9.08261,9.08423,1.37,1.00
2016.12.16 12:05:23.727,9.08261,9.08423,1.00,1.00
2016.12.16 12:05:24.657,9.0825,9.08412,1.00,1.00
2016.12.16 12:05:25.782,9.08239,9.08401,1.00,1.00
2016.12.16 12:05:27.478,9.08228,9.0839,1.00,1.00
2016.12.16 12:05:27.783,9.08217,9.08379,1.00,1.00
2016.12.16 12:05:28.114,9.08183,9.08345,1.00,1.00
2016.12.16 12:05:28.468,9.08167,9.08331,1.00,1.00
2016.12.16 12:05:28.569,9.08155,9.08317,1.00,1.00
2016.12.16 12:05:28.873,9.08133,9.08295,1.00,1.00
2016.12.16 12:05:29.378,9.08122,9.08284,1.00,1.00
2016.12.16 12:05:29.682,9.081,9.08262,1.00,1.00
2016.12.16 12:05:31.478,9.08087,9.08251,1.00,1.00
2016.12.16 12:05:36.283,9.08076,9.08238,1.00,1.00
2016.12.16 12:05:36.586,9.08065,9.08227,1.00,1.00
2016.12.16 12:05:37.658,9.08053,9.08217,1.00,1.00
2016.12.16 12:05:41.697,9.08043,9.08205,1.00,1.00
2016.12.16 12:05:43.809,9.08032,9.08194,1.00,1.00
2016.12.16 12:05:44.113,9.08046,9.08208,1.00,1.00
2016.12.16 12:05:44.416,9.08034,9.08196,1.00,1.00
2016.12.16 12:05:45.971,9.08022,9.08184,1.00,1.00
2016.12.16 12:05:48.375,9.08011,9.08173,1.00,1.00
2016.12.16 12:05:50.425,9.08023,9.08185,1.00,1.00
2016.12.16 12:05:57.600,9.08012,9.08174,1.00,1.00
2016.12.16 12:06:00.327,9.08001,9.08163,1.00,1.00
2016.12.16 12:06:00.933,9.08012,9.08174,1.00,1.00
2016.12.16 12:06:01.251,9.0804,9.08202,1.00,1.00
2016.12.16 12:06:01.554,9.08029,9.08191,1.00,1.00
2016.12.16 12:06:01.859,9.08014,9.08176,1.00,1.00
2016.12.16 12:06:02.531,9.08002,9.08164,1.00,1.00
2016.12.16 12:06:02.835,9.08013,9.08175,1.00,1.00
2016.12.16 12:06:04.024,9.08002,9.08164,1.00,1.00
2016.12.16 12:06:04.480,9.08004,9.08164,1.00,1.00
2016.12.16 12:06:04.531,9.08002,9.08164,1.00,1.00
2016.12.16 12:06:05.240,9.08013,9.08175,1.00,1.00
2016.12.16 12:06:06.065,9.08002,9.08164,1.00,1.00
2016.12.16 12:06:06.975,9.08013,9.08175,1.00,1.00
2016.12.16 12:06:07.934,9.08001,9.08165,1.00,1.00
2016.12.16 12:06:08.865,9.08005,9.08167,1.00,1.00
2016.12.16 12:06:10.897,9.08007,9.08167,1.00,1.00
2016.12.16 12:06:10.948,9.08027,9.08189,1.00,1.00
2016.12.16 12:06:10.999,9.08027,9.08187,1.00,1.00
2016.12.16 12:06:11.050,9.08005,9.08167,1.00,1.00
2016.12.16 12:06:16.859,9.07994,9.08156,1.00,1.00
2016.12.16 12:06:17.868,9.07962,9.08123,1.00,1.00
2016.12.16 12:06:17.970,9.07949,9.08111,1.00,1.00
2016.12.16 12:06:18.071,9.07938,9.081,1.00,1.00
2016.12.16 12:06:18.375,9.07899,9.08061,1.00,1.00
2016.12.16 12:06:18.679,9.07877,9.08039,1.00,1.00
2016.12.16 12:06:18.982,9.07852,9.08014,1.00,1.00
2016.12.16 12:06:19.286,9.07841,9.08003,1.00,1.00
2016.12.16 12:06:19.606,9.07804,9.07966,1.00,1.00
2016.12.16 12:06:19.910,9.07793,9.07955,1.00,1.00
2016.12.16 12:06:20.669,9.07805,9.07967,1.00,1.00
2016.12.16 12:06:22.573,9.07819,9.07981,1.00,1.00
2016.12.16 12:06:23.384,9.07831,9.07993,1.00,1.00
2016.12.16 12:06:24.984,9.07843,9.08005,1.00,1.00
2016.12.16 12:06:26.075,9.07832,9.07994,1.00,1.00
2016.12.16 12:06:31.482,9.07819,9.07983,1.00,1.00
2016.12.16 12:06:33.412,9.07833,9.07995,1.00,1.00
2016.12.16 12:06:35.524,9.07821,9.07983,1.00,1.00
2016.12.16 12:06:35.838,9.07834,9.07996,1.00,1.00
2016.12.16 12:06:36.142,9.07822,9.07984,1.00,1.00
2016.12.16 12:06:36.597,9.07833,9.07995,1.00,1.00
2016.12.16 12:06:36.992,9.07822,9.07984,1.00,1.00
2016.12.16 12:06:37.296,9.07833,9.07995,1.00,1.00
2016.12.16 12:06:37.602,9.07822,9.07984,1.00,1.00
2016.12.16 12:06:38.327,9.0781,9.07972,1.00,1.00
2016.12.16 12:06:38.733,9.07821,9.07983,1.00,1.00
2016.12.16 12:06:39.037,9.0781,9.07972,1.00,1.00
2016.12.16 12:06:41.419,9.07822,9.07984,1.00,1.00
2016.12.16 12:06:41.622,9.07822,9.07986,1.00,1.00
2016.12.16 12:06:45.059,9.07833,9.07986,1.60,1.00
2016.12.16 12:06:45.110,9.07838,9.08,1.60,1.00
2016.12.16 12:06:45.212,9.07853,9.08011,1.60,1.00
2016.12.16 12:06:45.262,9.07853,9.08011,1.60,1.00
2016.12.16 12:06:45.313,9.0789,9.08052,1.00,1.00
2016.12.16 12:06:45.415,9.07901,9.08063,1.00,1.00
2016.12.16 12:06:45.718,9.0792,9.08082,1.00,1.00
2016.12.16 12:06:47.237,9.07909,9.08071,1.00,1.00
2016.12.16 12:06:47.944,9.0792,9.08082,1.00,1.00
2016.12.16 12:06:48.851,9.07926,9.08088,1.00,1.00
2016.12.16 12:06:54.687,9.07915,9.08077,1.00,1.00
2016.12.16 12:06:55.654,9.07904,9.08066,1.00,1.00
2016.12.16 12:06:57.058,9.07918,9.0808,1.00,1.00
2016.12.16 12:06:58.995,9.07907,9.08069,1.00,1.00
2016.12.16 12:07:00.289,9.07919,9.08081,1.00,1.00
2016.12.16 12:07:04.711,9.07908,9.0807,1.00,1.00
2016.12.16 12:07:05.252,9.07907,9.08069,1.00,1.00
2016.12.16 12:07:06.268,9.07896,9.08058,1.00,1.00
2016.12.16 12:07:08.772,9.07894,9.08056,1.00,1.00
2016.12.16 12:07:28.632,9.07896,9.08058,1.00,1.00
2016.12.16 12:07:35.474,9.07884,9.08046,1.00,1.00
2016.12.16 12:07:37.941,9.07895,9.08057,1.00,1.00
2016.12.16 12:07:39.353,9.07906,9.08068,1.00,1.00
2016.12.16 12:07:45.226,9.0792,9.08082,1.00,1.00
2016.12.16 12:07:48.052,9.07909,9.08071,1.00,1.00
2016.12.16 12:07:48.879,9.07895,9.08057,1.00,1.00
2016.12.16 12:07:49.184,9.07884,9.08046,1.00,1.00
2016.12.16 12:07:50.042,9.07873,9.08035,1.00,1.00
2016.12.16 12:07:50.983,9.07862,9.08024,1.00,1.00
2016.12.16 12:07:51.321,9.0785,9.08012,1.00,1.00
2016.12.16 12:07:51.980,9.07839,9.08001,1.00,1.00
2016.12.16 12:07:52.754,9.07828,9.0799,1.00,1.00
2016.12.16 12:07:53.057,9.07816,9.0798,1.00,1.00
2016.12.16 12:07:53.969,9.07806,9.07968,1.00,1.00
2016.12.16 12:07:54.285,9.07787,9.07949,1.00,1.00
2016.12.16 12:07:54.976,9.07777,9.07939,1.00,1.00
2016.12.16 12:07:55.960,9.07766,9.07928,1.00,1.00
2016.12.16 12:07:56.768,9.07766,9.07926,1.00,1.00
2016.12.16 12:07:56.970,9.07753,9.07915,1.00,1.00
2016.12.16 12:07:57.072,9.07742,9.07904,1.00,1.00
2016.12.16 12:07:59.164,9.07731,9.07893,1.00,1.00
2016.12.16 12:07:59.485,9.0772,9.07882,1.00,1.00
2016.12.16 12:07:59.687,9.07677,9.07841,1.00,1.00
2016.12.16 12:08:00.600,9.07665,9.07827,1.00,1.00
2016.12.16 12:08:00.939,9.07651,9.07813,1.00,1.00
2016.12.16 12:08:02.773,9.0764,9.07802,1.00,1.00
2016.12.16 12:08:04.087,9.07629,9.07791,1.00,1.00
2016.12.16 12:08:05.396,9.07617,9.07779,1.00,1.00
2016.12.16 12:08:06.191,9.07607,9.07769,1.00,1.00
2016.12.16 12:08:07.173,9.07596,9.07758,1.00,1.00
2016.12.16 12:08:08.483,9.07595,9.07757,1.00,1.00
2016.12.16 12:08:08.786,9.07603,9.07765,1.00,1.00
2016.12.16 12:08:09.190,9.07615,9.07777,1.00,1.00
2016.12.16 12:08:10.168,9.07626,9.07788,1.00,1.00
2016.12.16 12:08:10.472,9.0764,9.07802,1.00,1.00
2016.12.16 12:08:11.986,9.07655,9.07817,1.00,1.00
2016.12.16 12:08:12.289,9.07669,9.07831,1.00,1.00
2016.12.16 12:08:12.795,9.07685,9.07847,1.00,1.00
2016.12.16 12:08:14.106,9.07699,9.07861,1.00,1.00
2016.12.16 12:08:14.409,9.07712,9.07874,1.00,1.00
2016.12.16 12:08:14.722,9.07723,9.07885,1.00,1.00
2016.12.16 12:08:16.088,9.07734,9.07898,1.00,1.00
2016.12.16 12:08:16.985,9.07724,9.07886,1.00,1.00
2016.12.16 12:08:17.309,9.07742,9.07904,1.00,1.00
2016.12.16 12:08:18.091,9.07731,9.07893,1.00,1.00
2016.12.16 12:08:24.019,9.07746,9.07908,1.00,1.00
2016.12.16 12:08:24.534,9.07756,9.0792,1.00,1.00
2016.12.16 12:08:24.635,9.07769,9.07931,1.00,1.00
2016.12.16 12:08:25.310,9.0778,9.07942,1.00,1.00
2016.12.16 12:08:25.614,9.07848,9.0801,1.60,1.00
2016.12.16 12:08:25.715,9.0791,9.08072,1.00,1.00
2016.12.16 12:08:25.766,9.07924,9.08072,1.60,1.00
2016.12.16 12:08:25.817,9.07951,9.08113,1.00,1.00
2016.12.16 12:08:25.918,9.07974,9.08136,1.00,1.00
2016.12.16 12:08:26.228,9.08053,9.08217,1.00,1.00
2016.12.16 12:08:26.329,9.08066,9.08228,1.00,1.00
2016.12.16 12:08:26.634,9.08138,9.083,1.00,1.00
2016.12.16 12:08:27.693,9.08156,9.08318,1.00,1.00
2016.12.16 12:08:27.896,9.08183,9.08347,1.00,1.00
2016.12.16 12:08:28.199,9.08171,9.08333,1.00,1.00
2016.12.16 12:08:28.502,9.0816,9.08322,1.00,1.00
2016.12.16 12:08:29.045,9.08159,9.08321,1.00,1.00
2016.12.16 12:08:29.349,9.08136,9.08298,1.00,1.00
2016.12.16 12:08:30.022,9.0812,9.08282,1.00,1.00
2016.12.16 12:08:30.325,9.08106,9.08268,1.00,1.00
2016.12.16 12:08:30.629,9.08092,9.08254,1.00,1.00
2016.12.16 12:08:30.811,9.0808,9.08244,1.00,1.00
2016.12.16 12:08:31.320,9.0807,9.08232,1.00,1.00
2016.12.16 12:08:31.624,9.08058,9.0822,1.00,1.00
2016.12.16 12:08:32.231,9.08046,9.08208,1.00,1.00
2016.12.16 12:08:32.535,9.0802,9.08182,1.00,1.00
2016.12.16 12:08:33.409,9.08009,9.08171,1.00,1.00
2016.12.16 12:08:33.712,9.07998,9.0816,1.00,1.00
2016.12.16 12:08:34.117,9.07986,9.08148,1.00,1.00
2016.12.16 12:08:34.421,9.07974,9.08136,1.00,1.00
2016.12.16 12:08:34.726,9.07963,9.08125,1.00,1.00
2016.12.16 12:08:35.130,9.07951,9.08113,1.37,1.00
2016.12.16 12:08:36.321,9.07951,9.08113,1.00,1.00
2016.12.16 12:08:36.422,9.0794,9.08102,1.00,1.00
2016.12.16 12:08:36.726,9.07914,9.08076,1.00,1.00
2016.12.16 12:08:37.034,9.07903,9.08065,1.00,1.00
2016.12.16 12:08:37.384,9.07892,9.08054,1.00,1.00
2016.12.16 12:08:37.687,9.07866,9.08028,1.00,1.00
2016.12.16 12:08:38.316,9.07855,9.08017,1.00,1.00
2016.12.16 12:08:38.620,9.07852,9.08014,1.00,1.00
2016.12.16 12:08:39.727,9.07836,9.07998,1.00,1.00
2016.12.16 12:08:40.536,9.07847,9.08009,1.00,1.00
2016.12.16 12:08:43.765,9.07861,9.08023,1.00,1.00
2016.12.16 12:08:43.867,9.07874,9.08038,1.00,1.00
2016.12.16 12:08:43.969,9.07886,9.08048,1.00,1.00
2016.12.16 12:08:44.272,9.07898,9.0806,1.00,1.00
2016.12.16 12:08:44.622,9.07909,9.08071,1.00,1.00
2016.12.16 12:08:47.841,9.07921,9.08083,1.00,1.00
2016.12.16 12:08:48.832,9.07918,9.0808,1.00,1.00
2016.12.16 12:08:59.676,9.0793,9.08092,1.00,1.00
2016.12.16 12:09:10.976,9.0794,9.08102,1.00,1.00
2016.12.16 12:09:12.492,9.07953,9.08115,1.00,1.00
2016.12.16 12:09:22.300,9.07941,9.08103,1.00,1.00
2016.12.16 12:09:27.011,9.07931,9.08093,1.00,1.00
2016.12.16 12:09:28.820,9.07928,9.0809,1.00,1.00
2016.12.16 12:09:39.035,9.07939,9.08101,1.00,1.00
2016.12.16 12:09:42.017,9.0795,9.08112,1.00,1.00
2016.12.16 12:09:43.045,9.07962,9.08124,1.00,1.00
2016.12.16 12:09:44.056,9.07973,9.08135,1.00,1.00
2016.12.16 12:09:44.461,9.07985,9.08147,1.00,1.00
2016.12.16 12:09:44.767,9.07995,9.08157,1.00,1.00
2016.12.16 12:09:45.071,9.07984,9.08146,1.00,1.00
2016.12.16 12:09:45.299,9.07995,9.08159,1.00,1.00
2016.12.16 12:09:45.350,9.08008,9.0817,1.00,1.00
2016.12.16 12:09:45.653,9.08027,9.08189,1.00,1.00
2016.12.16 12:09:46.024,9.08038,9.082,1.00,1.00
2016.12.16 12:09:46.328,9.08049,9.08211,1.00,1.00
2016.12.16 12:09:46.631,9.08071,9.08233,1.00,1.00
2016.12.16 12:09:47.136,9.08082,9.08244,1.00,1.00
2016.12.16 12:09:48.827,9.08087,9.08249,1.00,1.00
2016.12.16 12:09:53.946,9.0807,9.08232,1.00,1.00
2016.12.16 12:09:54.553,9.08059,9.08221,1.00,1.00
2016.12.16 12:09:55.157,9.08069,9.08233,1.00,1.00
2016.12.16 12:10:08.887,9.08064,9.08228,1.00,1.00
2016.12.16 12:10:12.979,9.08053,9.08215,1.00,1.00
2016.12.16 12:10:18.696,9.08041,9.08203,1.00,1.00
2016.12.16 12:10:19.000,9.08014,9.08176,1.00,1.00
2016.12.16 12:10:19.837,9.08001,9.08165,1.00,1.00
2016.12.16 12:10:19.888,9.07991,9.08153,1.00,1.00
2016.12.16 12:10:19.990,9.07979,9.08143,1.00,1.00
2016.12.16 12:10:20.091,9.07969,9.08131,1.00,1.00
2016.12.16 12:10:20.626,9.0798,9.08142,1.00,1.00
2016.12.16 12:10:20.930,9.0795,9.08112,1.37,1.00
2016.12.16 12:10:21.144,9.07938,9.08102,1.00,1.00
2016.12.16 12:10:21.195,9.07923,9.08087,1.37,1.00
2016.12.16 12:10:21.549,9.07923,9.08087,1.00,1.00
2016.12.16 12:10:21.601,9.07935,9.08097,1.00,1.00
2016.12.16 12:10:21.703,9.07923,9.08087,1.00,1.00
2016.12.16 12:10:21.804,9.07906,9.08068,1.00,1.00
2016.12.16 12:10:22.108,9.07893,9.08055,1.00,1.00
2016.12.16 12:10:22.699,9.07877,9.08039,1.37,1.00
2016.12.16 12:10:22.851,9.07877,9.08039,1.00,1.00
2016.12.16 12:10:23.205,9.07865,9.08029,1.00,1.00
2016.12.16 12:10:24.901,9.07853,9.08017,1.00,1.00
2016.12.16 12:10:35.457,9.07844,9.08006,1.00,1.00
2016.12.16 12:10:36.366,9.07832,9.07994,1.00,1.00
2016.12.16 12:10:38.462,9.07818,9.0798,1.00,1.00
2016.12.16 12:10:38.944,9.07807,9.07969,1.00,1.00
2016.12.16 12:10:39.731,9.07795,9.07957,1.00,1.00
2016.12.16 12:10:48.266,9.07781,9.07943,1.00,1.00
2016.12.16 12:10:49.106,9.07766,9.07928,1.00,1.00
2016.12.16 12:10:49.672,9.07755,9.07917,1.00,1.00
2016.12.16 12:10:49.978,9.07733,9.07895,1.97,1.00
2016.12.16 12:10:50.281,9.07718,9.0788,1.97,1.00
2016.12.16 12:10:50.640,9.07718,9.0788,1.97,1.00
2016.12.16 12:10:50.694,9.07718,9.0788,1.97,1.00
2016.12.16 12:10:50.998,9.07718,9.0788,1.97,1.00
2016.12.16 12:10:51.321,9.07718,9.0788,1.97,1.00
2016.12.16 12:10:51.773,9.07718,9.0788,1.97,1.00
2016.12.16 12:10:52.283,9.07718,9.0788,1.97,1.00
2016.12.16 12:10:52.782,9.07718,9.0788,1.97,1.00
2016.12.16 12:10:53.161,9.07718,9.0788,1.97,1.00
2016.12.16 12:10:54.022,9.07718,9.0788,1.97,1.00
2016.12.16 12:10:54.259,9.07718,9.0788,1.97,1.00
2016.12.16 12:10:55.523,9.07718,9.0788,1.97,1.00
2016.12.16 12:10:56.793,9.07718,9.0788,1.97,1.00
2016.12.16 12:10:57.020,9.07718,9.0788,1.97,1.00
2016.12.16 12:10:57.520,9.07718,9.0788,1.97,1.00
2016.12.16 12:10:57.770,9.07718,9.0788,1.97,1.00
2016.12.16 12:10:58.260,9.07718,9.0788,1.97,1.00
2016.12.16 12:10:58.519,9.07718,9.0788,1.97,1.00
2016.12.16 12:10:59.020,9.07718,9.0788,1.97,1.00
2016.12.16 12:10:59.223,9.07719,9.0788,1.97,1.00
2016.12.16 12:10:59.274,9.07729,9.07891,1.97,1.00
2016.12.16 12:10:59.376,9.07745,9.07907,1.00,1.00
2016.12.16 12:10:59.477,9.07723,9.07885,1.97,1.00
2016.12.16 12:10:59.528,9.07723,9.07885,1.37,1.00
2016.12.16 12:10:59.580,9.07758,9.07888,1.00,1.00
2016.12.16 12:10:59.681,9.077,9.07862,1.00,1.50
2016.12.16 12:10:59.783,9.077,9.07856,1.00,1.00
2016.12.16 12:11:00.036,9.077,9.07862,1.00,1.00
2016.12.16 12:11:00.188,9.07712,9.07874,1.00,1.00
2016.12.16 12:11:00.491,9.07684,9.07848,1.00,1.60
2016.12.16 12:11:00.592,9.07673,9.07837,1.00,1.60
2016.12.16 12:11:00.694,9.07662,9.07826,1.00,1.00
2016.12.16 12:11:00.795,9.0765,9.07812,1.00,1.00
2016.12.16 12:11:02.424,9.07654,9.07812,1.00,1.00
2016.12.16 12:11:02.626,9.07661,9.07823,1.00,1.00
2016.12.16 12:11:02.677,9.07673,9.07835,1.00,1.00
2016.12.16 12:11:02.980,9.07714,9.07876,1.00,1.00
2016.12.16 12:11:03.587,9.07726,9.07888,1.00,1.00
2016.12.16 12:11:04.056,9.07737,9.07901,1.00,1.00
2016.12.16 12:11:04.714,9.07749,9.07911,1.00,1.00
2016.12.16 12:11:06.030,9.07759,9.07911,1.00,1.00
2016.12.16 12:11:06.132,9.07766,9.07928,1.37,1.00
2016.12.16 12:11:06.234,9.07779,9.07941,1.00,1.00
2016.12.16 12:11:06.285,9.07792,9.07941,1.00,1.00
2016.12.16 12:11:06.337,9.07812,9.07974,1.00,1.00
2016.12.16 12:11:06.489,9.07826,9.07988,1.00,1.00
2016.12.16 12:11:07.718,9.07814,9.07976,1.00,1.00
2016.12.16 12:11:13.423,9.07827,9.07989,1.00,1.00
2016.12.16 12:11:13.728,9.07838,9.08,1.00,1.00
2016.12.16 12:11:22.957,9.07849,9.08011,1.00,1.00
2016.12.16 12:11:23.267,9.0786,9.08022,1.00,1.00
2016.12.16 12:11:23.573,9.07886,9.08048,1.00,1.00
2016.12.16 12:11:23.878,9.07914,9.08071,1.00,1.00
2016.12.16 12:11:24.030,9.07923,9.08083,1.00,1.00
2016.12.16 12:11:24.131,9.07944,9.08098,1.00,1.00
2016.12.16 12:11:24.233,9.07966,9.08128,1.00,1.00
2016.12.16 12:11:24.334,9.08002,9.08164,1.00,1.00
2016.12.16 12:11:24.678,9.08046,9.08208,1.00,1.60
2016.12.16 12:11:24.779,9.08046,9.08208,1.00,1.60
2016.12.16 12:11:25.285,9.08046,9.08208,1.00,1.35
2016.12.16 12:11:25.638,9.08059,9.08223,1.00,1.00
2016.12.16 12:11:25.740,9.08072,9.08234,1.00,1.00
2016.12.16 12:11:26.043,9.08124,9.08286,1.00,1.00
2016.12.16 12:11:26.347,9.08163,9.08325,1.00,1.00
2016.12.16 12:11:26.719,9.08191,9.08353,1.00,1.00
2016.12.16 12:11:26.770,9.08202,9.08366,1.00,1.00
2016.12.16 12:11:27.629,9.08215,9.08377,1.00,1.00
2016.12.16 12:11:28.743,9.0822,9.08382,1.00,1.00
2016.12.16 12:11:30.452,9.08209,9.08371,1.00,1.00
2016.12.16 12:11:30.873,9.08198,9.0836,1.00,1.00
2016.12.16 12:11:31.177,9.08187,9.08349,1.00,1.00
2016.12.16 12:11:31.683,9.08176,9.08338,1.00,1.00
2016.12.16 12:11:32.056,9.08176,9.08275,1.00,2.10
2016.12.16 12:11:32.157,9.0811,9.0827,1.00,2.10
2016.12.16 12:11:32.208,9.0811,9.08263,1.00,2.10
2016.12.16 12:11:32.259,9.08099,9.08224,1.00,1.00
2016.12.16 12:11:32.310,9.08099,9.08218,1.00,1.00
2016.12.16 12:11:32.361,9.08036,9.08198,1.37,1.00
2016.12.16 12:11:32.462,9.08027,9.08186,1.37,1.00
2016.12.16 12:11:32.563,9.08037,9.08201,1.37,1.00
2016.12.16 12:11:32.789,9.08034,9.08196,1.37,1.00
2016.12.16 12:11:33.093,9.08006,9.08168,1.00,1.00
2016.12.16 12:11:33.144,9.07994,9.08157,1.00,1.00
2016.12.16 12:11:33.347,9.07984,9.08146,1.60,1.00
2016.12.16 12:11:33.549,9.07984,9.08146,1.00,1.00
2016.12.16 12:11:33.600,9.07984,9.08146,1.00,1.37
2016.12.16 12:11:33.854,9.07972,9.08134,1.00,1.37
2016.12.16 12:11:34.813,9.07972,9.08134,1.00,1.37
2016.12.16 12:11:35.057,9.0795,9.08112,1.00,1.37
2016.12.16 12:11:36.120,9.0795,9.08112,1.00,1.37
2016.12.16 12:11:36.170,9.07939,9.08101,1.00,1.37
2016.12.16 12:11:36.726,9.07939,9.08101,1.00,1.00
2016.12.16 12:11:38.771,9.0795,9.08112,1.00,1.00
2016.12.16 12:11:40.371,9.07961,9.08123,1.00,1.00
2016.12.16 12:11:48.775,9.07958,9.0812,1.00,1.00
2016.12.16 12:11:51.083,9.07969,9.08131,1.00,1.00
2016.12.16 12:11:53.379,9.07957,9.08119,1.00,1.00
2016.12.16 12:11:53.581,9.07945,9.08109,1.00,1.00
2016.12.16 12:11:54.390,9.07956,9.0812,1.00,1.00
2016.12.16 12:11:55.929,9.07946,9.08108,1.00,1.00
2016.12.16 12:11:58.206,9.07935,9.08097,1.00,1.00
2016.12.16 12:12:00.109,9.07921,9.08085,1.00,1.00
2016.12.16 12:12:05.440,9.07911,9.08073,1.00,1.00
2016.12.16 12:12:05.744,9.07896,9.08058,1.00,1.00
2016.12.16 12:12:06.628,9.07884,9.08046,1.00,1.00
2016.12.16 12:12:08.035,9.07872,9.08034,1.00,1.00
2016.12.16 12:12:10.515,9.07862,9.08024,1.00,1.00
2016.12.16 12:12:13.744,9.07851,9.08013,1.00,1.00
2016.12.16 12:12:14.149,9.07837,9.07999,1.00,1.00
2016.12.16 12:12:16.072,9.07826,9.07988,1.00,1.00
2016.12.16 12:12:22.353,9.07815,9.07977,1.00,1.00
2016.12.16 12:12:23.368,9.07804,9.07966,1.00,1.00
2016.12.16 12:12:27.776,9.07793,9.07955,1.00,1.00
2016.12.16 12:12:28.080,9.07781,9.07943,1.00,1.00
2016.12.16 12:12:28.459,9.0777,9.07932,1.00,1.00
2016.12.16 12:12:28.863,9.07772,9.07934,1.00,1.00
2016.12.16 12:12:30.077,9.07762,9.07924,1.00,1.00
2016.12.16 12:12:31.584,9.07747,9.07909,1.00,1.00
2016.12.16 12:12:33.570,9.07736,9.07898,1.00,1.00
2016.12.16 12:12:37.312,9.07723,9.07887,1.00,1.00
2016.12.16 12:12:38.500,9.07735,9.07897,1.00,1.00
2016.12.16 12:12:39.617,9.07724,9.07886,1.00,1.00
2016.12.16 12:12:40.318,9.07713,9.07875,1.00,1.00
2016.12.16 12:12:40.622,9.07703,9.07865,1.00,1.00
2016.12.16 12:12:41.077,9.07691,9.07853,1.00,1.00
2016.12.16 12:12:41.393,9.0768,9.07842,1.00,1.00
2016.12.16 12:12:41.975,9.07681,9.07843,1.00,1.00
2016.12.16 12:12:44.207,9.07693,9.07855,1.00,1.00
2016.12.16 12:12:46.521,9.07704,9.07866,1.00,1.00
2016.12.16 12:12:48.833,9.0771,9.07872,1.00,1.00
2016.12.16 12:12:54.883,9.07712,9.07872,1.00,1.00
2016.12.16 12:12:54.934,9.07732,9.07894,1.00,1.00
2016.12.16 12:12:55.036,9.0772,9.07882,1.00,1.00
2016.12.16 12:13:00.429,9.07731,9.07893,1.00,1.00
2016.12.16 12:13:00.764,9.0772,9.07882,1.00,1.00
2016.12.16 12:13:03.127,9.07731,9.07893,1.00,1.00
2016.12.16 12:13:08.869,9.07735,9.07897,1.00,1.00
2016.12.16 12:13:10.337,9.07747,9.07909,1.00,1.00
2016.12.16 12:13:10.641,9.07758,9.0792,1.00,1.00
2016.12.16 12:13:11.046,9.0777,9.07932,1.00,1.00
2016.12.16 12:13:16.581,9.07782,9.07944,1.00,1.00
2016.12.16 12:13:17.564,9.07795,9.07957,1.00,1.00
2016.12.16 12:13:19.674,9.07806,9.07968,1.00,1.00
2016.12.16 12:13:25.015,9.07806,9.07873,1.00,2.10
2016.12.16 12:13:25.116,9.07793,9.07854,1.00,1.60
2016.12.16 12:13:25.167,9.07714,9.07834,1.00,1.00
2016.12.16 12:13:25.218,9.07752,9.07834,1.00,1.00
2016.12.16 12:13:25.370,9.07653,9.07772,1.00,1.00
2016.12.16 12:13:25.472,9.07621,9.07753,1.00,1.00
2016.12.16 12:13:25.523,9.07621,9.07744,1.00,1.00
2016.12.16 12:13:25.574,9.07562,9.07724,1.00,1.00
2016.12.16 12:13:25.675,9.07549,9.07711,1.00,1.00
2016.12.16 12:13:27.484,9.07538,9.077,1.00,1.00
2016.12.16 12:13:28.411,9.07549,9.07711,1.00,1.00
2016.12.16 12:13:28.765,9.07541,9.07703,1.00,1.00
2016.12.16 12:13:33.588,9.0753,9.07692,1.00,1.00
2016.12.16 12:13:34.094,9.07529,9.07691,1.00,1.00
2016.12.16 12:13:34.903,9.07541,9.07703,1.00,1.00
2016.12.16 12:13:35.914,9.07529,9.07691,1.00,1.00
2016.12.16 12:13:36.217,9.07543,9.07705,1.00,1.00
2016.12.16 12:13:38.725,9.07531,9.07695,1.00,1.00
2016.12.16 12:13:40.432,9.07544,9.07706,1.00,1.00
2016.12.16 12:13:40.841,9.07532,9.07694,1.00,1.00
2016.12.16 12:13:42.027,9.07542,9.07704,1.00,1.00
2016.12.16 12:13:42.947,9.07553,9.07715,1.00,1.00
2016.12.16 12:13:43.251,9.07564,9.07711,1.00,1.00
2016.12.16 12:13:43.302,9.07554,9.07711,1.00,1.00
2016.12.16 12:13:43.504,9.07543,9.07707,1.00,1.00
2016.12.16 12:13:44.211,9.07532,9.07694,1.00,1.00
2016.12.16 12:13:46.311,9.07548,9.0771,1.00,1.00
2016.12.16 12:13:46.614,9.07535,9.07697,1.00,1.00
2016.12.16 12:13:47.328,9.07547,9.07709,1.00,1.00
2016.12.16 12:13:47.631,9.07536,9.07698,1.00,1.00
2016.12.16 12:13:48.798,9.07545,9.07707,1.00,1.00
2016.12.16 12:13:49.001,9.07545,9.07709,1.00,1.00
2016.12.16 12:14:02.871,9.07557,9.07719,1.00,1.00
2016.12.16 12:14:03.478,9.07569,9.07731,1.00,1.00
2016.12.16 12:14:03.984,9.07583,9.07745,1.00,1.00
2016.12.16 12:14:04.085,9.07595,9.07759,1.00,1.00
2016.12.16 12:14:05.698,9.07609,9.07771,1.00,1.00
2016.12.16 12:14:10.019,9.0762,9.07782,1.00,1.00
2016.12.16 12:14:10.322,9.07632,9.07794,1.00,1.00
2016.12.16 12:14:10.626,9.07617,9.07779,1.00,1.00
2016.12.16 12:14:11.705,9.07628,9.0779,1.00,1.00
2016.12.16 12:14:11.807,9.07638,9.07802,1.00,1.00
2016.12.16 12:14:11.908,9.07627,9.07789,1.00,1.00
2016.12.16 12:14:14.826,9.07639,9.07801,1.00,1.00
2016.12.16 12:14:16.515,9.07651,9.07813,1.00,1.00
2016.12.16 12:14:16.819,9.07673,9.07835,1.00,1.00
2016.12.16 12:14:17.724,9.07685,9.07847,1.00,1.00
2016.12.16 12:14:18.141,9.07696,9.0786,1.00,1.00
2016.12.16 12:14:18.343,9.0771,9.07872,1.00,1.00
2016.12.16 12:14:18.748,9.07721,9.07883,1.00,1.00
2016.12.16 12:14:19.779,9.07732,9.07896,1.00,1.00
2016.12.16 12:14:20.638,9.07744,9.07906,1.00,1.00
2016.12.16 12:14:21.150,9.07732,9.07896,1.00,1.00
2016.12.16 12:14:22.695,9.07744,9.07906,1.00,1.00
2016.12.16 12:14:23.455,9.07755,9.07917,1.00,1.00
2016.12.16 12:14:24.150,9.07766,9.07928,1.00,1.00
2016.12.16 12:14:24.766,9.07766,9.07833,1.00,2.10
2016.12.16 12:14:24.867,9.07746,9.07821,1.00,1.60
2016.12.16 12:14:24.918,9.07667,9.07821,1.00,1.60
2016.12.16 12:14:24.969,9.07647,9.07794,1.00,1.60
2016.12.16 12:14:25.020,9.07632,9.07794,1.00,1.00
2016.12.16 12:14:25.070,9.0762,9.07782,1.00,1.00
2016.12.16 12:14:25.374,9.07655,9.07812,1.00,1.00
2016.12.16 12:14:25.425,9.07655,9.07817,1.00,1.00
2016.12.16 12:14:25.476,9.07642,9.07804,1.00,1.00
2016.12.16 12:14:25.781,9.07618,9.0778,1.00,1.00
2016.12.16 12:14:26.083,9.07629,9.07791,1.00,1.00
2016.12.16 12:14:27.195,9.07614,9.07778,1.00,1.00
2016.12.16 12:14:27.296,9.07605,9.07767,1.00,1.00
2016.12.16 12:14:28.670,9.07593,9.07755,1.00,1.00
2016.12.16 12:14:28.974,9.0759,9.07752,1.00,1.00
2016.12.16 12:14:30.297,9.07578,9.07742,1.00,1.00
2016.12.16 12:14:31.997,9.07567,9.07729,1.00,1.00
2016.12.16 12:14:32.503,9.07582,9.07744,1.00,1.00
2016.12.16 12:14:33.361,9.07569,9.07733,1.00,1.00
2016.12.16 12:14:33.868,9.07583,9.07745,1.00,1.00
2016.12.16 12:14:35.314,9.07583,9.07741,1.00,1.00
2016.12.16 12:14:35.365,9.07568,9.0773,1.00,1.00
2016.12.16 12:14:35.467,9.07557,9.07719,1.00,1.00
2016.12.16 12:14:35.771,9.07546,9.07708,1.00,1.00
2016.12.16 12:14:39.056,9.07546,9.07708,1.60,1.00
2016.12.16 12:14:39.208,9.07557,9.07719,1.00,1.00
2016.12.16 12:14:39.310,9.07544,9.07706,1.60,1.00
2016.12.16 12:14:39.513,9.07544,9.07706,1.60,1.00
2016.12.16 12:14:40.530,9.07544,9.07706,1.60,1.00
2016.12.16 12:14:40.788,9.07544,9.07706,1.60,1.00
2016.12.16 12:14:41.043,9.07544,9.07706,1.60,1.00
2016.12.16 12:14:42.022,9.07544,9.07706,1.60,1.00
2016.12.16 12:14:42.512,9.07544,9.07706,1.60,1.00
2016.12.16 12:14:43.553,9.07544,9.07706,1.60,1.00
2016.12.16 12:14:44.027,9.07544,9.07706,1.60,1.00
2016.12.16 12:14:44.179,9.07555,9.07717,1.00,1.00
2016.12.16 12:14:45.373,9.07566,9.07728,1.00,1.00
2016.12.16 12:14:45.677,9.07577,9.07739,1.00,1.00
2016.12.16 12:14:46.706,9.07588,9.0775,1.00,1.00
2016.12.16 12:14:48.393,9.076,9.07762,1.00,1.00
2016.12.16 12:14:48.797,9.07596,9.07758,1.00,1.00
2016.12.16 12:14:50.419,9.07607,9.07769,1.00,1.00
2016.12.16 12:14:56.042,9.07596,9.07758,1.00,1.00
2016.12.16 12:14:56.346,9.07608,9.0777,1.00,1.00
2016.12.16 12:14:57.172,9.07596,9.0776,1.00,1.00
2016.12.16 12:14:57.425,9.07608,9.0777,1.00,1.00
2016.12.16 12:15:02.273,9.07608,9.07762,1.00,1.00
2016.12.16 12:15:02.425,9.07597,9.07753,1.00,1.00
2016.12.16 12:15:02.510,9.07585,9.07749,1.00,1.00
2016.12.16 12:15:02.562,9.07585,9.07743,1.00,1.00
2016.12.16 12:15:02.613,9.07557,9.07719,1.00,1.00
2016.12.16 12:15:02.715,9.07546,9.07708,1.00,1.00
2016.12.16 12:15:04.545,9.07535,9.07697,1.00,1.00
2016.12.16 12:15:04.849,9.07535,9.07697,1.60,1.00
2016.12.16 12:15:05.867,9.07535,9.07697,1.60,1.00
2016.12.16 12:15:06.271,9.07535,9.07697,1.60,1.00
2016.12.16 12:15:06.752,9.07535,9.07697,1.60,1.00
2016.12.16 12:15:07.367,9.07535,9.07697,1.60,1.00
2016.12.16 12:15:07.519,9.07535,9.07697,1.60,1.00
2016.12.16 12:15:07.870,9.07535,9.07697,1.60,1.00
2016.12.16 12:15:08.267,9.07535,9.07697,1.60,1.00
2016.12.16 12:15:08.825,9.07538,9.077,1.60,1.00
2016.12.16 12:15:12.549,9.07538,9.077,1.60,1.00
2016.12.16 12:15:13.016,9.07538,9.077,1.60,1.00
2016.12.16 12:15:13.872,9.07538,9.077,1.60,1.00
2016.12.16 12:15:14.225,9.07538,9.077,1.60,1.00
2016.12.16 12:15:14.276,9.07538,9.077,1.60,1.00
2016.12.16 12:15:14.529,9.07538,9.077,1.60,1.00
2016.12.16 12:15:15.286,9.07538,9.077,1.60,1.00
2016.12.16 12:15:16.051,9.07538,9.077,1.60,1.00
2016.12.16 12:15:17.011,9.07538,9.077,1.60,1.00
2016.12.16 12:15:17.585,9.07538,9.077,1.60,1.00
2016.12.16 12:15:17.787,9.07538,9.077,1.60,1.00
2016.12.16 12:15:18.519,9.07538,9.077,1.60,1.00
2016.12.16 12:15:19.282,9.07538,9.077,1.60,1.00
2016.12.16 12:15:20.530,9.07538,9.077,1.60,1.00
2016.12.16 12:15:21.883,9.07538,9.077,1.60,1.00
2016.12.16 12:15:22.418,9.07538,9.077,1.60,1.00
2016.12.16 12:15:22.920,9.07538,9.077,1.60,1.00
2016.12.16 12:15:23.268,9.07538,9.077,1.60,1.00
2016.12.16 12:15:23.523,9.07538,9.077,1.60,1.00
2016.12.16 12:15:24.031,9.07538,9.077,1.60,1.00
2016.12.16 12:15:24.394,9.07538,9.077,1.60,1.00
2016.12.16 12:15:25.607,9.07538,9.077,1.60,1.00
2016.12.16 12:15:25.810,9.07538,9.077,1.60,1.00
2016.12.16 12:15:26.269,9.07538,9.077,1.60,1.00
2016.12.16 12:15:26.760,9.07538,9.077,1.60,1.00
2016.12.16 12:15:27.047,9.07538,9.077,1.60,1.00
2016.12.16 12:15:27.537,9.07538,9.077,1.60,1.00
2016.12.16 12:15:27.789,9.07538,9.077,1.60,1.00
2016.12.16 12:15:28.312,9.07538,9.077,1.60,1.00
2016.12.16 12:15:28.862,9.07535,9.07697,1.60,1.00
2016.12.16 12:15:29.166,9.07535,9.07697,1.60,1.00
2016.12.16 12:15:29.267,9.07535,9.07697,1.60,1.00
2016.12.16 12:15:29.773,9.07535,9.07697,1.60,1.00
2016.12.16 12:15:32.523,9.07535,9.07697,1.60,1.00
2016.12.16 12:15:32.776,9.07535,9.07697,1.60,1.00
2016.12.16 12:15:33.127,9.07535,9.07697,1.60,1.00
2016.12.16 12:15:33.330,9.07546,9.07708,1.60,1.00
2016.12.16 12:15:34.025,9.07546,9.07708,1.35,1.00
2016.12.16 12:15:34.304,9.07546,9.07708,1.60,1.00
2016.12.16 12:15:34.760,9.07546,9.07708,1.35,1.00
2016.12.16 12:15:34.812,9.07535,9.07697,1.60,1.00
2016.12.16 12:15:36.102,9.07535,9.07697,1.60,1.00
2016.12.16 12:15:36.291,9.07535,9.07697,1.60,1.00
2016.12.16 12:15:37.100,9.07535,9.07697,1.60,1.00
2016.12.16 12:15:37.353,9.07535,9.07697,1.60,1.00
2016.12.16 12:15:38.019,9.07535,9.07697,1.60,1.00
2016.12.16 12:15:38.323,9.07535,9.07697,1.60,1.00
2016.12.16 12:15:38.525,9.07535,9.07697,1.60,1.00
2016.12.16 12:15:39.673,9.07535,9.07697,1.60,1.00
2016.12.16 12:15:39.825,9.07524,9.07686,1.60,1.00
2016.12.16 12:15:41.120,9.07524,9.07686,1.60,1.00
2016.12.16 12:15:41.424,9.07524,9.07686,1.60,1.00
2016.12.16 12:15:41.728,9.07524,9.07686,1.60,1.00
2016.12.16 12:15:41.779,9.07524,9.07686,1.60,1.00
2016.12.16 12:15:43.442,9.07524,9.07686,1.60,1.00
2016.12.16 12:15:44.769,9.07524,9.07686,1.60,1.00
2016.12.16 12:15:48.615,9.07524,9.07686,1.60,1.00
2016.12.16 12:15:48.818,9.07532,9.07694,1.60,1.00
2016.12.16 12:15:49.012,9.07532,9.07694,1.00,1.00
2016.12.16 12:15:49.113,9.07532,9.07686,1.00,1.00
2016.12.16 12:15:49.417,9.07482,9.07576,1.00,1.00
2016.12.16 12:15:49.468,9.07455,9.07576,1.00,1.00
2016.12.16 12:15:49.570,9.07405,9.07562,1.00,1.00
2016.12.16 12:15:49.621,9.07386,9.07541,1.00,1.00
2016.12.16 12:15:49.672,9.07379,9.07541,1.00,1.00
2016.12.16 12:15:49.722,9.07358,9.07509,1.00,1.00
2016.12.16 12:15:49.776,9.07345,9.07509,1.00,1.00
2016.12.16 12:15:49.827,9.07335,9.07497,1.00,1.00
2016.12.16 12:15:50.137,9.07311,9.07473,1.00,1.00
2016.12.16 12:15:50.440,9.073,9.07462,1.00,1.00
2016.12.16 12:15:51.248,9.07282,9.07444,1.00,1.00
2016.12.16 12:15:51.905,9.07284,9.07444,1.00,1.00
2016.12.16 12:15:52.057,9.07292,9.07456,1.00,1.00
2016.12.16 12:15:52.555,9.07304,9.07445,1.00,1.00
2016.12.16 12:15:52.606,9.07294,9.07445,1.00,1.00
2016.12.16 12:15:52.657,9.07304,9.07445,1.00,1.00
2016.12.16 12:15:52.758,9.07304,9.07457,1.00,1.00
2016.12.16 12:15:52.860,9.07295,9.07457,1.00,1.00
2016.12.16 12:15:52.961,9.07294,9.07444,1.00,1.00
2016.12.16 12:15:53.113,9.07284,9.07444,1.00,1.00
2016.12.16 12:15:53.265,9.07274,9.07432,1.00,1.00
2016.12.16 12:15:53.619,9.0727,9.07432,1.00,1.00
2016.12.16 12:15:55.739,9.07259,9.07421,1.00,1.00
2016.12.16 12:15:56.042,9.07247,9.07409,1.00,1.00
2016.12.16 12:15:57.278,9.07235,9.07397,1.00,1.00
2016.12.16 12:15:59.691,9.07224,9.07386,1.00,1.00
2016.12.16 12:16:00.982,9.07235,9.07397,1.00,1.00
2016.12.16 12:16:01.740,9.07244,9.07397,1.00,1.00
2016.12.16 12:16:02.064,9.07254,9.07409,1.00,1.00
2016.12.16 12:16:02.266,9.07256,9.07418,1.00,1.00
2016.12.16 12:16:02.469,9.07245,9.07407,1.00,1.00
2016.12.16 12:16:02.772,9.07253,9.07407,1.00,1.00
2016.12.16 12:16:03.077,9.07263,9.07417,1.00,1.00
2016.12.16 12:16:03.128,9.07255,9.07417,1.00,1.00
2016.12.16 12:16:04.664,9.07241,9.07403,1.00,1.00
2016.12.16 12:16:05.372,9.0723,9.07392,1.00,1.00
2016.12.16 12:16:08.171,9.07234,9.07392,1.00,1.00
2016.12.16 12:16:08.474,9.0723,9.07392,1.00,1.00
2016.12.16 12:16:08.812,9.07232,9.07394,1.00,1.00
2016.12.16 12:16:09.115,9.07234,9.07394,1.00,1.00
2016.12.16 12:16:09.848,9.07244,9.07394,1.00,1.00
2016.12.16 12:16:09.899,9.07234,9.07394,1.00,1.00
2016.12.16 12:16:10.101,9.07232,9.07394,1.00,1.00
2016.12.16 12:16:10.406,9.07234,9.07394,1.00,1.00
2016.12.16 12:16:10.507,9.07232,9.07394,1.00,1.00
2016.12.16 12:16:16.573,9.07234,9.07394,1.00,1.00
2016.12.16 12:16:16.877,9.07232,9.07394,1.00,1.00
2016.12.16 12:16:17.870,9.07234,9.07394,1.00,1.00
2016.12.16 12:16:17.971,9.07232,9.07394,1.00,1.00
2016.12.16 12:16:26.626,9.0722,9.07382,1.00,1.00
2016.12.16 12:16:27.549,9.07208,9.0737,1.00,1.00
2016.12.16 12:16:27.852,9.07197,9.07359,1.00,1.00
2016.12.16 12:16:28.826,9.0719,9.07352,1.00,1.00
2016.12.16 12:16:32.959,9.07166,9.07328,1.00,1.00
2016.12.16 12:16:33.263,9.07141,9.07303,1.00,1.00
2016.12.16 12:16:33.471,9.07129,9.07293,1.00,1.00
2016.12.16 12:16:33.770,9.07129,9.07287,1.00,2.10
2016.12.16 12:16:33.922,9.07117,9.07279,1.00,1.60
2016.12.16 12:16:34.023,9.07105,9.07267,1.00,1.60
2016.12.16 12:16:34.125,9.07091,9.07253,1.00,1.00
2016.12.16 12:16:35.226,9.0708,9.07242,1.00,1.00
2016.12.16 12:16:40.365,9.07084,9.07242,1.00,1.00
2016.12.16 12:16:40.528,9.07091,9.07253,1.00,1.00
2016.12.16 12:16:41.789,9.07094,9.07253,1.00,1.00
2016.12.16 12:16:41.840,9.07091,9.07253,1.00,1.00
2016.12.16 12:16:42.346,9.07094,9.07253,1.00,1.00
2016.12.16 12:16:42.602,9.07091,9.07253,1.00,1.00
2016.12.16 12:16:42.905,9.07094,9.07253,1.00,1.00
2016.12.16 12:16:43.158,9.07091,9.07253,1.00,1.00
2016.12.16 12:16:43.794,9.07104,9.07253,1.00,1.00
2016.12.16 12:16:43.846,9.07094,9.07253,1.00,1.00
2016.12.16 12:16:43.896,9.07104,9.07253,1.00,1.00
2016.12.16 12:16:44.049,9.07104,9.07268,1.50,1.00
2016.12.16 12:16:47.407,9.07113,9.07268,1.00,1.00
2016.12.16 12:16:47.710,9.07104,9.07256,1.00,1.00
2016.12.16 12:16:48.039,9.07104,9.07266,1.50,1.00
2016.12.16 12:16:48.841,9.071,9.07262,1.00,1.00
2016.12.16 12:16:49.144,9.07104,9.07262,1.00,1.00
2016.12.16 12:16:49.195,9.071,9.07262,1.00,1.00
2016.12.16 12:16:49.461,9.07104,9.07262,1.00,1.00
2016.12.16 12:16:49.512,9.071,9.07262,1.00,1.00
2016.12.16 12:16:50.122,9.07104,9.07262,1.00,1.00
2016.12.16 12:16:50.173,9.071,9.07262,1.00,1.00
2016.12.16 12:16:51.080,9.07104,9.07262,1.00,1.00
2016.12.16 12:16:51.602,9.071,9.07262,1.00,1.00
2016.12.16 12:16:52.973,9.07104,9.07262,1.00,1.00
2016.12.16 12:16:53.135,9.071,9.07262,1.00,1.00
2016.12.16 12:16:54.331,9.07104,9.07262,1.00,1.00
2016.12.16 12:16:54.381,9.071,9.07262,1.00,1.00
2016.12.16 12:17:00.195,9.07101,9.07262,1.00,1.00
2016.12.16 12:17:00.499,9.0712,9.07262,1.00,1.00
2016.12.16 12:17:00.905,9.07144,9.07274,1.00,1.00
2016.12.16 12:17:01.107,9.07172,9.07316,1.00,1.00
2016.12.16 12:17:01.209,9.07172,9.07327,1.00,1.00
2016.12.16 12:17:01.310,9.07195,9.07357,1.50,1.00
2016.12.16 12:17:01.513,9.07208,9.0737,1.00,1.00
2016.12.16 12:17:01.838,9.07235,9.07397,1.00,1.00
2016.12.16 12:17:02.142,9.07246,9.07408,1.00,1.00
2016.12.16 12:17:02.698,9.07257,9.07419,1.00,1.60
2016.12.16 12:17:03.262,9.07257,9.07419,1.00,1.60
2016.12.16 12:17:03.801,9.07257,9.07419,1.00,1.00
2016.12.16 12:17:03.903,9.07305,9.07433,1.00,1.00
2016.12.16 12:17:04.105,9.0734,9.07475,1.00,1.00
2016.12.16 12:17:04.207,9.0736,9.07492,1.00,1.00
2016.12.16 12:17:04.309,9.0736,9.07519,1.00,1.00
2016.12.16 12:17:04.411,9.07386,9.07533,1.00,1.00
2016.12.16 12:17:04.513,9.07386,9.07546,1.00,1.00
2016.12.16 12:17:04.614,9.07398,9.07546,1.00,1.00
2016.12.16 12:17:04.817,9.07398,9.07562,1.00,1.60
2016.12.16 12:17:05.272,9.07398,9.07562,1.00,1.60
2016.12.16 12:17:05.424,9.07398,9.07562,1.00,1.60
2016.12.16 12:17:05.525,9.07398,9.07562,1.00,1.60
2016.12.16 12:17:05.776,9.07411,9.07562,1.00,1.00
2016.12.16 12:17:06.081,9.07466,9.076,1.00,1.00
2016.12.16 12:17:06.182,9.07466,9.07615,1.00,1.00
2016.12.16 12:17:06.233,9.07496,9.07615,1.00,1.00
2016.12.16 12:17:06.284,9.07496,9.07626,1.00,1.00
2016.12.16 12:17:06.385,9.07496,9.07649,1.00,1.00
2016.12.16 12:17:06.487,9.07497,9.07659,1.00,1.00
2016.12.16 12:17:06.537,9.07517,9.07659,1.00,1.00
2016.12.16 12:17:06.689,9.07517,9.07676,1.00,1.00
2016.12.16 12:17:06.791,9.07525,9.07687,1.00,1.00
2016.12.16 12:17:07.144,9.07535,9.07687,1.00,1.00
2016.12.16 12:17:07.196,9.07536,9.07698,1.00,1.60
2016.12.16 12:17:07.724,9.07536,9.07698,1.00,1.60
2016.12.16 12:17:08.028,9.07547,9.07709,1.00,1.60
2016.12.16 12:17:08.773,9.07547,9.07709,1.00,1.00
2016.12.16 12:17:08.824,9.07544,9.07706,1.00,1.00
2016.12.16 12:17:09.132,9.0758,9.07737,1.00,1.00
2016.12.16 12:17:09.436,9.0763,9.07772,1.00,1.00
2016.12.16 12:17:09.487,9.07624,9.07786,1.00,1.00
2016.12.16 12:17:09.538,9.07624,9.07746,1.00,1.00
2016.12.16 12:17:09.791,9.07554,9.07696,1.00,1.00
2016.12.16 12:17:09.842,9.07554,9.07676,1.00,1.00
2016.12.16 12:17:09.893,9.07551,9.07676,1.00,1.00
2016.12.16 12:17:09.943,9.07551,9.07666,1.00,1.00
2016.12.16 12:17:09.995,9.07539,9.07666,1.00,1.00
2016.12.16 12:17:10.096,9.07521,9.07686,1.00,1.00
2016.12.16 12:17:10.198,9.07508,9.07676,1.00,1.00
2016.12.16 12:17:10.249,9.07508,9.07686,1.00,1.00
2016.12.16 12:17:10.401,9.07508,9.07692,1.00,1.00
2016.12.16 12:17:10.503,9.07525,9.07689,1.00,1.00
2016.12.16 12:17:11.089,9.07514,9.07676,1.00,1.00
2016.12.16 12:17:12.324,9.07501,9.07663,1.00,1.00
2016.12.16 12:17:12.627,9.07478,9.0764,1.00,1.00
2016.12.16 12:17:12.930,9.07456,9.07618,1.00,1.00
2016.12.16 12:17:13.713,9.07445,9.07607,1.00,1.00
2016.12.16 12:17:14.319,9.07432,9.07594,1.00,1.00
2016.12.16 12:17:14.623,9.07409,9.07571,1.00,1.00
2016.12.16 12:17:15.849,9.07397,9.07559,1.00,1.00
2016.12.16 12:17:16.152,9.07386,9.07548,1.00,1.00
2016.12.16 12:17:16.456,9.07362,9.07524,1.00,1.00
2016.12.16 12:17:16.759,9.07338,9.075,1.00,1.00
2016.12.16 12:17:17.525,9.07328,9.0749,1.00,1.00
2016.12.16 12:17:18.336,9.07316,9.0748,1.00,1.00
2016.12.16 12:17:24.243,9.07306,9.07468,1.00,1.00
2016.12.16 12:17:24.647,9.07317,9.07479,1.00,1.00
2016.12.16 12:17:25.739,9.07329,9.07491,1.00,1.00
2016.12.16 12:17:27.457,9.07341,9.07503,1.00,1.00
2016.12.16 12:17:33.642,9.07329,9.07491,1.00,1.00
2016.12.16 12:17:33.946,9.07318,9.0748,1.00,1.00
2016.12.16 12:17:35.475,9.07305,9.07467,1.00,1.00
2016.12.16 12:17:35.908,9.07293,9.07457,1.00,1.00
2016.12.16 12:17:37.879,9.07283,9.07445,1.00,1.00
2016.12.16 12:17:38.693,9.07271,9.07433,1.00,1.00
2016.12.16 12:17:39.249,9.07256,9.07418,1.00,1.00
2016.12.16 12:17:39.856,9.07242,9.07406,1.00,1.00
2016.12.16 12:17:40.983,9.0723,9.07392,1.00,1.00
2016.12.16 12:17:42.196,9.07218,9.0738,1.00,1.00
2016.12.16 12:17:42.953,9.07207,9.07369,1.00,1.00
2016.12.16 12:17:43.275,9.07193,9.07357,1.00,1.00
2016.12.16 12:17:43.377,9.07183,9.07345,1.00,1.00
2016.12.16 12:17:45.503,9.07172,9.07334,1.00,1.00
2016.12.16 12:17:45.858,9.07183,9.07345,1.00,1.00
2016.12.16 12:17:46.263,9.07171,9.07335,1.00,1.00
2016.12.16 12:17:46.671,9.0716,9.07322,1.00,1.00
2016.12.16 12:17:47.872,9.07149,9.07311,1.00,1.00
2016.12.16 12:17:48.175,9.07138,9.073,1.00,1.00
2016.12.16 12:17:48.878,9.07133,9.07295,1.00,1.00
2016.12.16 12:17:49.182,9.07121,9.07283,1.00,1.00
2016.12.16 12:18:00.304,9.07134,9.07296,1.00,1.00
2016.12.16 12:18:00.607,9.07123,9.07285,1.00,1.00
2016.12.16 12:18:02.213,9.07112,9.07274,1.00,1.00
2016.12.16 12:18:02.617,9.07133,9.07295,1.00,1.00
2016.12.16 12:18:02.920,9.07119,9.07281,1.00,1.00
2016.12.16 12:18:06.530,9.07134,9.07281,1.00,1.00
2016.12.16 12:18:06.581,9.07119,9.07281,1.00,1.00
2016.12.16 12:18:06.632,9.07183,9.07295,1.00,1.00
2016.12.16 12:18:06.733,9.07184,9.07312,1.00,1.00
2016.12.16 12:18:06.784,9.07174,9.07312,1.00,1.00
2016.12.16 12:18:06.836,9.07164,9.07309,1.00,1.00
2016.12.16 12:18:06.887,9.07222,9.07384,1.00,1.00
2016.12.16 12:18:07.089,9.07211,9.07373,1.00,1.00
2016.12.16 12:18:07.391,9.07188,9.0735,1.00,1.00
2016.12.16 12:18:07.695,9.07199,9.07361,1.00,1.00
2016.12.16 12:18:07.999,9.07187,9.07349,1.00,1.00
2016.12.16 12:18:08.816,9.07192,9.07354,1.00,1.00
2016.12.16 12:18:11.272,9.07303,9.07354,1.37,1.00
2016.12.16 12:18:11.373,9.07299,9.07354,1.75,1.00
2016.12.16 12:18:11.475,9.07248,9.07354,2.62,1.00
2016.12.16 12:18:11.576,9.07296,9.07385,1.00,1.00
2016.12.16 12:18:11.627,9.07339,9.07456,1.50,1.00
2016.12.16 12:18:11.785,9.07329,9.07415,1.50,1.00
2016.12.16 12:18:11.836,9.07341,9.0749,1.00,1.00
2016.12.16 12:18:11.937,9.07307,9.07469,1.00,1.00
2016.12.16 12:18:12.038,9.07296,9.07458,1.00,1.00
2016.12.16 12:18:12.342,9.07285,9.07447,1.00,1.00
2016.12.16 12:18:12.646,9.07274,9.07436,1.00,1.00
2016.12.16 12:18:12.951,9.07388,9.07412,1.00,1.00
2016.12.16 12:18:13.002,9.07351,9.07462,1.00,1.00
2016.12.16 12:18:13.153,9.07351,9.07509,1.00,1.37
2016.12.16 12:18:13.277,9.07332,9.07474,1.00,1.00
2016.12.16 12:18:13.329,9.07292,9.07454,1.00,1.00
2016.12.16 12:18:13.481,9.07292,9.07436,1.00,1.00
2016.12.16 12:18:13.582,9.07292,9.07454,1.00,1.00
2016.12.16 12:18:13.633,9.0728,9.07442,1.00,1.00
2016.12.16 12:18:13.937,9.07264,9.07426,1.00,1.00
2016.12.16 12:18:14.645,9.07253,9.07415,1.00,1.00
2016.12.16 12:18:16.668,9.0724,9.07402,1.00,1.00
2016.12.16 12:18:17.532,9.07227,9.07389,1.00,1.00
2016.12.16 12:18:18.139,9.07216,9.07378,1.00,1.00
2016.12.16 12:18:18.751,9.07205,9.07367,1.00,1.00
2016.12.16 12:18:19.054,9.07191,9.07353,1.00,1.00
2016.12.16 12:18:19.358,9.07176,9.07338,1.00,1.00
2016.12.16 12:18:21.223,9.07159,9.07321,1.00,1.00
2016.12.16 12:18:23.223,9.07147,9.07309,1.00,1.00
2016.12.16 12:18:28.853,9.07144,9.07308,1.00,1.00
2016.12.16 12:18:47.016,9.07167,9.07327,1.37,1.00
2016.12.16 12:18:47.219,9.07242,9.07406,1.00,1.00
2016.12.16 12:18:47.422,9.07267,9.07425,1.00,1.00
2016.12.16 12:18:47.473,9.07267,9.07429,1.00,1.00
2016.12.16 12:18:47.524,9.07247,9.07405,1.00,1.00
2016.12.16 12:18:47.574,9.07243,9.07405,1.00,1.00
2016.12.16 12:18:47.625,9.07253,9.07415,1.00,1.00
2016.12.16 12:18:47.929,9.0728,9.07442,1.00,1.00
2016.12.16 12:18:49.235,9.07292,9.07454,1.00,1.00
2016.12.16 12:18:49.539,9.07305,9.07467,1.00,1.00
2016.12.16 12:18:49.850,9.07321,9.07483,1.00,1.00
2016.12.16 12:18:50.406,9.07335,9.07497,1.00,1.00
2016.12.16 12:18:51.510,9.07354,9.07516,1.00,1.00
2016.12.16 12:18:51.814,9.07366,9.07528,1.00,1.00
2016.12.16 12:18:52.537,9.07378,9.0754,1.00,1.00
2016.12.16 12:18:53.941,9.07391,9.07553,1.00,1.00
2016.12.16 12:18:54.302,9.07402,9.07564,1.00,1.60
2016.12.16 12:18:54.877,9.07402,9.07564,1.00,1.60
2016.12.16 12:18:55.047,9.07402,9.07564,1.00,1.60
2016.12.16 12:18:55.098,9.07402,9.07564,1.00,1.60
2016.12.16 12:18:55.908,9.07402,9.07564,1.00,1.60
2016.12.16 12:18:56.927,9.07402,9.07564,1.00,1.60
2016.12.16 12:18:57.926,9.07402,9.07564,1.00,1.60
2016.12.16 12:18:58.530,9.07402,9.07564,1.00,1.60
2016.12.16 12:18:59.262,9.07402,9.07564,1.00,1.60
2016.12.16 12:19:02.875,9.07402,9.07564,1.00,1.60
2016.12.16 12:19:02.976,9.07402,9.07564,1.00,1.60
2016.12.16 12:19:03.077,9.07402,9.07564,1.00,1.00
2016.12.16 12:19:03.281,9.07402,9.07564,1.00,1.60
2016.12.16 12:19:03.924,9.07402,9.07564,1.00,1.60
2016.12.16 12:19:06.051,9.07402,9.07564,1.00,1.60
2016.12.16 12:19:06.102,9.07402,9.07564,1.00,1.00
2016.12.16 12:19:06.203,9.07402,9.07564,1.00,1.60
2016.12.16 12:19:06.724,9.07402,9.07564,1.00,1.60
2016.12.16 12:19:07.033,9.07402,9.07564,1.00,1.60
2016.12.16 12:19:07.545,9.07402,9.07564,1.00,1.60
2016.12.16 12:19:08.526,9.07402,9.07564,1.00,1.60
2016.12.16 12:19:08.831,9.074,9.07562,1.00,1.60
2016.12.16 12:19:09.084,9.074,9.07562,1.00,1.60
2016.12.16 12:19:11.540,9.074,9.07562,1.00,1.60
2016.12.16 12:19:14.546,9.07456,9.07571,1.60,1.00
2016.12.16 12:19:14.597,9.07456,9.07596,1.60,1.00
2016.12.16 12:19:14.648,9.07475,9.07636,1.00,1.00
2016.12.16 12:19:14.750,9.07534,9.07658,1.00,1.00
2016.12.16 12:19:14.801,9.07534,9.07666,1.60,1.00
2016.12.16 12:19:14.852,9.07545,9.07707,1.00,1.00
2016.12.16 12:19:14.953,9.07556,9.07718,1.00,1.00
2016.12.16 12:19:15.323,9.076,9.07762,1.00,1.00
2016.12.16 12:19:16.494,9.07614,9.07776,1.00,1.00
2016.12.16 12:19:16.798,9.07602,9.07764,1.00,1.00
2016.12.16 12:19:18.070,9.07591,9.07753,1.00,1.00
2016.12.16 12:19:26.585,9.07578,9.07742,1.00,1.00
2016.12.16 12:19:26.687,9.0759,9.07752,1.00,1.00
2016.12.16 12:19:28.802,9.07586,9.07748,1.00,1.00
2016.12.16 12:19:30.202,9.07598,9.0776,1.00,1.00
2016.12.16 12:19:35.237,9.07585,9.07747,1.00,1.00
2016.12.16 12:19:37.209,9.07597,9.07759,1.00,1.00
2016.12.16 12:19:37.516,9.07607,9.07771,1.00,1.00
2016.12.16 12:19:38.225,9.07619,9.07781,1.00,1.00
2016.12.16 12:19:40.131,9.07631,9.07793,1.00,1.00
2016.12.16 12:19:40.737,9.07643,9.07805,1.00,1.00
2016.12.16 12:19:41.041,9.07688,9.0785,1.00,1.00
2016.12.16 12:19:41.849,9.077,9.07862,1.00,1.00
2016.12.16 12:19:43.057,9.07711,9.07873,1.00,1.00
2016.12.16 12:19:43.360,9.07722,9.07884,1.00,1.00
2016.12.16 12:19:43.664,9.07734,9.07896,1.00,1.00
2016.12.16 12:19:44.228,9.07722,9.07884,1.00,1.00
2016.12.16 12:19:44.534,9.07734,9.07896,1.00,1.00
2016.12.16 12:19:45.763,9.07723,9.07885,1.00,1.00
2016.12.16 12:19:48.826,9.07716,9.07878,1.00,1.00
2016.12.16 12:20:02.158,9.07705,9.07867,1.00,1.00
2016.12.16 12:20:04.499,9.07692,9.07854,1.00,1.00
2016.12.16 12:20:07.505,9.07708,9.0787,1.00,1.00
2016.12.16 12:20:07.808,9.07729,9.07891,1.00,1.00
2016.12.16 12:20:08.264,9.07743,9.07905,1.00,1.00
2016.12.16 12:20:08.669,9.07753,9.07917,1.00,1.00
2016.12.16 12:20:08.771,9.07768,9.0793,1.00,1.00
2016.12.16 12:20:09.074,9.07772,9.07934,1.00,1.00
2016.12.16 12:20:09.422,9.07783,9.07945,1.00,1.00
2016.12.16 12:20:09.792,9.07793,9.07955,1.00,1.00
2016.12.16 12:20:10.096,9.07814,9.07978,1.00,1.00
2016.12.16 12:20:10.198,9.07825,9.07989,1.00,1.00
2016.12.16 12:20:10.813,9.07838,9.08,1.00,1.00
2016.12.16 12:20:10.914,9.07848,9.08012,1.00,1.00
2016.12.16 12:20:11.016,9.07838,9.08,1.00,1.00
2016.12.16 12:20:11.333,9.07826,9.07988,1.00,1.00
2016.12.16 12:20:11.990,9.07816,9.07978,1.00,1.00
2016.12.16 12:20:13.089,9.07827,9.07989,1.00,1.00
2016.12.16 12:20:13.599,9.07816,9.07978,1.00,1.00
2016.12.16 12:20:13.802,9.07784,9.07948,1.00,1.00
2016.12.16 12:20:13.903,9.07772,9.07934,1.00,1.00
2016.12.16 12:20:14.207,9.07796,9.07958,1.00,1.00
2016.12.16 12:20:15.287,9.07808,9.0797,1.00,1.00
2016.12.16 12:20:15.591,9.07821,9.07983,1.00,1.00
2016.12.16 12:20:19.734,9.07811,9.07973,1.00,1.00
2016.12.16 12:20:24.427,9.078,9.07962,1.00,1.00
2016.12.16 12:20:28.814,9.07803,9.07965,1.00,1.00
2016.12.16 12:20:29.117,9.07793,9.07955,1.00,1.00
2016.12.16 12:20:29.629,9.07778,9.0794,1.00,1.00
2016.12.16 12:20:29.933,9.07767,9.07929,1.00,1.00
2016.12.16 12:20:30.748,9.07756,9.07918,1.00,1.00
2016.12.16 12:20:32.159,9.0774,9.07902,1.00,1.00
2016.12.16 12:20:35.464,9.07727,9.07889,1.00,1.00
2016.12.16 12:20:38.245,9.07715,9.07877,1.00,1.00
2016.12.16 12:20:39.270,9.07701,9.07865,1.00,1.00
2016.12.16 12:20:40.769,9.07691,9.07853,1.00,1.00
2016.12.16 12:20:45.662,9.07679,9.07841,1.00,1.00
2016.12.16 12:20:45.966,9.07668,9.0783,1.00,1.00
2016.12.16 12:20:46.779,9.07658,9.0782,1.00,1.00
2016.12.16 12:20:47.082,9.07636,9.07798,1.00,1.00
2016.12.16 12:20:47.487,9.07621,9.07783,1.00,1.00
2016.12.16 12:20:47.791,9.07607,9.07769,1.00,1.00
2016.12.16 12:20:48.094,9.07596,9.07758,1.00,1.00
2016.12.16 12:20:48.579,9.07584,9.07746,1.00,1.00
2016.12.16 12:20:50.657,9.07572,9.07734,1.00,1.00
2016.12.16 12:20:51.770,9.07558,9.0772,1.00,1.00
2016.12.16 12:20:52.770,9.07547,9.07709,1.00,1.00
2016.12.16 12:20:54.812,9.07536,9.07698,1.00,1.00
2016.12.16 12:20:55.115,9.07522,9.07684,1.00,1.00
2016.12.16 12:20:55.435,9.07508,9.0767,1.00,1.00
2016.12.16 12:20:55.889,9.07497,9.07659,1.00,1.00
2016.12.16 12:20:56.984,9.07486,9.07648,1.00,1.00
2016.12.16 12:20:58.275,9.07475,9.07637,1.00,1.00
2016.12.16 12:20:58.794,9.07464,9.07626,1.00,1.00
2016.12.16 12:20:59.704,9.07452,9.07614,1.00,1.00
2016.12.16 12:21:00.881,9.07441,9.07603,1.00,1.00
2016.12.16 12:21:03.320,9.07429,9.07591,1.00,1.00
2016.12.16 12:21:06.320,9.07416,9.07578,1.00,1.00
2016.12.16 12:21:06.728,9.07403,9.07565,1.00,1.00
2016.12.16 12:21:07.789,9.07391,9.07553,1.00,1.00
2016.12.16 12:21:08.374,9.07475,9.07553,2.10,1.00
2016.12.16 12:21:08.425,9.07504,9.07652,1.60,1.00
2016.12.16 12:21:08.526,9.07464,9.07626,1.00,1.00
2016.12.16 12:21:08.628,9.0752,9.07652,1.00,1.00
2016.12.16 12:21:08.779,9.07542,9.07683,1.00,1.00
2016.12.16 12:21:08.881,9.07507,9.07671,1.00,1.00
2016.12.16 12:21:08.932,9.07502,9.07664,1.00,1.00
2016.12.16 12:21:09.387,9.07502,9.07636,1.00,1.00
2016.12.16 12:21:09.438,9.0749,9.07652,1.00,1.00
2016.12.16 12:21:09.540,9.07479,9.07641,1.00,1.00
2016.12.16 12:21:09.843,9.07491,9.07653,1.00,1.00
2016.12.16 12:21:19.513,9.07491,9.07653,1.60,1.00
2016.12.16 12:21:19.796,9.07491,9.07653,1.60,1.00
2016.12.16 12:21:20.050,9.07491,9.07653,1.35,1.00
2016.12.16 12:21:20.353,9.07502,9.07664,1.00,1.00
2016.12.16 12:21:28.730,9.07496,9.07658,1.35,1.00
2016.12.16 12:21:37.949,9.07507,9.07669,1.00,1.00
2016.12.16 12:21:44.098,9.07507,9.07667,1.00,1.00
2016.12.16 12:21:44.200,9.07491,9.07655,1.60,1.00
2016.12.16 12:21:44.251,9.07504,9.07666,1.00,1.50
2016.12.16 12:21:44.352,9.07499,9.07655,1.00,1.00
2016.12.16 12:21:44.674,9.07506,9.07666,1.00,1.00
2016.12.16 12:21:45.080,9.07506,9.07668,1.00,1.00
2016.12.16 12:21:45.282,9.07521,9.07683,1.00,1.00
2016.12.16 12:21:47.295,9.07532,9.07694,1.00,1.00
2016.12.16 12:21:49.289,9.07532,9.07694,1.60,1.00
2016.12.16 12:21:49.390,9.07551,9.07713,1.00,1.00
2016.12.16 12:21:49.492,9.07563,9.07725,1.00,1.00
2016.12.16 12:21:49.796,9.07574,9.07726,1.00,1.00
2016.12.16 12:21:50.385,9.07574,9.07736,1.00,1.00
2016.12.16 12:21:50.487,9.07588,9.0775,1.00,1.00
2016.12.16 12:21:52.491,9.07598,9.07762,1.00,1.00
2016.12.16 12:21:55.481,9.07608,9.07772,1.00,1.00
2016.12.16 12:21:56.486,9.07621,9.07783,1.00,1.00
2016.12.16 12:21:57.304,9.07632,9.07794,1.00,1.00
2016.12.16 12:21:57.607,9.0762,9.07782,1.00,1.00
2016.12.16 12:21:59.522,9.07609,9.07771,1.00,1.00
2016.12.16 12:22:00.330,9.07624,9.07786,1.00,1.50
2016.12.16 12:22:00.633,9.07612,9.07776,1.00,1.50
2016.12.16 12:22:00.684,9.07612,9.07771,1.00,1.00
2016.12.16 12:22:00.735,9.07598,9.0776,1.00,1.00
2016.12.16 12:22:01.039,9.07598,9.07741,1.00,1.00
2016.12.16 12:22:01.140,9.07587,9.07741,1.00,1.00
2016.12.16 12:22:01.242,9.07564,9.07726,1.00,1.00
2016.12.16 12:22:01.494,9.07549,9.07711,1.00,1.00
2016.12.16 12:22:01.819,9.07536,9.07698,1.00,1.00
2016.12.16 12:22:02.123,9.07524,9.07688,1.00,1.00
2016.12.16 12:22:02.514,9.07515,9.07677,1.00,1.00
2016.12.16 12:22:04.468,9.07515,9.07676,1.00,1.00
2016.12.16 12:22:04.519,9.07504,9.07666,1.00,1.00
2016.12.16 12:22:05.321,9.07517,9.07679,1.00,1.00
2016.12.16 12:22:08.709,9.07522,9.07684,1.00,1.00
2016.12.16 12:22:11.550,9.07522,9.07673,1.00,2.10
2016.12.16 12:22:11.651,9.07505,9.07667,1.00,1.60
2016.12.16 12:22:11.702,9.07505,9.07666,1.00,1.60
2016.12.16 12:22:11.754,9.07494,9.07656,1.00,1.60
2016.12.16 12:22:11.805,9.07494,9.07656,1.00,1.00
2016.12.16 12:22:12.095,9.07505,9.07667,1.00,1.00
2016.12.16 12:22:13.145,9.07518,9.0768,1.00,1.00
2016.12.16 12:22:14.133,9.07547,9.07709,1.00,1.00
2016.12.16 12:22:14.437,9.07516,9.07678,1.00,1.00
2016.12.16 12:22:17.396,9.07503,9.07667,1.00,1.00
2016.12.16 12:22:17.548,9.07492,9.07654,1.00,1.00
2016.12.16 12:22:20.243,9.07508,9.0767,1.00,1.00
2016.12.16 12:22:21.959,9.07537,9.07699,1.00,1.00
2016.12.16 12:22:22.061,9.07525,9.07689,1.00,1.00
2016.12.16 12:22:22.162,9.07538,9.077,1.00,1.00
2016.12.16 12:22:22.465,9.07528,9.0769,1.00,1.00
2016.12.16 12:22:23.089,9.07541,9.07703,1.00,1.00
2016.12.16 12:22:23.396,9.07552,9.07714,1.00,1.00
2016.12.16 12:22:23.548,9.07562,9.07726,1.00,1.00
2016.12.16 12:22:24.475,9.07574,9.07738,1.00,1.00
2016.12.16 12:22:24.881,9.0756,9.07722,1.00,1.00
2016.12.16 12:22:25.083,9.0757,9.07734,1.00,1.00
2016.12.16 12:22:25.489,9.07582,9.07744,1.00,1.00
2016.12.16 12:22:25.797,9.07571,9.07733,1.00,1.00
2016.12.16 12:22:26.000,9.07585,9.07749,1.00,1.00
2016.12.16 12:22:26.462,9.07597,9.07759,1.00,1.00
2016.12.16 12:22:28.773,9.07592,9.07756,1.00,1.00
2016.12.16 12:22:32.170,9.07578,9.0774,1.00,1.00
2016.12.16 12:22:32.575,9.07566,9.07728,1.00,1.00
2016.12.16 12:22:34.021,9.07555,9.07717,1.00,1.00
2016.12.16 12:22:38.329,9.07544,9.07706,1.00,1.00
2016.12.16 12:22:40.085,9.07533,9.07695,1.00,1.00
2016.12.16 12:22:42.988,9.07545,9.07707,1.00,1.00
2016.12.16 12:22:44.422,9.07557,9.07719,1.00,1.00
2016.12.16 12:22:45.026,9.07544,9.07706,1.00,1.00
2016.12.16 12:22:48.324,9.07531,9.07693,1.00,1.00
2016.12.16 12:22:48.733,9.07521,9.07683,1.00,1.00
2016.12.16 12:22:49.040,9.07535,9.07697,1.00,1.00
2016.12.16 12:22:49.545,9.07545,9.07707,1.00,1.00
2016.12.16 12:22:51.641,9.07558,9.0772,1.00,1.00
2016.12.16 12:22:51.944,9.0758,9.07742,1.00,1.00
2016.12.16 12:22:52.248,9.07567,9.07731,1.00,1.50
2016.12.16 12:22:57.239,9.07557,9.07719,1.00,1.00
2016.12.16 12:22:57.543,9.07575,9.07737,1.00,1.00
2016.12.16 12:22:58.060,9.07564,9.07726,1.00,1.00
2016.12.16 12:22:59.120,9.07552,9.07714,1.00,1.00
2016.12.16 12:23:02.931,9.07541,9.07705,1.00,1.00
2016.12.16 12:23:03.134,9.07531,9.07693,1.00,1.00
2016.12.16 12:23:03.478,9.07556,9.07718,1.00,1.00
2016.12.16 12:23:03.933,9.07544,9.07706,1.00,1.00
2016.12.16 12:23:04.337,9.07554,9.07716,1.00,1.00
2016.12.16 12:23:05.162,9.07543,9.07705,1.00,1.00
2016.12.16 12:23:06.712,9.07532,9.07694,1.00,1.00
2016.12.16 12:23:08.759,9.0754,9.07702,1.00,1.00
2016.12.16 12:23:09.366,9.07552,9.07714,1.00,1.00
2016.12.16 12:23:10.978,9.0754,9.07702,1.00,1.00
2016.12.16 12:23:12.486,9.07551,9.07713,1.00,1.00
2016.12.16 12:23:13.180,9.07539,9.07701,1.00,1.00
2016.12.16 12:23:13.994,9.07529,9.07691,1.00,1.00
2016.12.16 12:23:20.468,9.07541,9.07703,1.00,1.00
2016.12.16 12:23:20.721,9.07506,9.0767,1.00,1.60
2016.12.16 12:23:20.772,9.07496,9.07641,1.00,1.00
2016.12.16 12:23:20.976,9.07485,9.07641,1.00,1.00
2016.12.16 12:23:21.178,9.07485,9.07631,1.00,1.00
2016.12.16 12:23:23.422,9.07485,9.07621,1.00,1.00
2016.12.16 12:23:23.523,9.07475,9.07621,1.00,1.00
2016.12.16 12:23:25.574,9.07475,9.07637,1.00,1.00
2016.12.16 12:23:25.890,9.07475,9.07611,1.00,1.00
2016.12.16 12:23:26.641,9.07462,9.07611,1.00,1.00
2016.12.16 12:23:27.178,9.07462,9.07618,1.00,1.00
2016.12.16 12:23:27.441,9.07473,9.07618,1.00,1.00
2016.12.16 12:23:27.873,9.07473,9.07635,1.00,1.00
2016.12.16 12:23:28.025,9.07486,9.07648,1.00,1.00
2016.12.16 12:23:28.366,9.075,9.07661,1.00,1.00
2016.12.16 12:23:28.518,9.07482,9.07644,1.00,1.00
2016.12.16 12:23:28.822,9.07484,9.07646,1.00,1.00
2016.12.16 12:23:29.702,9.07499,9.07661,1.00,1.00
2016.12.16 12:23:30.006,9.07489,9.07651,1.00,1.50
2016.12.16 12:23:30.538,9.07477,9.07639,1.00,1.00
2016.12.16 12:23:31.223,9.07487,9.07649,1.00,1.00
2016.12.16 12:23:31.552,9.07513,9.07671,1.00,1.00
2016.12.16 12:23:31.654,9.07513,9.07675,1.00,1.00
2016.12.16 12:23:33.929,9.07525,9.07687,1.00,1.00
2016.12.16 12:23:37.328,9.07536,9.07698,1.00,1.00
2016.12.16 12:23:43.070,9.07549,9.07711,1.00,1.00
2016.12.16 12:23:44.747,9.07561,9.07723,1.00,1.00
2016.12.16 12:23:45.094,9.07589,9.07741,1.00,1.00
2016.12.16 12:23:45.723,9.07589,9.07751,1.00,1.50
2016.12.16 12:23:46.866,9.07601,9.07763,1.00,1.00
2016.12.16 12:23:47.675,9.07613,9.07775,1.00,1.00
2016.12.16 12:23:48.682,9.07625,9.07789,1.00,1.00
2016.12.16 12:23:51.580,9.07615,9.07777,1.00,1.00
2016.12.16 12:23:51.884,9.07603,9.07765,1.00,1.00
2016.12.16 12:23:52.256,9.07613,9.07777,1.00,1.00
2016.12.16 12:23:52.408,9.07625,9.07787,1.00,1.00
2016.12.16 12:23:53.923,9.07637,9.07799,1.00,1.00
2016.12.16 12:23:54.380,9.07651,9.07813,1.00,1.00
2016.12.16 12:23:55.088,9.07662,9.07821,1.00,1.00
2016.12.16 12:23:55.413,9.07662,9.07824,1.00,1.00
2016.12.16 12:23:57.588,9.07651,9.07813,1.00,1.00
2016.12.16 12:23:58.822,9.07667,9.07829,1.00,1.00
2016.12.16 12:23:59.126,9.07681,9.07843,1.00,1.00
2016.12.16 12:23:59.438,9.07692,9.07854,1.00,1.00
2016.12.16 12:23:59.741,9.07705,9.07867,1.00,1.00
2016.12.16 12:24:00.423,9.07718,9.0788,1.00,1.00
2016.12.16 12:24:00.726,9.07737,9.07901,1.00,1.00
2016.12.16 12:24:00.828,9.07749,9.07911,1.00,1.00
2016.12.16 12:24:01.134,9.07765,9.07911,1.00,1.00
2016.12.16 12:24:01.437,9.07711,9.07873,1.00,1.00
2016.12.16 12:24:01.690,9.077,9.07862,1.00,1.00
2016.12.16 12:24:02.096,9.07711,9.07872,1.00,1.00
2016.12.16 12:24:02.434,9.077,9.07862,1.00,1.00
2016.12.16 12:24:02.535,9.077,9.07851,1.00,1.00
2016.12.16 12:24:02.636,9.07689,9.07851,1.00,1.50
2016.12.16 12:24:05.442,9.07678,9.0784,1.00,1.00
2016.12.16 12:24:05.758,9.0765,9.07812,1.00,1.50
2016.12.16 12:24:06.062,9.07639,9.07801,1.00,1.00
2016.12.16 12:24:06.366,9.07639,9.07791,1.00,1.00
2016.12.16 12:24:06.619,9.07627,9.07781,1.00,1.00
2016.12.16 12:24:07.621,9.07616,9.07778,1.00,1.00
2016.12.16 12:24:08.835,9.0762,9.07781,1.00,1.00
2016.12.16 12:24:09.341,9.0762,9.07782,1.00,1.00
2016.12.16 12:24:11.044,9.07631,9.07793,1.00,1.00
2016.12.16 12:24:15.422,9.07621,9.07783,1.00,1.00
2016.12.16 12:24:15.770,9.07621,9.07781,1.00,1.00
2016.12.16 12:24:15.923,9.07607,9.07769,1.00,1.00
2016.12.16 12:24:17.823,9.07621,9.07783,1.00,1.00
2016.12.16 12:24:22.868,9.07633,9.07795,1.00,1.00
2016.12.16 12:24:28.477,9.07644,9.07806,1.00,1.00
2016.12.16 12:24:28.781,9.0764,9.07804,1.00,1.00
2016.12.16 12:24:30.282,9.07651,9.07813,1.00,1.00
2016.12.16 12:24:30.585,9.07692,9.07854,1.00,1.00
2016.12.16 12:24:30.888,9.07703,9.07865,1.00,1.00
2016.12.16 12:24:32.595,9.07713,9.07877,1.00,1.00
2016.12.16 12:24:33.887,9.07704,9.07866,1.00,1.00
2016.12.16 12:24:35.272,9.07692,9.07856,1.00,1.00
2016.12.16 12:24:35.678,9.07681,9.07843,1.00,1.00
2016.12.16 12:24:48.614,9.07692,9.07854,1.00,1.00
2016.12.16 12:24:48.918,9.077,9.07862,1.00,1.00
2016.12.16 12:24:50.191,9.07711,9.07873,1.00,1.00
2016.12.16 12:24:51.923,9.07711,9.07871,1.00,1.00
2016.12.16 12:24:52.075,9.077,9.07862,1.00,1.00
2016.12.16 12:24:53.072,9.077,9.07861,1.00,1.00
2016.12.16 12:24:53.532,9.07688,9.0785,1.00,1.00
2016.12.16 12:24:58.499,9.07699,9.07861,1.00,1.00
2016.12.16 12:25:00.324,9.07709,9.07873,1.00,1.00
2016.12.16 12:25:02.065,9.07709,9.07871,1.00,1.00
2016.12.16 12:25:02.368,9.07695,9.07857,1.00,1.00
2016.12.16 12:25:02.692,9.07683,9.07845,1.00,1.00
2016.12.16 12:25:04.971,9.07683,9.07842,1.00,1.00
2016.12.16 12:25:05.517,9.07683,9.07841,1.00,1.00
2016.12.16 12:25:08.846,9.07675,9.07839,1.00,1.00
2016.12.16 12:25:18.440,9.07675,9.07832,1.00,1.00
2016.12.16 12:25:18.542,9.0766,9.07822,1.00,1.00
2016.12.16 12:25:19.463,9.07671,9.07833,1.00,1.00
2016.12.16 12:25:21.174,9.07681,9.07845,1.00,1.00
2016.12.16 12:25:22.874,9.07694,9.07856,1.00,1.00
2016.12.16 12:25:23.888,9.07705,9.07867,1.00,1.00
2016.12.16 12:25:25.768,9.07717,9.07881,1.00,1.00
2016.12.16 12:25:28.679,9.07733,9.07895,1.00,1.00
2016.12.16 12:25:29.582,9.07746,9.07908,1.00,1.00
2016.12.16 12:25:29.903,9.07774,9.07936,1.00,1.00
2016.12.16 12:25:30.207,9.07787,9.07949,1.00,1.00
2016.12.16 12:25:31.403,9.07801,9.07965,1.00,1.00
2016.12.16 12:25:31.505,9.07815,9.07977,1.00,1.00
2016.12.16 12:25:32.060,9.07826,9.07988,1.00,1.00
2016.12.16 12:25:38.071,9.07814,9.07976,1.00,1.00
2016.12.16 12:25:38.476,9.07802,9.07964,1.00,1.00
2016.12.16 12:25:42.996,9.07814,9.07976,1.00,1.00
2016.12.16 12:25:45.538,9.07801,9.07963,1.00,1.00
2016.12.16 12:25:46.914,9.07812,9.07974,1.00,1.00
2016.12.16 12:25:47.837,9.078,9.07962,1.00,1.00
2016.12.16 12:25:48.344,9.078,9.07961,1.00,1.00
2016.12.16 12:25:48.837,9.07797,9.07959,1.00,1.00
2016.12.16 12:25:49.039,9.07786,9.07948,1.00,1.00
2016.12.16 12:25:55.521,9.07773,9.07935,1.00,1.00
2016.12.16 12:26:00.106,9.07773,9.07931,1.00,1.00
2016.12.16 12:26:00.460,9.07759,9.07921,1.00,1.00
2016.12.16 12:26:00.865,9.07748,9.0791,1.00,1.00
2016.12.16 12:26:01.174,9.07737,9.07899,1.00,1.00
2016.12.16 12:26:01.477,9.07726,9.07888,1.00,1.00
2016.12.16 12:26:08.086,9.07715,9.07877,1.00,1.00
2016.12.16 12:26:08.754,9.0773,9.07894,1.00,1.00
2016.12.16 12:26:09.360,9.07745,9.07907,1.00,1.00
2016.12.16 12:26:13.436,9.07729,9.07891,1.00,1.00
2016.12.16 12:26:14.093,9.07739,9.07903,1.00,1.00
2016.12.16 12:26:15.673,9.07727,9.07889,1.00,1.00
2016.12.16 12:26:16.282,9.07738,9.079,1.00,1.00
2016.12.16 12:26:16.629,9.07722,9.07884,1.00,1.00
2016.12.16 12:26:17.897,9.07709,9.07871,1.00,1.00
2016.12.16 12:26:19.123,9.0772,9.07882,1.00,1.00
2016.12.16 12:26:19.685,9.07709,9.07871,1.00,1.00
2016.12.16 12:26:21.224,9.07695,9.07857,1.00,1.00
2016.12.16 12:26:24.017,9.07684,9.07846,1.00,1.00
2016.12.16 12:26:30.004,9.07673,9.07835,1.00,1.00
2016.12.16 12:26:30.307,9.07649,9.07811,1.00,1.00
2016.12.16 12:26:30.812,9.07636,9.078,1.00,1.00
2016.12.16 12:26:36.275,9.07636,9.07746,1.00,2.10
2016.12.16 12:26:36.423,9.07617,9.07743,1.00,2.10
2016.12.16 12:26:36.474,9.07613,9.07722,1.00,1.60
2016.12.16 12:26:36.526,9.07588,9.07743,1.00,1.52
2016.12.16 12:26:36.577,9.07588,9.07736,1.00,1.15
2016.12.16 12:26:36.628,9.07543,9.07707,1.00,1.00
2016.12.16 12:26:36.729,9.07528,9.0769,1.00,1.00
2016.12.16 12:26:37.033,9.07552,9.07714,1.00,1.00
2016.12.16 12:26:37.337,9.07563,9.07725,1.00,1.00
2016.12.16 12:26:39.026,9.07573,9.07737,1.00,1.00
2016.12.16 12:26:40.062,9.07586,9.07748,1.00,1.00
2016.12.16 12:26:43.628,9.07597,9.07759,1.00,1.00
2016.12.16 12:26:44.873,9.07587,9.07749,1.00,1.00
2016.12.16 12:26:47.964,9.07598,9.0776,1.00,1.00
2016.12.16 12:26:48.877,9.076,9.07762,1.00,1.00
2016.12.16 12:26:51.775,9.07612,9.07774,1.00,1.00
2016.12.16 12:26:54.480,9.07623,9.07787,1.00,1.00
2016.12.16 12:26:56.859,9.07612,9.07774,1.00,1.00
2016.12.16 12:27:04.363,9.07623,9.07785,1.00,1.00
2016.12.16 12:27:05.506,9.07636,9.07798,1.00,1.00
2016.12.16 12:27:05.865,9.07648,9.0781,1.00,1.00
2016.12.16 12:27:06.674,9.0766,9.07822,1.00,1.00
2016.12.16 12:27:07.104,9.07672,9.07834,1.00,1.00
2016.12.16 12:27:07.407,9.07683,9.07845,1.00,1.00
2016.12.16 12:27:07.711,9.07672,9.07834,1.00,1.00
2016.12.16 12:27:08.014,9.07683,9.07845,1.00,1.00
2016.12.16 12:27:08.371,9.07706,9.07868,1.00,1.00
2016.12.16 12:27:08.776,9.07708,9.0787,1.00,1.00
2016.12.16 12:27:09.993,9.07719,9.07881,1.00,1.00
2016.12.16 12:27:11.004,9.07731,9.07893,1.00,1.00
2016.12.16 12:27:12.293,9.07742,9.07904,1.00,1.00
2016.12.16 12:27:12.495,9.0773,9.07894,1.00,1.00
2016.12.16 12:27:13.477,9.07744,9.07906,1.00,1.00
2016.12.16 12:27:26.334,9.07757,9.07919,1.00,1.00
2016.12.16 12:27:26.637,9.07745,9.07907,1.00,1.00
2016.12.16 12:27:27.850,9.07756,9.07918,1.00,1.00
2016.12.16 12:27:28.153,9.07767,9.07929,1.00,1.00
2016.12.16 12:27:28.871,9.07762,9.07924,1.00,1.00
2016.12.16 12:27:35.950,9.07774,9.07936,1.00,1.00
2016.12.16 12:27:39.070,9.07747,9.07909,1.00,1.00
2016.12.16 12:27:39.373,9.07736,9.07898,1.00,1.00
2016.12.16 12:27:41.575,9.07724,9.07886,1.00,1.00
2016.12.16 12:27:48.772,9.07727,9.07889,1.00,1.00
2016.12.16 12:27:53.484,9.07738,9.079,1.00,1.00
2016.12.16 12:27:53.788,9.07749,9.07911,1.00,1.00
2016.12.16 12:27:56.224,9.0776,9.07922,1.00,1.00
2016.12.16 12:27:58.593,9.07772,9.07934,1.00,1.00
2016.12.16 12:28:04.421,9.07783,9.07945,1.00,1.00
2016.12.16 12:28:08.334,9.07772,9.07934,1.00,1.00
2016.12.16 12:28:08.719,9.07775,9.07937,1.00,1.00
2016.12.16 12:28:11.045,9.07786,9.07948,1.00,1.00
2016.12.16 12:28:17.424,9.07775,9.07937,1.00,1.00
2016.12.16 12:28:17.829,9.07764,9.07926,1.00,1.00
2016.12.16 12:28:19.733,9.07752,9.07914,1.00,1.00
2016.12.16 12:28:20.461,9.07763,9.07925,1.00,1.00
2016.12.16 12:28:23.655,9.07775,9.07937,1.00,1.00
2016.12.16 12:28:28.770,9.07782,9.07944,1.00,1.00
2016.12.16 12:28:29.466,9.07771,9.07933,1.00,1.00
2016.12.16 12:28:36.153,9.07759,9.07921,1.00,1.00
2016.12.16 12:28:38.585,9.07748,9.0791,1.00,1.00
2016.12.16 12:28:39.303,9.07759,9.07921,1.00,1.00
2016.12.16 12:28:41.476,9.07747,9.07909,1.00,1.00
2016.12.16 12:28:45.874,9.07757,9.07921,1.00,1.00
2016.12.16 12:28:48.804,9.07754,9.07916,1.00,1.00
2016.12.16 12:28:49.977,9.07766,9.07928,1.00,1.00
2016.12.16 12:28:50.381,9.07755,9.07917,1.00,1.00
2016.12.16 12:28:50.685,9.07768,9.0793,1.00,1.00
2016.12.16 12:28:52.488,9.07756,9.0792,1.00,1.00
2016.12.16 12:28:56.502,9.07745,9.07907,1.00,1.00
2016.12.16 12:28:59.928,9.07733,9.07895,1.00,1.00
2016.12.16 12:29:05.024,9.07749,9.07911,1.00,1.00
2016.12.16 12:29:05.419,9.07737,9.07899,1.00,1.00
2016.12.16 12:29:05.757,9.07748,9.0791,1.00,1.00
2016.12.16 12:29:08.809,9.0774,9.07902,1.00,1.00
2016.12.16 12:29:12.448,9.07751,9.07913,1.00,1.00
2016.12.16 12:29:15.062,9.07763,9.07925,1.00,1.00
2016.12.16 12:29:18.546,9.07752,9.07914,1.00,1.00
2016.12.16 12:29:19.557,9.07741,9.07903,1.00,1.00
2016.12.16 12:29:26.751,9.0773,9.07892,1.00,1.00
2016.12.16 12:29:28.898,9.07734,9.07896,1.00,1.00
2016.12.16 12:29:30.579,9.07746,9.07908,1.00,1.00
2016.12.16 12:29:33.577,9.07735,9.07897,1.00,1.00
2016.12.16 12:29:33.678,9.07745,9.07909,1.00,1.00
2016.12.16 12:29:38.371,9.07735,9.07897,1.00,1.00
2016.12.16 12:29:47.823,9.07746,9.07908,1.00,1.00
2016.12.16 12:29:48.864,9.07741,9.07903,1.00,1.00
2016.12.16 12:29:52.309,9.07729,9.07891,1.00,1.00
2016.12.16 12:29:54.417,9.07717,9.07879,1.00,1.00
2016.12.16 12:29:54.720,9.07694,9.07856,1.00,1.00
2016.12.16 12:29:55.547,9.07682,9.07844,1.00,1.00
2016.12.16 12:29:56.621,9.07671,9.07833,1.00,1.00
2016.12.16 12:30:00.461,9.07675,9.07833,1.00,1.00
2016.12.16 12:30:00.512,9.07695,9.07857,1.00,1.00
2016.12.16 12:30:03.902,9.07695,9.07846,1.00,1.00
2016.12.16 12:30:04.155,9.07683,9.07845,1.00,1.00
2016.12.16 12:30:04.671,9.07683,9.07836,1.00,1.00
2016.12.16 12:30:05.209,9.07683,9.07837,1.00,1.00
2016.12.16 12:30:05.513,9.07683,9.07826,1.00,1.00
2016.12.16 12:30:05.564,9.07665,9.07827,1.00,1.00
2016.12.16 12:30:06.070,9.07677,9.07839,1.00,1.00
2016.12.16 12:30:06.523,9.07666,9.07828,1.00,1.00
2016.12.16 12:30:08.868,9.07673,9.07835,1.00,1.00
2016.12.16 12:30:16.875,9.07684,9.07846,1.00,1.00
2016.12.16 12:30:17.445,9.07672,9.07834,1.00,1.00
2016.12.16 12:30:18.467,9.07661,9.07823,1.00,1.00
2016.12.16 12:30:23.481,9.07676,9.07838,1.00,1.00
2016.12.16 12:30:23.686,9.07664,9.07828,1.00,1.00
2016.12.16 12:30:28.868,9.07663,9.07825,1.00,1.00
2016.12.16 12:30:31.913,9.07675,9.07837,1.00,1.00
2016.12.16 12:30:32.239,9.07664,9.07826,1.00,1.00
2016.12.16 12:30:32.972,9.07677,9.07839,1.00,1.00
2016.12.16 12:30:43.026,9.07666,9.07828,1.00,1.00
2016.12.16 12:30:43.793,9.07686,9.07828,1.00,1.00
2016.12.16 12:30:43.894,9.07686,9.07844,1.00,1.00
2016.12.16 12:30:44.147,9.07707,9.07844,1.00,1.00
2016.12.16 12:30:44.299,9.07707,9.07857,1.00,1.00
2016.12.16 12:30:44.401,9.07729,9.07857,1.00,1.00
2016.12.16 12:30:44.502,9.07729,9.07875,1.00,1.00
2016.12.16 12:30:44.603,9.07713,9.07875,1.00,1.00
2016.12.16 12:30:44.705,9.07723,9.07885,1.00,1.00
2016.12.16 12:30:45.009,9.07735,9.07897,1.00,1.00
2016.12.16 12:30:45.312,9.07769,9.07931,1.50,1.00
2016.12.16 12:30:45.662,9.07801,9.07946,1.00,1.00
2016.12.16 12:30:45.865,9.07801,9.07953,1.00,1.00
2016.12.16 12:30:45.916,9.07824,9.07953,1.00,1.00
2016.12.16 12:30:46.017,9.07824,9.07969,1.00,1.00
2016.12.16 12:30:46.069,9.07858,9.07969,1.00,1.00
2016.12.16 12:30:46.120,9.07858,9.07971,1.00,1.00
2016.12.16 12:30:46.374,9.07858,9.08016,1.00,1.60
2016.12.16 12:30:46.425,9.07866,9.08016,1.00,1.60
2016.12.16 12:30:46.729,9.07889,9.08016,1.00,1.60
2016.12.16 12:30:47.035,9.07894,9.08016,1.00,1.00
2016.12.16 12:30:47.087,9.07894,9.08041,1.00,1.00
2016.12.16 12:30:47.307,9.07894,9.08051,1.00,1.60
2016.12.16 12:30:47.408,9.079,9.08061,1.00,1.60
2016.12.16 12:30:47.762,9.079,9.08051,1.00,1.00
2016.12.16 12:30:47.813,9.07888,9.0805,1.00,1.00
2016.12.16 12:30:47.915,9.07876,9.08038,1.00,1.00
2016.12.16 12:30:48.574,9.07891,9.08038,1.00,1.00
2016.12.16 12:30:48.815,9.07891,9.08041,1.00,1.00
2016.12.16 12:30:50.524,9.07891,9.08031,1.00,1.00
2016.12.16 12:30:50.625,9.07891,9.08042,1.00,1.00
2016.12.16 12:30:51.201,9.07891,9.08041,1.00,1.00
2016.12.16 12:30:51.927,9.07902,9.08041,1.00,1.00
2016.12.16 12:30:52.029,9.07902,9.08047,1.00,1.60
2016.12.16 12:30:52.484,9.07902,9.08041,1.00,1.00
2016.12.16 12:30:52.981,9.0789,9.08041,1.00,1.00
2016.12.16 12:30:53.032,9.0789,9.08037,1.00,1.00
2016.12.16 12:30:53.133,9.0789,9.08041,1.00,1.00
2016.12.16 12:30:53.336,9.07875,9.08039,1.00,1.00
2016.12.16 12:30:53.387,9.07875,9.08021,1.00,1.00
2016.12.16 12:30:53.438,9.07863,9.08025,1.00,1.00
2016.12.16 12:30:53.893,9.07863,9.08021,1.00,1.00
2016.12.16 12:30:53.944,9.0785,9.08012,1.00,1.00
2016.12.16 12:30:55.148,9.07836,9.08,1.00,1.00
2016.12.16 12:30:56.529,9.07825,9.07987,1.00,1.00
2016.12.16 12:30:56.837,9.07814,9.07976,1.00,1.00
2016.12.16 12:30:58.136,9.07814,9.07972,1.00,1.00
2016.12.16 12:30:58.338,9.07802,9.07964,1.00,1.00
2016.12.16 12:30:58.440,9.07791,9.07953,1.00,1.00
2016.12.16 12:31:01.252,9.07778,9.0794,1.00,1.00
2016.12.16 12:31:01.959,9.07767,9.07929,1.00,1.00
2016.12.16 12:31:02.263,9.07756,9.07918,1.00,1.00
2016.12.16 12:31:02.819,9.07744,9.07906,1.00,1.00
2016.12.16 12:31:06.556,9.07733,9.07895,1.00,1.00
2016.12.16 12:31:06.859,9.07722,9.07884,1.00,1.00
2016.12.16 12:31:10.471,9.07711,9.07875,1.00,1.00
2016.12.16 12:31:10.877,9.07699,9.07861,1.00,1.00
2016.12.16 12:31:12.411,9.0771,9.07872,1.00,1.00
2016.12.16 12:31:13.472,9.07699,9.07861,1.00,1.00
2016.12.16 12:31:19.373,9.07688,9.0785,1.00,1.00
2016.12.16 12:31:21.573,9.07675,9.07837,1.00,1.00
2016.12.16 12:31:25.674,9.07687,9.07849,1.00,1.00
2016.12.16 12:31:28.372,9.07698,9.0786,1.00,1.00
2016.12.16 12:31:28.776,9.07695,9.07859,1.00,1.00
2016.12.16 12:31:30.973,9.07685,9.07847,1.00,1.00
2016.12.16 12:31:31.312,9.07698,9.0786,1.00,1.00
2016.12.16 12:31:32.019,9.07709,9.07871,1.00,1.00
2016.12.16 12:31:35.326,9.07721,9.07883,1.00,1.00
2016.12.16 12:31:38.117,9.07734,9.07896,1.00,1.00
2016.12.16 12:31:38.433,9.07712,9.07874,1.00,1.00
2016.12.16 12:31:38.737,9.07739,9.07901,1.00,1.00
2016.12.16 12:31:39.192,9.07751,9.07913,1.00,1.00
2016.12.16 12:31:40.135,9.0774,9.07902,1.00,1.00
2016.12.16 12:31:46.524,9.0775,9.07912,1.00,1.00
2016.12.16 12:31:47.325,9.07762,9.07924,1.00,1.00
2016.12.16 12:31:48.814,9.07758,9.0792,1.00,1.00
2016.12.16 12:31:52.229,9.07747,9.07909,1.00,1.00
2016.12.16 12:31:55.938,9.07759,9.07921,1.00,1.00
2016.12.16 12:31:57.616,9.07762,9.07921,1.00,1.00
2016.12.16 12:31:57.764,9.07771,9.07933,1.00,1.00
2016.12.16 12:31:58.017,9.07784,9.07933,1.00,1.00
2016.12.16 12:31:58.068,9.07784,9.07946,1.50,1.00
2016.12.16 12:31:58.735,9.07773,9.07935,1.00,1.00
2016.12.16 12:31:59.571,9.07784,9.07946,1.00,1.00
2016.12.16 12:31:59.908,9.07797,9.07959,1.00,1.00
2016.12.16 12:32:00.212,9.07814,9.0797,1.00,1.00
2016.12.16 12:32:00.365,9.07796,9.07958,1.00,1.00
2016.12.16 12:32:01.239,9.07812,9.07958,1.00,1.00
2016.12.16 12:32:02.150,9.07812,9.07969,1.00,1.00
2016.12.16 12:32:04.190,9.07818,9.07982,1.00,1.00
2016.12.16 12:32:04.494,9.07831,9.07995,1.00,1.00
2016.12.16 12:32:05.667,9.07831,9.07991,1.00,1.00
2016.12.16 12:32:06.073,9.07831,9.07995,1.00,1.00
2016.12.16 12:32:06.276,9.07836,9.07995,1.00,1.00
2016.12.16 12:32:07.262,9.07844,9.08006,1.00,1.00
2016.12.16 12:32:07.464,9.07844,9.08001,1.00,1.00
2016.12.16 12:32:07.869,9.0784,9.07994,1.00,1.00
2016.12.16 12:32:08.682,9.0784,9.07991,1.00,1.00
2016.12.16 12:32:08.733,9.07832,9.07991,1.00,1.00
2016.12.16 12:32:08.784,9.07832,9.07994,1.00,1.00
2016.12.16 12:32:08.936,9.07848,9.07994,1.00,1.00
2016.12.16 12:32:08.988,9.07848,9.08005,1.00,1.00
2016.12.16 12:32:09.424,9.07848,9.08001,1.00,1.00
2016.12.16 12:32:09.728,9.07843,9.08001,1.00,1.00
2016.12.16 12:32:09.887,9.07832,9.07994,1.00,1.00
2016.12.16 12:32:10.342,9.07848,9.07994,1.00,1.00
2016.12.16 12:32:10.546,9.07821,9.07983,1.00,1.00
2016.12.16 12:32:10.799,9.07836,9.07983,1.00,1.00
2016.12.16 12:32:10.884,9.07838,9.08,1.00,1.00
2016.12.16 12:32:14.806,9.07838,9.07991,1.00,1.00
2016.12.16 12:32:15.984,9.07838,9.08,1.00,1.00
2016.12.16 12:32:17.294,9.07847,9.08,1.00,1.00
2016.12.16 12:32:17.446,9.07838,9.08,1.00,1.00
2016.12.16 12:32:17.497,9.07853,9.08015,1.00,1.00
2016.12.16 12:32:17.801,9.07853,9.08002,1.00,1.00
2016.12.16 12:32:18.256,9.07853,9.08007,1.00,1.00
2016.12.16 12:32:18.588,9.07853,9.08015,1.00,1.00
2016.12.16 12:32:18.996,9.07842,9.08004,1.00,1.00
2016.12.16 12:32:19.401,9.07831,9.07993,1.00,1.00
2016.12.16 12:32:20.093,9.07817,9.07981,1.00,1.00
2016.12.16 12:32:22.959,9.07829,9.07991,1.00,1.50
2016.12.16 12:32:23.894,9.07818,9.0798,1.00,1.00
2016.12.16 12:32:28.108,9.07828,9.0799,1.00,1.00
2016.12.16 12:32:28.830,9.07822,9.07984,1.00,1.00
2016.12.16 12:32:31.144,9.0781,9.07972,1.00,1.00
2016.12.16 12:32:32.521,9.07821,9.07983,1.00,1.00
2016.12.16 12:32:38.267,9.07832,9.07994,1.00,1.00
2016.12.16 12:32:38.571,9.0782,9.07982,1.00,1.00
2016.12.16 12:32:39.029,9.07806,9.07968,1.00,1.00
2016.12.16 12:32:39.343,9.07813,9.07976,1.00,1.00
2016.12.16 12:32:40.428,9.07812,9.07976,1.00,1.00
2016.12.16 12:32:40.635,9.07817,9.07976,1.00,1.00
2016.12.16 12:32:40.838,9.07812,9.07976,1.00,1.00
2016.12.16 12:32:40.939,9.07802,9.07964,1.00,1.00
2016.12.16 12:32:42.168,9.07813,9.07975,1.00,1.00
2016.12.16 12:32:45.573,9.0782,9.07975,1.00,1.00
2016.12.16 12:32:45.675,9.0783,9.07992,1.00,1.00
2016.12.16 12:32:45.729,9.07845,9.07992,1.00,1.00
2016.12.16 12:32:45.780,9.07845,9.08004,1.00,1.00
2016.12.16 12:32:45.991,9.07865,9.08021,1.00,1.00
2016.12.16 12:32:46.093,9.07865,9.08027,1.00,1.00
2016.12.16 12:32:46.245,9.07853,9.08015,1.00,1.00
2016.12.16 12:32:46.750,9.07864,9.08026,1.00,1.00
2016.12.16 12:32:47.098,9.07864,9.08021,1.00,1.00
2016.12.16 12:32:47.250,9.07864,9.08026,1.00,1.00
2016.12.16 12:32:47.554,9.07853,9.08015,1.00,1.00
2016.12.16 12:32:47.858,9.07856,9.08018,1.00,1.00
2016.12.16 12:32:48.480,9.07845,9.08006,1.00,1.00
2016.12.16 12:32:48.784,9.07854,9.08016,1.00,1.00
2016.12.16 12:32:49.316,9.07866,9.08028,1.00,1.00
2016.12.16 12:32:49.621,9.07866,9.08021,1.00,1.00
2016.12.16 12:32:50.289,9.07855,9.08017,1.00,1.00
2016.12.16 12:32:50.440,9.07843,9.08005,1.00,1.00
2016.12.16 12:32:50.743,9.07843,9.08001,1.00,1.00
2016.12.16 12:32:50.794,9.07831,9.07993,1.00,1.00
2016.12.16 12:32:52.481,9.07819,9.07981,1.50,1.00
2016.12.16 12:32:52.885,9.0783,9.07992,1.00,1.00
2016.12.16 12:32:54.301,9.07815,9.07977,1.00,1.00
2016.12.16 12:32:54.606,9.07826,9.07988,1.00,1.00
2016.12.16 12:32:57.071,9.07837,9.08001,1.00,1.00
2016.12.16 12:32:58.977,9.07849,9.08011,1.00,1.00
2016.12.16 12:32:59.283,9.07837,9.07999,1.00,1.00
2016.12.16 12:33:00.807,9.07823,9.07985,1.00,1.00
2016.12.16 12:33:01.133,9.07844,9.08006,1.00,1.00
2016.12.16 12:33:01.436,9.07831,9.07993,1.00,1.00
2016.12.16 12:33:03.322,9.07818,9.0798,1.00,1.00
2016.12.16 12:33:04.807,9.07807,9.07969,1.00,1.00
2016.12.16 12:33:06.535,9.07796,9.07958,1.00,1.00
2016.12.16 12:33:07.430,9.07785,9.07947,1.00,1.00
2016.12.16 12:33:08.845,9.07782,9.07944,1.00,1.00
2016.12.16 12:33:09.250,9.07771,9.07933,1.00,1.00
2016.12.16 12:33:10.235,9.07783,9.07945,1.00,1.00
2016.12.16 12:33:11.748,9.07794,9.07958,1.00,1.00
2016.12.16 12:33:13.423,9.07805,9.07969,1.00,1.00
2016.12.16 12:33:14.233,9.07794,9.07956,1.00,1.00
2016.12.16 12:33:17.972,9.07805,9.07967,1.00,1.00
2016.12.16 12:33:18.579,9.07793,9.07957,1.00,1.00
2016.12.16 12:33:20.067,9.07783,9.07945,1.00,1.00
2016.12.16 12:33:21.972,9.07794,9.07956,1.00,1.00
2016.12.16 12:33:22.617,9.07783,9.07945,1.00,1.00
2016.12.16 12:33:23.555,9.07794,9.07956,1.00,1.00
2016.12.16 12:33:29.272,9.07778,9.0794,1.00,1.00
2016.12.16 12:33:29.474,9.07766,9.0793,1.00,1.00
2016.12.16 12:33:29.825,9.07779,9.07941,1.00,1.00
2016.12.16 12:33:30.128,9.07804,9.07966,1.00,1.00
2016.12.16 12:33:35.007,9.07792,9.07954,1.00,1.00
2016.12.16 12:33:35.833,9.07803,9.07965,1.00,1.00
2016.12.16 12:33:36.540,9.07814,9.07976,1.00,1.00
2016.12.16 12:33:47.324,9.07827,9.07989,1.00,1.00
2016.12.16 12:33:52.976,9.07816,9.07978,1.00,1.00
2016.12.16 12:33:54.551,9.07828,9.0799,1.00,1.00
2016.12.16 12:33:56.654,9.07817,9.07979,1.00,1.00
2016.12.16 12:33:57.469,9.07828,9.0799,1.00,1.00
2016.12.16 12:33:58.580,9.07817,9.07979,1.00,1.00
2016.12.16 12:34:01.272,9.07828,9.0799,1.00,1.00
2016.12.16 12:34:01.981,9.07815,9.07979,1.00,1.00
2016.12.16 12:34:03.271,9.07829,9.07991,1.00,1.00
2016.12.16 12:34:06.113,9.07818,9.0798,1.00,1.00
2016.12.16 12:34:13.622,9.07831,9.07993,1.00,1.00
2016.12.16 12:34:15.286,9.0782,9.07982,1.00,1.00
2016.12.16 12:34:17.795,9.07809,9.07971,1.00,1.00
2016.12.16 12:34:19.539,9.0782,9.07982,1.00,1.00
2016.12.16 12:34:19.915,9.07809,9.07971,1.00,1.00
2016.12.16 12:34:28.837,9.07807,9.07969,1.00,1.00
2016.12.16 12:34:30.560,9.07818,9.0798,1.00,1.00
2016.12.16 12:34:30.864,9.07807,9.07969,1.00,1.00
2016.12.16 12:34:31.168,9.07827,9.07989,1.00,1.00
2016.12.16 12:34:31.320,9.07807,9.07971,1.00,1.00
2016.12.16 12:34:31.522,9.07797,9.07959,1.00,1.00
2016.12.16 12:34:31.920,9.07808,9.0797,1.00,1.00
2016.12.16 12:34:34.874,9.07797,9.07959,1.00,1.00
2016.12.16 12:34:35.544,9.07808,9.0797,1.00,1.00
2016.12.16 12:34:37.878,9.07819,9.07981,1.00,1.00
2016.12.16 12:34:38.233,9.07808,9.0797,1.00,1.00
2016.12.16 12:34:39.336,9.07819,9.07981,1.00,1.00
2016.12.16 12:34:40.766,9.07831,9.07993,1.00,1.00
2016.12.16 12:34:41.473,9.07817,9.07979,1.00,1.00
2016.12.16 12:34:43.067,9.0783,9.07992,1.00,1.00
2016.12.16 12:34:44.441,9.07819,9.07981,1.00,1.00
2016.12.16 12:34:48.855,9.07825,9.07987,1.00,1.00
2016.12.16 12:34:50.063,9.07837,9.07999,1.00,1.00
2016.12.16 12:34:51.771,9.07826,9.07988,1.00,1.00
2016.12.16 12:34:58.093,9.07837,9.07999,1.00,1.00
2016.12.16 12:35:06.530,9.07825,9.07989,1.00,1.00
2016.12.16 12:35:08.819,9.07824,9.07986,1.00,1.00
2016.12.16 12:35:10.124,9.07835,9.07997,1.00,1.00
2016.12.16 12:35:10.427,9.07823,9.07985,1.00,1.00
2016.12.16 12:35:10.730,9.07811,9.07973,1.00,1.00
2016.12.16 12:35:11.814,9.07822,9.07986,1.00,1.00
2016.12.16 12:35:18.061,9.07834,9.07996,1.00,1.00
2016.12.16 12:35:19.127,9.07822,9.07986,1.00,1.00
2016.12.16 12:35:37.779,9.07834,9.07996,1.00,1.00
2016.12.16 12:35:39.771,9.07822,9.07984,1.00,1.00
2016.12.16 12:35:40.972,9.07833,9.07995,1.00,1.00
2016.12.16 12:35:53.502,9.0782,9.07982,1.00,1.00
2016.12.16 12:35:55.230,9.07805,9.07967,1.00,1.00
2016.12.16 12:35:55.634,9.07818,9.0798,1.00,1.00
2016.12.16 12:35:58.319,9.07829,9.07991,1.00,1.00
2016.12.16 12:36:02.154,9.07818,9.0798,1.00,1.00
2016.12.16 12:36:02.458,9.07807,9.07969,1.00,1.00
2016.12.16 12:36:03.131,9.07821,9.07983,1.00,1.00
2016.12.16 12:36:08.176,9.07832,9.07994,1.00,1.00
2016.12.16 12:36:10.773,9.07821,9.07983,1.00,1.00
2016.12.16 12:36:13.778,9.07832,9.07994,1.00,1.00
2016.12.16 12:36:14.082,9.07821,9.07983,1.00,1.00
2016.12.16 12:36:20.078,9.07832,9.07994,1.00,1.00
2016.12.16 12:36:20.812,9.07819,9.07983,1.00,1.00
2016.12.16 12:36:22.808,9.07831,9.07993,1.00,1.00
2016.12.16 12:36:24.678,9.07841,9.08005,1.00,1.00
2016.12.16 12:36:24.981,9.07853,9.08015,1.00,1.00
2016.12.16 12:36:25.923,9.07842,9.08004,1.00,1.00
2016.12.16 12:36:28.302,9.07842,9.07997,1.00,1.00
2016.12.16 12:36:28.353,9.07842,9.08004,1.00,1.00
2016.12.16 12:36:28.403,9.07842,9.07997,1.00,1.00
2016.12.16 12:36:28.454,9.07842,9.08004,1.00,1.00
2016.12.16 12:36:28.606,9.07831,9.07993,1.00,1.00
2016.12.16 12:36:30.605,9.0782,9.07982,1.00,1.00
2016.12.16 12:36:31.394,9.07809,9.07971,1.00,1.00
2016.12.16 12:36:33.497,9.07822,9.07984,1.00,1.00
2016.12.16 12:36:33.847,9.07811,9.07973,1.00,1.00
2016.12.16 12:36:40.313,9.07798,9.07962,1.00,1.00
2016.12.16 12:36:41.520,9.07788,9.0795,1.00,1.00
2016.12.16 12:36:42.026,9.07776,9.07938,1.00,1.00
2016.12.16 12:36:43.656,9.07787,9.07949,1.00,1.00
2016.12.16 12:36:47.848,9.07767,9.07929,1.50,1.00
2016.12.16 12:36:48.151,9.07786,9.07948,1.00,1.00
2016.12.16 12:36:48.657,9.07774,9.07936,1.00,1.00
2016.12.16 12:36:48.960,9.07777,9.07939,1.00,1.00
2016.12.16 12:36:50.022,9.07757,9.07917,1.00,1.00
2016.12.16 12:36:50.124,9.07755,9.07917,1.00,1.00
2016.12.16 12:36:50.653,9.07766,9.07928,1.00,1.00
2016.12.16 12:36:53.243,9.07779,9.07941,1.00,1.00
2016.12.16 12:36:53.557,9.07763,9.07925,1.00,1.00
2016.12.16 12:36:53.961,9.07775,9.07937,1.00,1.00
2016.12.16 12:37:02.882,9.07786,9.07948,1.00,1.00
2016.12.16 12:37:04.094,9.07775,9.07937,1.00,1.00
2016.12.16 12:37:04.853,9.07764,9.07926,1.00,1.00
2016.12.16 12:37:08.751,9.0777,9.07934,1.00,1.00
2016.12.16 12:37:09.602,9.07759,9.07921,1.00,1.00
2016.12.16 12:37:10.971,9.07772,9.07934,1.00,1.00
2016.12.16 12:37:11.970,9.07761,9.07923,1.00,1.00
2016.12.16 12:37:16.372,9.07746,9.07908,1.00,1.00
2016.12.16 12:37:16.877,9.07735,9.07897,1.00,1.00
2016.12.16 12:37:17.193,9.07746,9.07908,1.00,1.00
2016.12.16 12:37:17.395,9.07758,9.07922,1.00,1.00
2016.12.16 12:37:17.497,9.07748,9.0791,1.00,1.00
2016.12.16 12:37:18.206,9.07761,9.07925,1.00,1.00
2016.12.16 12:37:20.610,9.07773,9.07935,1.00,1.00
2016.12.16 12:37:22.913,9.07762,9.07924,1.00,1.00
2016.12.16 12:37:25.309,9.07773,9.07935,1.00,1.00
2016.12.16 12:37:33.920,9.07784,9.07946,1.00,1.00
2016.12.16 12:37:35.138,9.07772,9.07936,1.00,1.00
2016.12.16 12:37:35.543,9.07784,9.07946,1.00,1.00
2016.12.16 12:37:35.940,9.07773,9.07935,1.00,1.00
2016.12.16 12:37:44.626,9.07761,9.07923,1.00,1.00
2016.12.16 12:37:44.942,9.07771,9.07933,1.00,1.00
2016.12.16 12:37:47.532,9.0776,9.07922,1.00,1.00
2016.12.16 12:37:48.716,9.07762,9.07924,1.00,1.00
2016.12.16 12:37:49.855,9.07773,9.07935,1.00,1.00
2016.12.16 12:37:50.158,9.07784,9.07946,1.00,1.00
2016.12.16 12:37:50.465,9.07772,9.07934,1.00,1.00
2016.12.16 12:37:51.527,9.07783,9.07945,1.00,1.00
2016.12.16 12:37:53.552,9.07794,9.07956,1.00,1.00
2016.12.16 12:38:02.280,9.07782,9.07944,1.00,1.00
2016.12.16 12:38:04.587,9.07769,9.07931,1.00,1.00
2016.12.16 12:38:04.891,9.07757,9.07919,1.00,1.00
2016.12.16 12:38:07.149,9.07744,9.07906,1.00,1.00
2016.12.16 12:38:08.771,9.07748,9.0791,1.00,1.00
2016.12.16 12:38:10.270,9.0776,9.07922,1.00,1.00
2016.12.16 12:38:10.855,9.07749,9.07911,1.00,1.00
2016.12.16 12:38:14.777,9.07739,9.07901,1.00,1.00
2016.12.16 12:38:15.282,9.07727,9.07889,1.00,1.00
2016.12.16 12:38:17.204,9.07738,9.079,1.00,1.00
2016.12.16 12:38:28.912,9.07735,9.07897,1.00,1.00
2016.12.16 12:38:30.321,9.07735,9.07883,1.00,1.00
2016.12.16 12:38:30.579,9.07724,9.07883,1.00,1.00
2016.12.16 12:38:31.170,9.07724,9.07882,1.00,1.00
2016.12.16 12:38:34.012,9.07735,9.07882,1.00,1.00
2016.12.16 12:38:34.416,9.07723,9.07882,1.00,1.00
2016.12.16 12:38:34.719,9.07723,9.07887,1.00,1.00
2016.12.16 12:38:35.675,9.07723,9.07882,1.00,1.00
2016.12.16 12:38:44.836,9.07723,9.07883,1.00,1.00
2016.12.16 12:38:45.368,9.07723,9.07882,1.00,1.00
2016.12.16 12:38:48.816,9.07728,9.07882,1.00,1.00
2016.12.16 12:38:51.922,9.07728,9.07884,1.00,1.00
2016.12.16 12:38:51.973,9.07728,9.0789,1.00,1.00
2016.12.16 12:38:55.400,9.07728,9.07882,1.00,1.00
2016.12.16 12:38:55.756,9.07714,9.07876,1.00,1.00
2016.12.16 12:38:55.859,9.07725,9.07882,1.00,1.00
2016.12.16 12:38:56.214,9.07714,9.07876,1.00,1.00
2016.12.16 12:38:56.924,9.07724,9.07882,1.00,1.00
2016.12.16 12:38:59.472,9.07724,9.07884,1.00,1.00
2016.12.16 12:38:59.573,9.07724,9.07888,1.00,1.00
2016.12.16 12:38:59.876,9.07724,9.07884,1.00,1.00
2016.12.16 12:39:00.191,9.07724,9.07882,1.00,1.00
2016.12.16 12:39:00.763,9.07724,9.07888,1.00,1.00
2016.12.16 12:39:00.915,9.07724,9.07882,1.00,1.00
2016.12.16 12:39:03.519,9.07724,9.07888,1.00,1.00
2016.12.16 12:39:05.167,9.07724,9.07882,1.00,1.00
2016.12.16 12:39:07.927,9.07724,9.07888,1.00,1.00
2016.12.16 12:39:09.439,9.07736,9.07898,1.00,1.00
2016.12.16 12:39:10.238,9.07736,9.07882,1.00,1.00
2016.12.16 12:39:10.340,9.07725,9.07882,1.00,1.00
2016.12.16 12:39:15.767,9.07725,9.07887,1.00,1.00
2016.12.16 12:39:16.967,9.07738,9.079,1.00,1.00
2016.12.16 12:39:18.036,9.07738,9.07882,1.00,1.00
2016.12.16 12:39:18.087,9.07725,9.07882,1.00,1.00
2016.12.16 12:39:18.441,9.07725,9.07884,1.00,1.00
2016.12.16 12:39:18.492,9.07736,9.07884,1.00,1.00
2016.12.16 12:39:18.543,9.07736,9.079,1.00,1.00
2016.12.16 12:39:20.446,9.07736,9.07882,1.00,1.00
2016.12.16 12:39:20.598,9.07723,9.07882,1.00,1.00
2016.12.16 12:39:20.800,9.07723,9.07885,1.00,1.00
2016.12.16 12:39:21.062,9.07736,9.07898,1.00,1.00
2016.12.16 12:39:22.534,9.07736,9.07882,1.00,1.00
2016.12.16 12:39:22.786,9.07725,9.07882,1.00,1.00
2016.12.16 12:39:23.360,9.07725,9.07883,1.00,1.00
2016.12.16 12:39:23.765,9.07725,9.07885,1.00,1.00
2016.12.16 12:39:23.867,9.07725,9.07887,1.00,1.00
2016.12.16 12:39:24.069,9.07738,9.079,1.00,1.00
2016.12.16 12:39:24.420,9.07726,9.07888,1.00,1.00
2016.12.16 12:39:24.870,9.07726,9.07882,1.00,1.00
2016.12.16 12:39:25.328,9.07726,9.07888,1.00,1.00
2016.12.16 12:39:26.328,9.07726,9.07882,1.00,1.00
2016.12.16 12:39:26.532,9.07712,9.07872,1.00,1.00
2016.12.16 12:39:26.583,9.0771,9.07872,1.00,1.00
2016.12.16 12:39:26.887,9.07721,9.07882,1.00,1.00
2016.12.16 12:39:28.916,9.07723,9.07882,1.00,1.00
2016.12.16 12:39:32.468,9.07723,9.07884,1.00,1.00
2016.12.16 12:39:32.620,9.07737,9.07899,1.00,1.00
2016.12.16 12:39:32.721,9.07748,9.07902,1.00,1.00
2016.12.16 12:39:33.210,9.07737,9.07899,1.00,1.00
2016.12.16 12:39:33.412,9.07722,9.07884,1.00,1.00
2016.12.16 12:39:33.792,9.07724,9.07884,1.00,1.00
2016.12.16 12:39:33.893,9.07733,9.07895,1.00,1.00
2016.12.16 12:39:41.224,9.07722,9.07884,1.00,1.00
2016.12.16 12:39:42.298,9.07733,9.07895,1.00,1.00
2016.12.16 12:39:48.833,9.07728,9.07892,1.00,1.00
2016.12.16 12:39:48.934,9.07717,9.07879,1.00,1.00
2016.12.16 12:39:49.423,9.07709,9.07868,1.00,1.00
2016.12.16 12:39:49.524,9.07717,9.07879,1.00,1.00
2016.12.16 12:39:49.823,9.07727,9.07891,1.00,1.00
2016.12.16 12:39:54.765,9.07715,9.07877,1.00,1.00
2016.12.16 12:39:55.068,9.07727,9.07889,1.00,1.00
2016.12.16 12:39:56.071,9.07716,9.07878,1.00,1.00
2016.12.16 12:39:56.425,9.07728,9.07892,1.00,1.00
2016.12.16 12:39:58.477,9.07741,9.07902,1.00,1.00
2016.12.16 12:39:58.679,9.07727,9.07889,1.00,1.00
2016.12.16 12:39:58.932,9.07738,9.079,1.00,1.00
2016.12.16 12:39:59.775,9.07744,9.079,1.00,1.00
2016.12.16 12:40:00.078,9.07741,9.07902,1.00,1.00
2016.12.16 12:40:00.231,9.07744,9.07902,1.00,1.00
2016.12.16 12:40:00.383,9.07741,9.07902,1.00,1.00
2016.12.16 12:40:00.587,9.07752,9.07902,1.00,1.00
2016.12.16 12:40:00.808,9.07738,9.079,1.00,1.00
2016.12.16 12:40:00.859,9.07744,9.079,1.00,1.00
2016.12.16 12:40:00.961,9.07738,9.079,1.00,1.00
2016.12.16 12:40:01.062,9.07749,9.07903,1.00,1.00
2016.12.16 12:40:03.950,9.07749,9.07902,1.00,1.00
2016.12.16 12:40:04.051,9.07734,9.07896,1.00,1.00
2016.12.16 12:40:05.770,9.07745,9.07902,1.00,1.00
2016.12.16 12:40:06.589,9.07745,9.07903,1.00,1.00
2016.12.16 12:40:08.880,9.07743,9.07903,1.00,1.00
2016.12.16 12:40:09.655,9.07743,9.07902,1.00,1.00
2016.12.16 12:40:10.212,9.07732,9.07894,1.00,1.00
2016.12.16 12:40:10.783,9.07721,9.07883,1.00,1.00
2016.12.16 12:40:11.846,9.07709,9.07866,1.00,1.00
2016.12.16 12:40:11.897,9.07715,9.07877,1.00,1.00
2016.12.16 12:40:11.948,9.07718,9.07877,1.00,1.00
2016.12.16 12:40:12.100,9.07726,9.07888,1.00,1.00
2016.12.16 12:40:15.818,9.07715,9.07877,1.00,1.00
2016.12.16 12:40:16.021,9.07725,9.07889,1.00,1.00
2016.12.16 12:40:16.420,9.07739,9.07901,1.00,1.00
2016.12.16 12:40:16.824,9.07728,9.0789,1.00,1.00
2016.12.16 12:40:17.704,9.07715,9.07877,1.00,1.00
2016.12.16 12:40:18.009,9.07726,9.07888,1.00,1.00
2016.12.16 12:40:19.133,9.07739,9.07901,1.00,1.00
2016.12.16 12:40:19.437,9.07708,9.0787,1.00,1.00
2016.12.16 12:40:19.740,9.07719,9.07881,1.00,1.00
2016.12.16 12:40:21.332,9.07731,9.07893,1.00,1.00
2016.12.16 12:40:24.811,9.0772,9.07882,1.00,1.00
2016.12.16 12:40:25.114,9.0772,9.07864,1.00,1.00
2016.12.16 12:40:25.215,9.07707,9.07864,1.00,1.00
2016.12.16 12:40:25.317,9.07699,9.07854,1.00,1.00
2016.12.16 12:40:25.419,9.07703,9.07865,1.00,1.00
2016.12.16 12:40:25.857,9.07709,9.07865,1.00,1.00
2016.12.16 12:40:26.313,9.07714,9.07876,1.00,1.00
2016.12.16 12:40:32.272,9.07714,9.07864,1.00,1.00
2016.12.16 12:40:32.323,9.07704,9.07864,1.00,1.00
2016.12.16 12:40:33.653,9.07693,9.07854,1.00,1.00
2016.12.16 12:40:33.755,9.07699,9.07854,1.00,1.00
2016.12.16 12:40:34.058,9.07699,9.07845,1.00,1.00
2016.12.16 12:40:34.159,9.07699,9.07861,1.50,1.00
2016.12.16 12:40:34.311,9.07699,9.07849,1.00,1.00
2016.12.16 12:40:34.621,9.07689,9.0784,1.00,1.00
2016.12.16 12:40:34.722,9.07696,9.07858,1.00,1.00
2016.12.16 12:40:34.824,9.07688,9.07847,1.00,1.00
2016.12.16 12:40:34.926,9.07696,9.07858,1.00,1.00
2016.12.16 12:40:35.633,9.07699,9.07847,1.00,1.00
2016.12.16 12:40:36.037,9.07699,9.07859,1.00,1.00
2016.12.16 12:40:36.087,9.07709,9.07859,1.00,1.00
2016.12.16 12:40:36.274,9.07708,9.0787,1.00,1.00
2016.12.16 12:40:36.527,9.07697,9.07859,1.00,1.00
2016.12.16 12:40:36.831,9.07699,9.07859,1.00,1.00
2016.12.16 12:40:38.006,9.07709,9.07859,1.00,1.00
2016.12.16 12:40:39.525,9.07699,9.07859,1.00,1.00
2016.12.16 12:40:40.139,9.07697,9.07859,1.00,1.00
2016.12.16 12:40:40.343,9.07693,9.07849,1.00,1.00
2016.12.16 12:40:40.647,9.07699,9.07849,1.00,1.00
2016.12.16 12:40:40.748,9.07699,9.0786,1.00,1.00
2016.12.16 12:40:41.102,9.07709,9.0786,1.00,1.00
2016.12.16 12:40:41.153,9.07709,9.07871,1.50,1.00
2016.12.16 12:40:44.162,9.0772,9.07882,1.00,1.00
2016.12.16 12:40:44.465,9.07698,9.0786,1.00,1.00
2016.12.16 12:40:44.770,9.07709,9.0786,1.00,1.00
2016.12.16 12:40:44.872,9.0771,9.07872,1.00,1.00
2016.12.16 12:40:46.273,9.07724,9.07886,1.00,1.00
2016.12.16 12:40:46.974,9.07713,9.07875,1.00,1.00
2016.12.16 12:40:48.272,9.07724,9.07886,1.00,1.00
2016.12.16 12:40:48.784,9.07718,9.0788,1.00,1.00
2016.12.16 12:40:50.063,9.07732,9.07894,1.00,1.00
2016.12.16 12:40:52.168,9.0772,9.07882,1.00,1.00
2016.12.16 12:40:52.472,9.07697,9.07859,1.00,1.00
2016.12.16 12:40:53.782,9.07685,9.07847,1.00,1.00
2016.12.16 12:40:54.086,9.07672,9.07834,1.00,1.00
2016.12.16 12:40:54.390,9.07661,9.07823,1.60,1.00
2016.12.16 12:40:54.794,9.07661,9.07823,1.60,1.00
2016.12.16 12:40:54.998,9.07672,9.07834,1.00,1.00
2016.12.16 12:40:56.311,9.07659,9.07823,1.00,1.00
2016.12.16 12:40:57.037,9.07659,9.07823,1.60,1.00
2016.12.16 12:40:57.371,9.07649,9.07811,1.60,1.00
2016.12.16 12:40:57.624,9.07659,9.07821,1.60,1.00
2016.12.16 12:40:57.725,9.07659,9.07821,1.60,1.00
2016.12.16 12:40:58.028,9.07659,9.07821,1.60,1.00
2016.12.16 12:40:58.079,9.07659,9.07821,1.60,1.00
2016.12.16 12:40:58.181,9.07674,9.07836,1.00,1.00
2016.12.16 12:40:58.282,9.07692,9.07854,1.00,1.00
2016.12.16 12:40:58.485,9.07708,9.07872,1.00,1.00
2016.12.16 12:40:58.799,9.07719,9.07881,1.00,1.00
2016.12.16 12:40:59.505,9.07731,9.07893,1.00,1.00
2016.12.16 12:41:01.466,9.07731,9.07892,1.00,1.50
2016.12.16 12:41:01.618,9.07684,9.07846,1.00,1.00
2016.12.16 12:41:01.720,9.07673,9.07835,1.00,1.00
2016.12.16 12:41:02.023,9.0766,9.07822,1.97,1.00
2016.12.16 12:41:02.579,9.0766,9.07822,1.60,1.00
2016.12.16 12:41:02.630,9.0766,9.07822,1.60,1.00
2016.12.16 12:41:02.781,9.0766,9.07822,1.60,1.00
2016.12.16 12:41:03.085,9.07671,9.07833,2.10,1.00
2016.12.16 12:41:03.136,9.07691,9.07853,1.00,1.00
2016.12.16 12:41:03.190,9.07701,9.07863,1.00,1.00
2016.12.16 12:41:03.596,9.07713,9.07875,1.00,1.00
2016.12.16 12:41:03.899,9.07724,9.07886,1.00,1.00
2016.12.16 12:41:04.898,9.07736,9.07898,1.00,1.00
2016.12.16 12:41:05.505,9.07747,9.07909,1.00,1.00
2016.12.16 12:41:08.826,9.07751,9.07913,1.00,1.00
2016.12.16 12:41:09.179,9.07751,9.07892,1.00,1.00
2016.12.16 12:41:09.230,9.07738,9.07892,1.00,1.00
2016.12.16 12:41:09.281,9.07738,9.07864,1.00,1.00
2016.12.16 12:41:09.332,9.07682,9.07844,1.60,1.00
2016.12.16 12:41:09.383,9.07682,9.07844,1.60,1.00
2016.12.16 12:41:09.691,9.07729,9.07891,1.00,1.00
2016.12.16 12:41:10.448,9.0774,9.07902,1.00,1.00
2016.12.16 12:41:11.307,9.07753,9.07915,1.00,1.00
2016.12.16 12:41:12.752,9.07765,9.07927,1.00,1.00
2016.12.16 12:41:13.757,9.07776,9.07938,1.00,1.00
2016.12.16 12:41:14.536,9.07787,9.07949,1.00,1.00
2016.12.16 12:41:15.829,9.078,9.07962,1.00,1.00
2016.12.16 12:41:17.019,9.07813,9.07975,1.00,1.00
2016.12.16 12:41:17.525,9.07824,9.07986,1.00,1.00
2016.12.16 12:41:19.164,9.0781,9.07972,1.00,1.00
2016.12.16 12:41:19.475,9.07821,9.07983,1.00,1.00
2016.12.16 12:41:19.931,9.07833,9.07995,1.00,1.00
2016.12.16 12:41:22.066,9.07844,9.08006,1.00,1.00
2016.12.16 12:41:22.574,9.07827,9.07989,1.00,1.00
2016.12.16 12:41:28.856,9.07825,9.07987,1.00,1.00
2016.12.16 12:41:29.376,9.07836,9.07998,1.00,1.00
2016.12.16 12:41:31.774,9.07824,9.07986,1.00,1.00
2016.12.16 12:41:33.071,9.07812,9.07974,1.00,1.00
2016.12.16 12:41:36.278,9.078,9.07962,1.00,1.00
2016.12.16 12:41:36.583,9.07788,9.0795,1.00,1.00
2016.12.16 12:41:39.617,9.07799,9.07961,1.00,1.00
2016.12.16 12:41:43.785,9.07788,9.0795,1.00,1.00
2016.12.16 12:41:48.416,9.07802,9.07964,1.00,1.00
2016.12.16 12:41:50.908,9.07789,9.07951,1.00,1.00
2016.12.16 12:41:52.606,9.0779,9.07951,1.00,1.00
2016.12.16 12:41:52.708,9.07801,9.07963,1.00,1.00
2016.12.16 12:41:54.299,9.07789,9.07951,1.00,1.00
2016.12.16 12:41:56.142,9.07799,9.07951,1.00,1.00
2016.12.16 12:41:56.244,9.07805,9.07967,1.00,1.00
2016.12.16 12:41:57.318,9.07816,9.07978,1.00,1.00
2016.12.16 12:41:57.823,9.07803,9.07965,1.00,1.00
2016.12.16 12:41:58.329,9.07791,9.07955,1.00,1.00
2016.12.16 12:41:58.632,9.07803,9.07965,1.00,1.00
2016.12.16 12:41:59.205,9.07791,9.07953,1.00,1.00
2016.12.16 12:41:59.609,9.07803,9.07965,1.00,1.00
2016.12.16 12:42:00.017,9.07792,9.07954,1.00,1.00
2016.12.16 12:42:00.395,9.07776,9.07938,1.00,1.00
2016.12.16 12:42:01.726,9.07787,9.07949,1.00,1.00
2016.12.16 12:42:02.736,9.07798,9.0796,1.00,1.00
2016.12.16 12:42:04.748,9.07809,9.07971,1.00,1.00
2016.12.16 12:42:05.272,9.07798,9.0796,1.00,1.00
2016.12.16 12:42:06.338,9.07809,9.07971,1.00,1.00
2016.12.16 12:42:07.220,9.07791,9.07953,1.00,1.00
2016.12.16 12:42:08.734,9.07783,9.07945,1.00,1.00
2016.12.16 12:42:09.431,9.07797,9.07959,1.00,1.00
2016.12.16 12:42:11.874,9.07783,9.07945,1.00,1.00
2016.12.16 12:42:14.070,9.07794,9.07956,1.00,1.00
2016.12.16 12:42:14.774,9.0778,9.07942,1.00,1.00
2016.12.16 12:42:17.572,9.07791,9.07955,1.00,1.00
2016.12.16 12:42:19.101,9.07793,9.07955,1.00,1.00
2016.12.16 12:42:19.422,9.07803,9.07965,1.00,1.00
2016.12.16 12:42:27.119,9.07792,9.07954,1.00,1.00
2016.12.16 12:42:27.981,9.07802,9.07966,1.00,1.00
2016.12.16 12:42:28.780,9.07798,9.0796,1.00,1.00
2016.12.16 12:42:32.894,9.0781,9.07972,1.00,1.00
2016.12.16 12:42:34.315,9.07796,9.07958,1.00,1.00
2016.12.16 12:42:36.127,9.07808,9.0797,1.00,1.00
2016.12.16 12:42:39.523,9.07796,9.07958,1.00,1.00
2016.12.16 12:42:39.926,9.07807,9.07969,1.00,1.00
2016.12.16 12:42:46.456,9.07791,9.07953,1.00,1.00
2016.12.16 12:42:48.613,9.07802,9.07964,1.00,1.00
2016.12.16 12:42:48.917,9.07799,9.07961,1.00,1.00
2016.12.16 12:42:51.424,9.07785,9.07947,1.00,1.00
2016.12.16 12:42:51.526,9.07766,9.0793,1.00,1.00
2016.12.16 12:42:51.627,9.07778,9.0794,1.00,1.00
2016.12.16 12:42:54.020,9.07767,9.07929,1.00,1.00
2016.12.16 12:42:55.014,9.07778,9.0794,1.00,1.00
2016.12.16 12:43:00.624,9.07766,9.07928,1.00,1.00
2016.12.16 12:43:00.928,9.07769,9.07931,1.00,1.00
2016.12.16 12:43:01.244,9.07781,9.07943,1.00,1.00
2016.12.16 12:43:01.927,9.0777,9.07932,1.00,1.00
2016.12.16 12:43:02.906,9.07782,9.07944,1.00,1.00
2016.12.16 12:43:04.539,9.07793,9.07955,1.00,1.00
2016.12.16 12:43:05.955,9.07804,9.07966,1.00,1.00
2016.12.16 12:43:07.081,9.07818,9.0798,1.00,1.00
2016.12.16 12:43:08.766,9.07807,9.07969,1.00,1.00
2016.12.16 12:43:09.069,9.07803,9.07965,1.00,1.00
2016.12.16 12:43:10.070,9.07816,9.07978,1.00,1.00
2016.12.16 12:43:10.476,9.07804,9.07968,1.00,1.00
2016.12.16 12:43:10.578,9.07816,9.07978,1.00,1.00
2016.12.16 12:43:10.882,9.07804,9.07966,1.00,1.00
2016.12.16 12:43:12.379,9.07815,9.07977,1.00,1.00
2016.12.16 12:43:12.899,9.07802,9.07964,1.00,1.00
2016.12.16 12:43:14.787,9.07814,9.07976,1.00,1.00
2016.12.16 12:43:16.862,9.07803,9.07965,1.00,1.00
2016.12.16 12:43:20.176,9.07817,9.07979,1.00,1.00
2016.12.16 12:43:20.480,9.07804,9.07966,1.00,1.00
2016.12.16 12:43:25.412,9.07791,9.07955,1.00,1.00
2016.12.16 12:43:27.492,9.0778,9.07944,1.00,1.00
2016.12.16 12:43:28.205,9.07792,9.07954,1.00,1.00
2016.12.16 12:43:28.877,9.07788,9.0795,1.00,1.00
2016.12.16 12:43:31.628,9.07777,9.07939,1.00,1.00
2016.12.16 12:43:32.387,9.07788,9.0795,1.00,1.00
2016.12.16 12:43:34.193,9.07798,9.0796,1.00,1.00
2016.12.16 12:43:36.989,9.07787,9.07949,1.00,1.00
2016.12.16 12:43:42.344,9.07775,9.07937,1.00,1.00
2016.12.16 12:43:44.923,9.07769,9.07924,1.00,1.00
2016.12.16 12:43:48.589,9.07779,9.07924,1.00,1.00
2016.12.16 12:43:48.823,9.07779,9.0793,1.00,1.00
2016.12.16 12:43:48.925,9.07769,9.0793,1.00,1.00
2016.12.16 12:43:51.371,9.07768,9.0793,1.00,1.00
2016.12.16 12:43:51.625,9.07763,9.0792,1.00,1.00
2016.12.16 12:43:53.313,9.07769,9.0792,1.00,1.00
2016.12.16 12:43:53.911,9.07758,9.0792,1.00,1.00
2016.12.16 12:43:54.163,9.07749,9.07909,1.00,1.00
2016.12.16 12:43:54.265,9.07747,9.07909,1.00,1.00
2016.12.16 12:43:54.417,9.07728,9.07878,1.00,1.75
2016.12.16 12:43:54.468,9.07728,9.07878,1.00,1.00
2016.12.16 12:43:54.519,9.07716,9.07878,1.00,1.00
2016.12.16 12:43:54.570,9.07716,9.07827,1.00,1.00
2016.12.16 12:43:54.621,9.07654,9.07807,1.60,1.00
2016.12.16 12:43:54.722,9.07674,9.07836,1.60,1.00
2016.12.16 12:43:54.824,9.07663,9.07825,1.60,1.00
2016.12.16 12:43:55.766,9.07654,9.07814,1.60,1.00
2016.12.16 12:43:55.977,9.07654,9.07814,1.60,1.00
2016.12.16 12:43:56.956,9.07654,9.07814,1.60,1.00
2016.12.16 12:43:57.360,9.07654,9.07814,1.60,1.00
2016.12.16 12:44:02.035,9.07654,9.07814,1.60,1.00
2016.12.16 12:44:02.288,9.07654,9.07814,2.10,1.00
2016.12.16 12:44:04.713,9.07654,9.07814,1.60,1.00
2016.12.16 12:44:05.025,9.07654,9.07803,1.60,1.00
2016.12.16 12:44:05.230,9.07654,9.07803,1.60,1.00
2016.12.16 12:44:05.281,9.07654,9.07803,2.85,1.00
2016.12.16 12:44:05.333,9.07654,9.07803,1.60,1.00
2016.12.16 12:44:05.384,9.07654,9.07803,1.60,1.00
2016.12.16 12:44:05.585,9.07654,9.07803,1.60,1.00
2016.12.16 12:44:06.225,9.07654,9.07803,1.60,1.00
2016.12.16 12:44:06.326,9.07654,9.07803,1.60,1.00
2016.12.16 12:44:08.878,9.07649,9.07798,2.10,1.00
2016.12.16 12:44:09.651,9.07644,9.07798,2.85,1.00
2016.12.16 12:44:09.753,9.07649,9.07798,2.10,1.00
2016.12.16 12:44:11.328,9.07654,9.07798,2.10,1.00
2016.12.16 12:44:11.430,9.0765,9.07798,2.10,1.00
2016.12.16 12:44:13.986,9.07644,9.07798,2.85,1.00
2016.12.16 12:44:14.045,9.07649,9.07798,2.10,1.00
2016.12.16 12:44:15.535,9.07651,9.07798,2.10,1.00
2016.12.16 12:44:20.271,9.07648,9.07798,2.10,1.00
2016.12.16 12:44:23.804,9.07649,9.07798,2.10,1.00
2016.12.16 12:44:24.323,9.07648,9.07798,2.10,1.00
2016.12.16 12:44:24.574,9.07648,9.07788,2.10,1.00
2016.12.16 12:44:25.119,9.07659,9.07788,1.60,1.00
2016.12.16 12:44:25.170,9.07659,9.07788,1.60,1.00
2016.12.16 12:44:25.474,9.07658,9.07788,1.60,1.00
2016.12.16 12:44:25.676,9.07658,9.07788,1.60,1.00
2016.12.16 12:44:25.778,9.07644,9.07788,2.10,1.00
2016.12.16 12:44:25.829,9.07644,9.07788,2.10,1.00
2016.12.16 12:44:26.033,9.07629,9.07788,1.00,1.00
2016.12.16 12:44:26.135,9.07561,9.07788,1.35,1.00
2016.12.16 12:44:26.186,9.07548,9.0774,1.97,1.00
2016.12.16 12:44:26.489,9.07516,9.07693,1.60,1.00
2016.12.16 12:44:26.540,9.07516,9.07693,1.00,1.00
2016.12.16 12:44:26.696,9.07516,9.07668,1.00,1.00
2016.12.16 12:44:26.747,9.07463,9.07668,1.00,1.00
2016.12.16 12:44:26.798,9.0746,9.07648,1.00,1.00
2016.12.16 12:44:27.102,9.07435,9.07604,1.00,1.00
2016.12.16 12:44:27.153,9.07423,9.07604,1.37,1.00
2016.12.16 12:44:27.407,9.07392,9.07562,1.15,1.00
2016.12.16 12:44:27.560,9.07392,9.07562,1.00,1.00
2016.12.16 12:44:27.813,9.07392,9.07559,1.00,1.00
2016.12.16 12:44:28.279,9.07392,9.07543,1.00,1.00
2016.12.16 12:44:28.632,9.07378,9.07543,1.00,1.00
2016.12.16 12:44:28.683,9.07378,9.07545,1.00,1.00
2016.12.16 12:44:28.835,9.07368,9.07545,1.00,1.00
2016.12.16 12:44:29.088,9.07368,9.07547,1.00,1.00
2016.12.16 12:44:29.592,9.07366,9.07547,1.00,1.00
2016.12.16 12:44:29.794,9.07366,9.07532,1.00,1.00
2016.12.16 12:44:29.845,9.07359,9.07532,1.37,1.00
2016.12.16 12:44:30.199,9.07359,9.07526,1.37,1.00
2016.12.16 12:44:32.891,9.07353,9.07515,1.00,1.00
2016.12.16 12:44:33.195,9.07342,9.07504,1.00,1.00
2016.12.16 12:44:34.264,9.07344,9.07504,1.00,1.00
2016.12.16 12:44:42.612,9.07344,9.07493,1.00,1.00
2016.12.16 12:45:08.885,9.07344,9.07492,1.00,1.00
2016.12.16 12:45:14.646,9.07348,9.07492,1.00,1.00
2016.12.16 12:45:14.798,9.07348,9.07507,1.00,1.00
2016.12.16 12:45:14.849,9.07345,9.07507,1.00,1.00
2016.12.16 12:45:15.011,9.07344,9.07493,1.00,1.00
2016.12.16 12:45:15.063,9.07331,9.07493,1.00,1.50
2016.12.16 12:45:15.113,9.07303,9.07465,1.00,1.00
2016.12.16 12:45:15.418,9.07235,9.07397,1.00,1.00
2016.12.16 12:45:15.724,9.07212,9.07374,1.00,1.00
2016.12.16 12:45:16.027,9.07195,9.07357,1.00,1.00
2016.12.16 12:45:16.331,9.07161,9.07323,1.00,1.00
2016.12.16 12:45:16.947,9.0715,9.07312,1.00,1.00
2016.12.16 12:45:17.250,9.07138,9.073,1.00,1.00
2016.12.16 12:45:17.554,9.07127,9.07289,1.00,1.00
2016.12.16 12:45:17.857,9.07116,9.07278,1.00,1.00
2016.12.16 12:45:18.211,9.07104,9.07266,1.00,1.00
2016.12.16 12:45:19.289,9.07093,9.07255,1.60,1.00
2016.12.16 12:45:20.229,9.07081,9.07245,1.60,1.00
2016.12.16 12:45:20.764,9.07081,9.07245,1.60,1.00
2016.12.16 12:45:21.017,9.07094,9.07245,2.85,1.00
2016.12.16 12:45:21.119,9.07094,9.07255,2.85,1.00
2016.12.16 12:45:21.561,9.07094,9.07255,1.60,1.00
2016.12.16 12:45:21.763,9.07094,9.07255,1.60,1.00
2016.12.16 12:45:22.269,9.07094,9.07255,2.10,1.00
2016.12.16 12:45:22.887,9.07094,9.07255,1.00,1.00
2016.12.16 12:45:22.988,9.07094,9.07255,1.60,1.00
2016.12.16 12:45:23.828,9.07094,9.07255,2.10,1.00
2016.12.16 12:45:23.879,9.07094,9.07255,1.60,1.00
2016.12.16 12:45:23.980,9.07094,9.07255,1.60,1.00
2016.12.16 12:45:24.233,9.07094,9.07255,1.60,1.00
2016.12.16 12:45:24.335,9.07094,9.07255,1.60,1.00
2016.12.16 12:45:24.520,9.07094,9.07255,1.60,1.00
2016.12.16 12:45:24.773,9.07094,9.07255,2.85,1.00
2016.12.16 12:45:25.030,9.07104,9.07266,1.60,1.00
2016.12.16 12:45:25.283,9.07104,9.07266,1.60,1.00
2016.12.16 12:45:25.562,9.07104,9.07266,1.00,1.00
2016.12.16 12:45:25.714,9.07094,9.07255,1.60,1.00
2016.12.16 12:45:26.017,9.07106,9.07268,1.60,1.00
2016.12.16 12:45:26.272,9.07106,9.07268,1.00,1.00
2016.12.16 12:45:26.526,9.07095,9.07258,2.10,1.00
2016.12.16 12:45:26.839,9.07097,9.07258,2.10,1.00
2016.12.16 12:45:27.041,9.07094,9.07258,1.60,1.00
2016.12.16 12:45:27.294,9.07098,9.07258,2.10,1.00
2016.12.16 12:45:27.345,9.07096,9.07258,2.10,1.00
2016.12.16 12:45:27.547,9.07106,9.07268,1.60,1.00
2016.12.16 12:45:27.598,9.07106,9.07268,1.60,1.00
2016.12.16 12:45:27.700,9.07106,9.07268,1.60,1.00
2016.12.16 12:45:27.801,9.07106,9.07268,1.00,1.00
2016.12.16 12:45:28.004,9.07095,9.07257,1.60,1.00
2016.12.16 12:45:28.308,9.07096,9.07257,2.10,1.00
2016.12.16 12:45:28.561,9.07095,9.07257,1.60,1.00
2016.12.16 12:45:28.662,9.07095,9.07257,1.60,1.00
2016.12.16 12:45:28.843,9.07096,9.07253,2.10,1.00
2016.12.16 12:45:29.148,9.07103,9.07265,1.60,1.00
2016.12.16 12:45:29.300,9.07103,9.07265,1.00,1.00
2016.12.16 12:45:29.553,9.07097,9.07254,2.10,1.00
2016.12.16 12:45:29.705,9.07103,9.07265,1.60,1.00
2016.12.16 12:45:30.059,9.07103,9.07265,1.00,1.00
2016.12.16 12:45:30.210,9.07094,9.07252,1.60,1.00
2016.12.16 12:45:30.514,9.07094,9.07252,2.85,1.00
2016.12.16 12:45:30.846,9.0709,9.07252,1.60,1.00
2016.12.16 12:45:31.049,9.07097,9.07252,2.10,1.00
2016.12.16 12:45:31.100,9.07095,9.07252,2.10,1.00
2016.12.16 12:45:31.201,9.07097,9.07252,2.10,1.00
2016.12.16 12:45:31.252,9.07101,9.07263,1.60,1.00
2016.12.16 12:45:31.506,9.07119,9.07263,1.60,1.00
2016.12.16 12:45:31.557,9.07119,9.07263,1.00,1.00
2016.12.16 12:45:31.609,9.07119,9.07277,1.00,1.00
2016.12.16 12:45:32.654,9.07118,9.07277,1.00,1.00
2016.12.16 12:45:32.756,9.07118,9.07266,1.00,1.00
2016.12.16 12:45:32.958,9.07113,9.07266,1.00,1.00
2016.12.16 12:45:33.465,9.07119,9.07266,1.00,1.00
2016.12.16 12:45:34.464,9.07113,9.07266,1.00,1.00
2016.12.16 12:45:38.942,9.07119,9.07266,1.00,1.00
2016.12.16 12:45:39.043,9.07119,9.07278,1.00,1.00
2016.12.16 12:45:39.940,9.07116,9.07278,1.00,1.00
2016.12.16 12:45:40.042,9.07113,9.07265,1.00,1.00
2016.12.16 12:45:40.648,9.07103,9.07265,1.00,1.00
2016.12.16 12:45:40.800,9.07103,9.07265,1.60,1.00
2016.12.16 12:45:41.205,9.07119,9.07266,1.60,1.00
2016.12.16 12:45:41.348,9.07119,9.07266,1.60,1.00
2016.12.16 12:45:41.450,9.07119,9.07266,1.60,1.00
2016.12.16 12:45:41.552,9.07118,9.07266,1.00,1.00
2016.12.16 12:45:41.804,9.07119,9.07266,1.60,1.00
2016.12.16 12:45:41.957,9.07119,9.07278,1.60,1.00
2016.12.16 12:45:42.311,9.07119,9.07278,1.00,1.00
2016.12.16 12:45:43.762,9.07119,9.07267,1.00,1.00
2016.12.16 12:45:44.269,9.07119,9.07267,1.60,1.00
2016.12.16 12:45:44.668,9.07119,9.07267,1.60,1.00
2016.12.16 12:45:44.972,9.0712,9.07267,1.60,1.00
2016.12.16 12:45:45.073,9.07121,9.07283,1.60,1.00
2016.12.16 12:45:45.183,9.07119,9.07273,1.60,1.00
2016.12.16 12:45:45.285,9.07128,9.07273,1.60,1.00
2016.12.16 12:45:45.336,9.07144,9.07273,1.00,1.00
2016.12.16 12:45:45.387,9.0712,9.07273,1.60,1.00
2016.12.16 12:45:45.488,9.07121,9.07283,1.60,1.00
2016.12.16 12:45:45.539,9.0712,9.07271,1.60,1.00
2016.12.16 12:45:45.640,9.07121,9.07283,1.60,1.00
2016.12.16 12:45:45.743,9.07119,9.07273,1.60,1.00
2016.12.16 12:45:45.844,9.07144,9.07283,1.00,1.00
2016.12.16 12:45:45.895,9.07121,9.07283,1.60,1.00
2016.12.16 12:45:46.047,9.07121,9.07283,1.00,1.00
2016.12.16 12:45:46.765,9.07119,9.07272,1.00,1.00
2016.12.16 12:45:47.068,9.07119,9.07272,1.60,1.00
2016.12.16 12:45:47.372,9.07125,9.07287,1.60,1.00
2016.12.16 12:45:47.524,9.07125,9.07287,1.60,1.00
2016.12.16 12:45:47.827,9.07119,9.0727,1.00,1.00
2016.12.16 12:45:48.131,9.07109,9.0727,1.00,1.00
2016.12.16 12:45:48.283,9.07108,9.0727,1.60,1.00
2016.12.16 12:45:48.623,9.07102,9.07259,1.60,1.00
2016.12.16 12:45:48.926,9.07109,9.07262,1.60,1.00
2016.12.16 12:45:49.027,9.07109,9.07262,1.60,1.00
2016.12.16 12:45:50.099,9.07119,9.07262,1.60,1.00
2016.12.16 12:45:50.353,9.07119,9.07262,1.60,1.00
2016.12.16 12:45:50.530,9.07119,9.07262,1.60,1.00
2016.12.16 12:45:50.785,9.07119,9.07262,1.60,1.00
2016.12.16 12:45:52.026,9.07119,9.07262,1.00,1.00
2016.12.16 12:45:52.077,9.07112,9.07262,1.00,1.00
2016.12.16 12:45:52.178,9.071,9.07262,1.50,1.00
2016.12.16 12:45:52.285,9.07093,9.07251,1.60,1.00
2016.12.16 12:45:52.588,9.07093,9.07239,1.60,1.00
2016.12.16 12:45:52.835,9.0708,9.07239,1.60,1.00
2016.12.16 12:45:53.037,9.0708,9.07239,1.60,1.00
2016.12.16 12:45:53.089,9.0708,9.07239,1.60,1.00
2016.12.16 12:45:53.191,9.07077,9.07239,1.60,1.00
2016.12.16 12:45:53.494,9.07065,9.07227,1.60,1.00
2016.12.16 12:45:53.545,9.07065,9.07227,1.60,1.00
2016.12.16 12:45:53.697,9.07089,9.07227,1.00,1.00
2016.12.16 12:45:54.000,9.07079,9.07227,1.60,1.00
2016.12.16 12:45:54.102,9.07079,9.07227,1.60,1.00
2016.12.16 12:45:54.410,9.07089,9.07217,1.60,1.00
2016.12.16 12:45:54.512,9.07089,9.07217,1.00,1.00
2016.12.16 12:45:55.458,9.07083,9.07217,1.60,1.00
2016.12.16 12:45:56.023,9.07089,9.07217,1.00,1.00
2016.12.16 12:45:56.272,9.07089,9.07217,1.60,1.00
2016.12.16 12:45:56.771,9.07089,9.07217,1.35,1.00
2016.12.16 12:45:57.024,9.07089,9.07217,1.60,1.00
2016.12.16 12:45:57.330,9.07083,9.07215,1.60,1.00
2016.12.16 12:45:57.381,9.07082,9.07236,1.60,1.00
2016.12.16 12:45:57.483,9.07089,9.07225,1.60,1.00
2016.12.16 12:45:57.787,9.07089,9.07225,1.60,1.00
2016.12.16 12:45:58.356,9.07089,9.07237,1.60,1.00
2016.12.16 12:45:59.576,9.07089,9.07237,1.60,1.00
2016.12.16 12:46:02.346,9.07089,9.07237,1.60,1.00
2016.12.16 12:46:02.780,9.07089,9.07237,1.60,1.00
2016.12.16 12:46:04.105,9.07083,9.07224,1.60,1.00
2016.12.16 12:46:04.875,9.07069,9.07224,1.60,1.00
2016.12.16 12:46:04.977,9.07069,9.07213,1.60,1.00
2016.12.16 12:46:06.977,9.07049,9.07202,2.10,1.00
2016.12.16 12:46:08.799,9.0705,9.0721,1.60,1.00
2016.12.16 12:46:09.304,9.07059,9.07221,1.60,1.00
2016.12.16 12:46:17.779,9.07059,9.07221,1.00,1.00
2016.12.16 12:46:17.931,9.07048,9.0721,1.00,1.00
2016.12.16 12:46:18.235,9.06998,9.0715,1.60,1.00
2016.12.16 12:46:18.539,9.06998,9.07116,1.00,1.00
2016.12.16 12:46:18.893,9.06954,9.07116,2.10,1.00
2016.12.16 12:46:19.045,9.06954,9.07116,2.10,1.00
2016.12.16 12:46:19.097,9.06954,9.07116,2.10,1.00
2016.12.16 12:46:19.148,9.06954,9.07116,2.10,1.00
2016.12.16 12:46:19.344,9.06954,9.07078,1.60,1.00
2016.12.16 12:46:19.446,9.06955,9.07117,1.60,1.00
2016.12.16 12:46:19.497,9.06955,9.07117,1.60,1.00
2016.12.16 12:46:19.800,9.06954,9.07085,1.60,1.00
2016.12.16 12:46:20.104,9.06951,9.07085,2.10,1.00
2016.12.16 12:46:20.306,9.06949,9.07085,2.10,1.00
2016.12.16 12:46:20.980,9.06946,9.07085,2.10,1.00
2016.12.16 12:46:21.031,9.06923,9.07072,1.00,1.00
2016.12.16 12:46:21.082,9.06923,9.07066,1.00,1.00
2016.12.16 12:46:21.133,9.06882,9.07044,1.00,1.00
2016.12.16 12:46:21.184,9.06882,9.07031,1.00,1.00
2016.12.16 12:46:21.235,9.06869,9.07031,1.00,1.00
2016.12.16 12:46:21.286,9.06869,9.07031,1.00,1.60
2016.12.16 12:46:21.337,9.06812,9.06974,1.00,1.00
2016.12.16 12:46:21.438,9.06796,9.06958,1.00,1.00
2016.12.16 12:46:21.742,9.06741,9.06903,1.00,1.00
2016.12.16 12:46:23.721,9.06733,9.06893,1.00,1.00
2016.12.16 12:46:24.075,9.06748,9.06893,1.00,1.00
2016.12.16 12:46:24.530,9.06749,9.06903,1.00,1.00
2016.12.16 12:46:25.052,9.06741,9.06903,1.00,1.00
2016.12.16 12:46:26.125,9.06739,9.06893,1.00,1.00
2016.12.16 12:46:28.871,9.06739,9.06896,1.00,1.00
2016.12.16 12:46:29.539,9.06734,9.06896,1.12,1.00
2016.12.16 12:46:31.028,9.06739,9.06896,1.00,1.00
2016.12.16 12:46:32.739,9.06734,9.06896,1.12,1.00
2016.12.16 12:46:33.207,9.06739,9.06896,1.00,1.00
2016.12.16 12:46:34.739,9.06738,9.06896,1.00,1.00
2016.12.16 12:46:35.261,9.06739,9.06896,1.00,1.00
2016.12.16 12:46:36.170,9.06745,9.06907,1.00,1.00
2016.12.16 12:46:36.475,9.06749,9.06907,1.37,1.00
2016.12.16 12:46:36.576,9.06756,9.06918,1.37,1.00
2016.12.16 12:46:36.677,9.0677,9.06932,1.00,1.00
2016.12.16 12:46:36.779,9.06788,9.06932,1.00,1.00
2016.12.16 12:46:37.082,9.06817,9.06945,1.00,1.00
2016.12.16 12:46:37.580,9.06818,9.06956,1.00,1.00
2016.12.16 12:46:37.935,9.06818,9.06956,1.37,1.00
2016.12.16 12:46:37.987,9.06818,9.06967,1.00,1.00
2016.12.16 12:46:38.038,9.06848,9.06967,1.00,1.00
2016.12.16 12:46:38.089,9.06842,9.06967,1.00,1.00
2016.12.16 12:46:38.847,9.06842,9.06978,1.00,1.00
2016.12.16 12:46:38.949,9.06842,9.06994,1.12,1.00
2016.12.16 12:46:39.203,9.06872,9.06994,1.00,1.00
2016.12.16 12:46:39.810,9.06872,9.06994,1.37,1.00
2016.12.16 12:46:39.861,9.06872,9.06994,1.00,1.00
2016.12.16 12:46:39.963,9.06872,9.07005,1.00,1.00
2016.12.16 12:46:40.013,9.06872,9.07005,1.37,1.00
2016.12.16 12:46:40.317,9.06939,9.07048,1.00,1.00
2016.12.16 12:46:40.469,9.06944,9.07061,1.00,1.00
2016.12.16 12:46:40.570,9.0697,9.07073,1.00,1.00
2016.12.16 12:46:40.672,9.0697,9.07107,1.00,1.00
2016.12.16 12:46:41.042,9.06991,9.07107,1.00,1.00
2016.12.16 12:46:41.346,9.07038,9.0712,1.00,1.00
2016.12.16 12:46:41.448,9.07038,9.07136,1.00,1.00
2016.12.16 12:46:41.550,9.07038,9.07164,1.12,1.00
2016.12.16 12:46:41.601,9.07049,9.07164,1.37,1.00
2016.12.16 12:46:41.652,9.07049,9.07203,1.37,1.00
2016.12.16 12:46:41.704,9.07049,9.07203,1.00,1.00
2016.12.16 12:46:41.755,9.07055,9.07217,1.00,1.00
2016.12.16 12:46:41.857,9.07067,9.07229,1.00,1.00
2016.12.16 12:46:42.161,9.07101,9.07263,1.00,1.00
2016.12.16 12:46:42.523,9.07089,9.07251,1.00,1.00
2016.12.16 12:46:42.777,9.07113,9.07277,1.00,1.00
2016.12.16 12:46:42.979,9.07125,9.07287,1.00,1.00
2016.12.16 12:46:44.942,9.07125,9.07287,1.37,1.00
2016.12.16 12:46:44.994,9.07136,9.07298,1.00,1.00
2016.12.16 12:46:45.802,9.07109,9.07176,1.50,4.60
2016.12.16 12:46:45.853,9.07039,9.07089,1.00,1.00
2016.12.16 12:46:45.904,9.07021,9.07086,1.00,1.00
2016.12.16 12:46:46.109,9.06905,9.07067,1.00,1.00
2016.12.16 12:46:46.160,9.06871,9.07033,1.00,1.00
2016.12.16 12:46:46.463,9.06863,9.07025,1.00,1.00
2016.12.16 12:46:46.565,9.06874,9.07038,1.00,1.00
2016.12.16 12:46:59.610,9.06863,9.07025,1.00,1.00
2016.12.16 12:47:00.117,9.06852,9.07014,1.00,1.00
2016.12.16 12:47:01.079,9.06841,9.07003,1.00,1.00
2016.12.16 12:47:01.383,9.0683,9.06992,1.00,1.00
2016.12.16 12:47:02.095,9.06819,9.06981,1.00,1.00
2016.12.16 12:47:03.004,9.06806,9.0697,1.00,1.00
2016.12.16 12:47:03.827,9.06796,9.06958,1.00,1.00
2016.12.16 12:47:04.130,9.06784,9.06946,1.12,1.00
2016.12.16 12:47:04.687,9.06773,9.06935,1.00,1.00
2016.12.16 12:47:04.992,9.06762,9.06924,1.00,1.00
2016.12.16 12:47:05.399,9.06773,9.06935,1.00,1.00
2016.12.16 12:47:05.735,9.06761,9.06923,1.00,1.00
2016.12.16 12:47:08.807,9.06753,9.06915,1.00,1.00
2016.12.16 12:47:09.211,9.06741,9.06903,1.00,1.00
2016.12.16 12:47:14.928,9.06729,9.06893,1.00,1.00
2016.12.16 12:47:21.172,9.06742,9.06904,1.00,1.00
2016.12.16 12:47:22.242,9.06754,9.06916,1.00,1.00
2016.12.16 12:47:22.949,9.06742,9.06904,1.00,1.00
2016.12.16 12:47:23.758,9.06753,9.06917,1.00,1.00
2016.12.16 12:47:24.725,9.06765,9.06927,1.00,1.00
2016.12.16 12:47:27.557,9.06749,9.06911,1.00,1.00
2016.12.16 12:47:28.726,9.06753,9.06917,1.00,1.00
2016.12.16 12:47:35.079,9.06766,9.0693,1.00,1.00
2016.12.16 12:47:35.473,9.06753,9.06915,1.00,1.00
2016.12.16 12:47:37.251,9.06742,9.06904,1.00,1.00
2016.12.16 12:47:38.683,9.06753,9.06917,1.00,1.00
2016.12.16 12:47:43.881,9.06766,9.06928,1.00,1.00
2016.12.16 12:47:48.985,9.0677,9.06932,1.00,1.00
2016.12.16 12:47:50.888,9.06786,9.0695,1.00,1.00
2016.12.16 12:47:50.990,9.06798,9.0696,1.00,1.00
2016.12.16 12:47:51.338,9.06814,9.06976,1.00,1.00
2016.12.16 12:47:51.996,9.06826,9.06988,1.00,1.00
2016.12.16 12:47:52.302,9.06837,9.06999,1.00,1.00
2016.12.16 12:47:53.110,9.06849,9.07011,1.00,1.00
2016.12.16 12:47:58.913,9.06835,9.06997,1.00,1.00
2016.12.16 12:48:00.125,9.06846,9.07008,1.00,1.00
2016.12.16 12:48:02.532,9.06857,9.07019,1.00,1.00
2016.12.16 12:48:02.898,9.06846,9.07008,1.00,1.00
2016.12.16 12:48:08.099,9.06833,9.06995,1.00,1.00
2016.12.16 12:48:08.825,9.06837,9.06999,1.00,1.00
2016.12.16 12:48:09.734,9.06849,9.07011,1.00,1.00
2016.12.16 12:48:15.728,9.06861,9.07023,1.00,1.00
2016.12.16 12:48:16.031,9.06885,9.07047,1.00,1.00
2016.12.16 12:48:18.330,9.06874,9.07036,1.00,1.00
2016.12.16 12:48:19.747,9.06886,9.07048,1.00,1.00
2016.12.16 12:48:19.953,9.06896,9.0706,1.00,1.00
2016.12.16 12:48:20.360,9.0692,9.07082,1.00,1.00
2016.12.16 12:48:22.041,9.06903,9.07065,1.00,1.00
2016.12.16 12:48:22.456,9.06893,9.07055,1.37,1.00
2016.12.16 12:48:22.976,9.06893,9.07055,1.00,1.00
2016.12.16 12:48:25.066,9.06882,9.07044,1.00,1.00
2016.12.16 12:48:25.926,9.06892,9.07054,1.00,1.00
2016.12.16 12:48:28.872,9.0689,9.07052,1.00,1.00
2016.12.16 12:48:31.981,9.06901,9.07063,1.00,1.00
2016.12.16 12:48:33.138,9.06884,9.07046,1.12,1.00
2016.12.16 12:48:34.456,9.06869,9.07031,1.00,1.00
2016.12.16 12:48:34.760,9.06857,9.07019,1.00,1.00
2016.12.16 12:48:35.064,9.06868,9.0703,1.00,1.00
2016.12.16 12:48:35.370,9.06845,9.07007,1.00,1.00
2016.12.16 12:48:35.951,9.06834,9.06996,1.00,1.00
2016.12.16 12:48:36.460,9.06823,9.06985,1.00,1.00
2016.12.16 12:48:36.662,9.06811,9.06975,1.00,1.00
2016.12.16 12:48:38.095,9.06823,9.06985,1.00,1.00
2016.12.16 12:48:39.785,9.06834,9.06996,1.00,1.00
2016.12.16 12:48:43.567,9.06821,9.06985,1.00,1.00
2016.12.16 12:48:43.668,9.06811,9.06973,1.00,1.00
2016.12.16 12:48:43.974,9.06799,9.06961,1.00,1.00
2016.12.16 12:48:44.482,9.0681,9.06972,1.00,1.00
2016.12.16 12:48:48.886,9.06817,9.06979,1.00,1.00
2016.12.16 12:48:49.189,9.06828,9.0699,1.00,1.00
2016.12.16 12:48:53.825,9.06829,9.0699,1.00,1.00
2016.12.16 12:48:54.128,9.06839,9.07001,1.00,1.00
2016.12.16 12:48:54.331,9.06853,9.07017,1.00,1.00
2016.12.16 12:48:54.685,9.06843,9.07005,1.00,1.00
2016.12.16 12:48:55.116,9.06857,9.07019,1.00,1.00
2016.12.16 12:48:59.344,9.06846,9.07008,1.00,1.00
2016.12.16 12:49:01.399,9.06857,9.07019,1.00,1.00
2016.12.16 12:49:02.428,9.06845,9.07007,1.00,1.00
2016.12.16 12:49:07.180,9.06848,9.07007,1.00,1.00
2016.12.16 12:49:07.433,9.06845,9.07007,1.00,1.00
2016.12.16 12:49:08.442,9.06857,9.07019,1.00,1.00
2016.12.16 12:49:08.846,9.06855,9.07017,1.00,1.00
2016.12.16 12:49:10.838,9.06844,9.07006,1.00,1.00
2016.12.16 12:49:11.747,9.06857,9.07019,1.00,1.00
2016.12.16 12:49:16.726,9.06859,9.07019,1.00,1.00
2016.12.16 12:49:16.828,9.06868,9.0703,1.00,1.00
2016.12.16 12:49:18.724,9.06869,9.0703,1.00,1.00
2016.12.16 12:49:19.324,9.06879,9.07041,1.00,1.00
2016.12.16 12:49:20.341,9.0689,9.07052,1.00,1.00
2016.12.16 12:49:21.301,9.06899,9.07052,1.00,1.00
2016.12.16 12:49:21.577,9.06901,9.07063,1.00,1.00
2016.12.16 12:49:21.679,9.06918,9.07063,1.00,1.00
2016.12.16 12:49:21.881,9.06901,9.07063,1.00,1.00
2016.12.16 12:49:22.296,9.06909,9.07063,1.00,1.00
2016.12.16 12:49:22.347,9.06915,9.07077,1.00,1.00
2016.12.16 12:49:22.972,9.07028,9.07077,1.00,1.00
2016.12.16 12:49:23.023,9.06969,9.07077,1.00,1.00
2016.12.16 12:49:23.074,9.07015,9.07112,1.75,1.00
2016.12.16 12:49:23.125,9.06978,9.07112,1.87,1.00
2016.12.16 12:49:23.176,9.06955,9.07108,1.00,1.00
2016.12.16 12:49:23.278,9.06955,9.07119,1.50,1.00
2016.12.16 12:49:23.329,9.06988,9.07138,1.00,1.00
2016.12.16 12:49:23.380,9.06988,9.0715,1.00,1.00
2016.12.16 12:49:23.431,9.06998,9.0716,1.00,1.00
2016.12.16 12:49:23.936,9.07008,9.07172,1.00,1.00
2016.12.16 12:49:24.543,9.07021,9.07183,1.00,1.00
2016.12.16 12:49:25.476,9.07033,9.07195,1.00,1.00
2016.12.16 12:49:25.780,9.07005,9.07119,1.00,1.00
2016.12.16 12:49:25.882,9.06888,9.0705,1.00,1.00
2016.12.16 12:49:25.983,9.06884,9.07029,1.00,1.00
2016.12.16 12:49:26.034,9.06893,9.07048,1.00,1.00
2016.12.16 12:49:26.085,9.06893,9.07055,1.00,1.00
2016.12.16 12:49:26.136,9.06903,9.07065,1.00,1.00
2016.12.16 12:49:28.872,9.06905,9.07067,1.00,1.00
2016.12.16 12:49:36.273,9.06916,9.07078,1.00,1.00
2016.12.16 12:49:42.285,9.06903,9.07065,1.00,1.00
2016.12.16 12:49:43.784,9.06915,9.07077,1.00,1.00
2016.12.16 12:49:45.492,9.069,9.07064,1.00,1.00
2016.12.16 12:49:45.594,9.0689,9.07052,1.00,1.00
2016.12.16 12:49:46.099,9.06901,9.07063,1.00,1.00
2016.12.16 12:49:46.414,9.06882,9.07044,1.00,1.00
2016.12.16 12:49:46.717,9.06852,9.07014,1.00,1.00
2016.12.16 12:49:47.190,9.0684,9.07004,1.00,1.00
2016.12.16 12:49:48.790,9.06847,9.07009,1.00,1.00
2016.12.16 12:49:51.088,9.06858,9.07009,1.00,1.00
2016.12.16 12:49:51.190,9.06865,9.07029,1.00,1.50
2016.12.16 12:49:51.493,9.06878,9.07029,1.00,1.00
2016.12.16 12:49:51.594,9.06879,9.07038,1.00,1.00
2016.12.16 12:49:51.909,9.06899,9.07038,1.00,1.00
2016.12.16 12:49:52.010,9.06899,9.07052,1.00,1.00
2016.12.16 12:49:52.213,9.06901,9.07063,1.00,1.00
2016.12.16 12:49:53.229,9.06909,9.07063,1.00,1.00
2016.12.16 12:49:53.432,9.06912,9.07074,1.00,1.00
2016.12.16 12:49:53.649,9.06926,9.07088,1.00,1.00
2016.12.16 12:49:53.953,9.06909,9.07071,1.00,1.00
2016.12.16 12:49:54.732,9.06898,9.0706,1.00,1.00
2016.12.16 12:49:55.657,9.06898,9.07057,1.00,1.00
2016.12.16 12:49:55.708,9.06886,9.07048,1.00,1.00
2016.12.16 12:49:55.810,9.06863,9.07025,1.00,1.00
2016.12.16 12:49:56.698,9.06859,9.07014,1.00,1.00
2016.12.16 12:49:56.750,9.0685,9.07014,1.00,1.00
2016.12.16 12:49:57.461,9.06859,9.07014,1.00,1.00
2016.12.16 12:49:57.512,9.06864,9.07026,1.00,1.00
2016.12.16 12:49:57.816,9.06869,9.07026,1.00,1.00
2016.12.16 12:49:58.318,9.06875,9.07037,1.00,1.00
2016.12.16 12:49:59.177,9.06879,9.07037,1.00,1.00
2016.12.16 12:49:59.328,9.06886,9.07048,1.00,1.00
2016.12.16 12:50:00.139,9.06889,9.07048,1.00,1.00
2016.12.16 12:50:01.003,9.06899,9.07061,1.00,1.00
2016.12.16 12:50:02.545,9.06912,9.07074,1.00,1.00
2016.12.16 12:50:07.535,9.06912,9.07072,1.00,1.00
2016.12.16 12:50:07.637,9.06897,9.07059,1.00,1.00
2016.12.16 12:50:07.738,9.06886,9.07048,1.00,1.00
2016.12.16 12:50:08.246,9.06897,9.07059,1.00,1.00
2016.12.16 12:50:08.853,9.06904,9.07066,1.00,1.00
2016.12.16 12:50:10.654,9.06893,9.07055,1.00,1.00
2016.12.16 12:50:10.983,9.06877,9.07039,1.00,1.00
2016.12.16 12:50:11.287,9.06891,9.07053,1.00,1.00
2016.12.16 12:50:11.590,9.06902,9.07064,1.00,1.00
2016.12.16 12:50:13.433,9.06914,9.07076,1.00,1.00
2016.12.16 12:50:20.325,9.06901,9.07063,1.00,1.00
2016.12.16 12:50:22.035,9.06886,9.0705,1.00,1.00
2016.12.16 12:50:22.724,9.06889,9.0705,1.00,1.00
2016.12.16 12:50:22.876,9.069,9.07062,1.00,1.00
2016.12.16 12:50:28.364,9.06886,9.0705,1.00,1.00
2016.12.16 12:50:28.466,9.06873,9.07035,1.00,1.00
2016.12.16 12:50:29.802,9.06861,9.07023,1.00,1.00
2016.12.16 12:50:30.106,9.06869,9.07023,1.00,1.00
2016.12.16 12:50:30.375,9.06879,9.07037,1.00,1.00
2016.12.16 12:50:30.578,9.06885,9.07047,1.00,1.50
2016.12.16 12:50:31.584,9.06897,9.07059,1.00,1.00
2016.12.16 12:50:32.655,9.06898,9.07059,1.00,1.00
2016.12.16 12:50:32.958,9.06908,9.07066,1.00,1.00
2016.12.16 12:50:33.868,9.06919,9.07066,1.00,1.00
2016.12.16 12:50:36.355,9.06919,9.07072,1.00,1.00
2016.12.16 12:50:36.861,9.0693,9.07072,1.00,1.00
2016.12.16 12:50:37.687,9.0693,9.07092,1.00,1.00
2016.12.16 12:50:39.483,9.06942,9.07093,1.00,1.00
2016.12.16 12:50:40.485,9.06931,9.07093,1.00,1.50
2016.12.16 12:50:43.979,9.06942,9.07104,1.00,1.00
2016.12.16 12:50:44.283,9.06955,9.07113,1.00,1.00
2016.12.16 12:50:44.889,9.06955,9.07117,1.00,1.00
2016.12.16 12:50:45.243,9.06959,9.07117,1.00,1.00
2016.12.16 12:50:45.395,9.06968,9.0713,1.00,1.00
2016.12.16 12:50:45.909,9.06979,9.07137,1.00,1.00
2016.12.16 12:50:46.062,9.06979,9.07141,1.00,1.00
2016.12.16 12:50:46.214,9.06992,9.07143,1.00,1.00
2016.12.16 12:50:46.568,9.07004,9.07143,1.00,1.00
2016.12.16 12:50:46.670,9.06993,9.07143,1.00,1.00
2016.12.16 12:50:47.406,9.06993,9.07155,1.00,1.00
2016.12.16 12:50:48.769,9.06997,9.07161,1.00,1.00
2016.12.16 12:50:51.701,9.06987,9.07149,1.00,1.00
2016.12.16 12:50:52.028,9.06973,9.07135,1.00,1.00
2016.12.16 12:50:52.332,9.06985,9.07147,1.00,1.00
2016.12.16 12:50:53.586,9.0697,9.07132,1.00,1.00
2016.12.16 12:50:54.496,9.0698,9.07144,1.00,1.00
2016.12.16 12:50:54.698,9.0697,9.07132,1.00,1.00
2016.12.16 12:50:55.235,9.06969,9.07131,1.00,1.00
2016.12.16 12:50:55.539,9.06956,9.07118,1.00,1.00
2016.12.16 12:50:55.842,9.06945,9.07107,1.00,1.00
2016.12.16 12:50:56.711,9.06934,9.07096,1.00,1.00
2016.12.16 12:50:58.691,9.06946,9.07108,1.00,1.00
2016.12.16 12:51:00.599,9.06957,9.07119,1.00,1.00
2016.12.16 12:51:01.327,9.06968,9.0713,1.00,1.00
2016.12.16 12:51:01.631,9.06979,9.07141,1.00,1.00
2016.12.16 12:51:01.935,9.0699,9.07143,1.00,1.00
2016.12.16 12:51:02.241,9.0702,9.07143,1.00,1.00
2016.12.16 12:51:03.071,9.0702,9.07162,1.00,1.00
2016.12.16 12:51:04.889,9.0702,9.07182,1.00,1.00
2016.12.16 12:51:05.822,9.07032,9.07194,1.00,1.00
2016.12.16 12:51:06.140,9.0706,9.07222,1.00,1.00
2016.12.16 12:51:06.645,9.07071,9.07233,1.00,1.00
2016.12.16 12:51:08.830,9.07068,9.0723,1.00,1.00
2016.12.16 12:51:09.538,9.07079,9.07241,1.00,1.00
2016.12.16 12:51:12.651,9.07089,9.07253,1.00,1.00
2016.12.16 12:51:14.131,9.07101,9.07263,1.00,1.00
2016.12.16 12:51:19.651,9.07089,9.07253,1.00,1.00
2016.12.16 12:51:22.461,9.07079,9.07241,1.00,1.00
2016.12.16 12:51:22.764,9.07068,9.0723,1.00,1.00
2016.12.16 12:51:23.068,9.07057,9.07219,1.00,1.00
2016.12.16 12:51:26.743,9.07046,9.07208,1.00,1.00
2016.12.16 12:51:27.450,9.07035,9.07197,1.00,1.00
2016.12.16 12:51:27.754,9.07024,9.07186,1.00,1.00
2016.12.16 12:51:28.462,9.07013,9.07175,1.00,1.00
2016.12.16 12:51:28.765,9.07007,9.07169,1.00,1.00
2016.12.16 12:51:29.179,9.06996,9.07158,1.00,1.00
2016.12.16 12:51:29.482,9.06983,9.07147,1.00,1.00
2016.12.16 12:51:32.997,9.06972,9.07134,1.00,1.00
2016.12.16 12:51:34.061,9.0696,9.07122,1.00,1.00
2016.12.16 12:51:35.046,9.06949,9.07111,1.00,1.00
2016.12.16 12:51:38.172,9.06935,9.07097,1.00,1.00
2016.12.16 12:51:38.475,9.06893,9.07055,1.00,1.00
2016.12.16 12:51:38.777,9.06904,9.07066,1.00,1.00
2016.12.16 12:51:42.772,9.06893,9.07055,1.00,1.00
2016.12.16 12:51:44.562,9.06893,9.07055,1.60,1.00
2016.12.16 12:51:44.664,9.06908,9.0707,1.60,1.00
2016.12.16 12:51:45.273,9.06908,9.0707,1.00,1.00
2016.12.16 12:51:46.304,9.06908,9.0707,1.60,1.00
2016.12.16 12:51:46.770,9.06908,9.0707,1.00,1.00
2016.12.16 12:51:48.010,9.06908,9.0707,1.60,1.00
2016.12.16 12:51:48.272,9.06908,9.0707,1.00,1.00
2016.12.16 12:51:48.769,9.0691,9.07072,1.00,1.00
2016.12.16 12:51:49.309,9.0691,9.07064,1.00,1.00
2016.12.16 12:51:49.411,9.06892,9.07054,1.00,1.50
2016.12.16 12:51:49.512,9.06878,9.0704,1.00,1.00
2016.12.16 12:51:49.816,9.06884,9.07048,1.60,1.00
2016.12.16 12:51:50.271,9.06884,9.07048,1.60,1.00
2016.12.16 12:51:52.275,9.06884,9.07048,1.60,1.00
2016.12.16 12:51:52.583,9.06909,9.07066,1.60,1.00
2016.12.16 12:51:52.685,9.06916,9.07078,1.60,1.00
2016.12.16 12:51:52.786,9.06916,9.07078,1.00,1.00
2016.12.16 12:51:52.988,9.06901,9.07063,1.00,1.00
2016.12.16 12:51:53.321,9.06898,9.07051,1.00,1.00
2016.12.16 12:51:53.833,9.06889,9.07051,1.60,1.00
2016.12.16 12:51:54.023,9.06889,9.07051,1.60,1.00
2016.12.16 12:51:54.679,9.06889,9.07051,1.60,1.00
2016.12.16 12:51:55.286,9.06889,9.07051,1.60,1.00
2016.12.16 12:51:55.556,9.06889,9.07051,1.60,1.00
2016.12.16 12:51:55.761,9.06889,9.07051,1.60,1.00
2016.12.16 12:51:56.014,9.06879,9.07039,1.60,1.00
2016.12.16 12:51:56.317,9.06879,9.07039,1.60,1.00
2016.12.16 12:51:56.663,9.06877,9.07039,1.60,1.00
2016.12.16 12:51:56.916,9.06889,9.07051,1.60,1.00
2016.12.16 12:52:00.140,9.06889,9.07051,1.60,1.00
2016.12.16 12:52:00.192,9.06906,9.07068,1.00,1.00
2016.12.16 12:52:01.708,9.06917,9.07079,1.00,1.00
2016.12.16 12:52:08.807,9.06915,9.07077,1.00,1.00
2016.12.16 12:52:19.234,9.06904,9.07066,1.00,1.00
2016.12.16 12:52:20.757,9.06914,9.07078,1.00,1.00
2016.12.16 12:52:21.262,9.06902,9.07066,1.35,1.00
2016.12.16 12:52:21.767,9.06902,9.07066,1.60,1.00
2016.12.16 12:52:22.273,9.06914,9.07078,1.00,1.00
2016.12.16 12:52:25.470,9.06904,9.07066,1.00,1.00
2016.12.16 12:52:28.871,9.0691,9.07074,1.00,1.00
2016.12.16 12:52:36.799,9.069,9.07062,1.00,1.00
2016.12.16 12:52:37.520,9.069,9.07062,1.60,1.00
2016.12.16 12:52:37.794,9.06915,9.07077,1.00,1.00
2016.12.16 12:52:38.368,9.06899,9.07063,1.00,1.00
2016.12.16 12:52:39.011,9.06899,9.07063,1.60,1.00
2016.12.16 12:52:39.316,9.06911,9.07073,1.00,1.00
2016.12.16 12:52:40.979,9.06922,9.07084,1.00,1.00
2016.12.16 12:52:41.282,9.06911,9.07073,1.00,1.00
2016.12.16 12:52:43.970,9.06924,9.07086,1.00,1.00
2016.12.16 12:52:44.374,9.06912,9.07074,1.00,1.00
2016.12.16 12:52:48.810,9.06915,9.07077,1.00,1.00
2016.12.16 12:52:59.523,9.06903,9.07065,1.00,1.00
2016.12.16 12:53:03.534,9.06914,9.07076,1.00,1.00
2016.12.16 12:53:04.032,9.06902,9.07064,1.00,1.00
2016.12.16 12:53:08.539,9.06914,9.07076,1.00,1.00
2016.12.16 12:53:08.842,9.0691,9.07074,1.00,1.00
2016.12.16 12:53:17.027,9.0691,9.07064,1.00,1.00
2016.12.16 12:53:17.129,9.0689,9.07052,1.00,1.00
2016.12.16 12:53:17.180,9.0689,9.07047,1.00,1.00
2016.12.16 12:53:17.231,9.06856,9.07018,1.50,1.00
2016.12.16 12:53:19.574,9.06856,9.07006,1.00,1.00
2016.12.16 12:53:19.777,9.06841,9.07003,1.00,1.00
2016.12.16 12:53:19.878,9.06828,9.06988,1.00,1.00
2016.12.16 12:53:20.336,9.06801,9.06963,1.00,1.00
2016.12.16 12:53:20.740,9.06789,9.06953,1.50,1.00
2016.12.16 12:53:22.062,9.06779,9.06941,1.00,1.00
2016.12.16 12:53:22.771,9.06766,9.06928,1.00,1.00
2016.12.16 12:53:29.823,9.06766,9.06858,1.00,1.00
2016.12.16 12:53:29.924,9.06766,9.0692,1.00,1.67
2016.12.16 12:53:29.975,9.06755,9.06917,1.00,1.67
2016.12.16 12:53:30.026,9.06755,9.06881,1.00,1.00
2016.12.16 12:53:30.077,9.06715,9.06877,1.00,1.00
2016.12.16 12:53:30.128,9.06715,9.06869,1.00,1.00
2016.12.16 12:53:30.179,9.06686,9.0685,1.00,1.00
2016.12.16 12:53:31.092,9.06675,9.06837,1.00,1.00
2016.12.16 12:53:31.395,9.06651,9.06813,1.00,1.00
2016.12.16 12:53:32.075,9.0664,9.06802,1.00,1.00
2016.12.16 12:53:33.073,9.06625,9.06787,1.00,1.00
2016.12.16 12:53:34.083,9.06611,9.06773,1.00,1.00
2016.12.16 12:53:36.081,9.06623,9.06785,1.00,1.00
2016.12.16 12:53:40.531,9.06623,9.06785,1.60,1.00
2016.12.16 12:53:40.784,9.06635,9.06797,1.00,1.00
2016.12.16 12:53:41.037,9.06635,9.06797,1.60,1.00
2016.12.16 12:53:41.700,9.06647,9.06809,1.00,1.00
2016.12.16 12:53:45.323,9.06631,9.06793,1.00,1.00
2016.12.16 12:53:45.627,9.066,9.06762,1.00,1.00
2016.12.16 12:53:45.931,9.06551,9.06713,1.00,1.00
2016.12.16 12:53:45.982,9.06538,9.06702,1.00,1.00
2016.12.16 12:53:46.083,9.06528,9.0669,1.00,1.00
2016.12.16 12:53:46.237,9.06516,9.0668,1.00,1.00
2016.12.16 12:53:46.389,9.06506,9.06668,1.00,1.00
2016.12.16 12:53:46.693,9.06495,9.06657,1.00,1.00
2016.12.16 12:53:46.997,9.0651,9.06672,1.00,1.00
2016.12.16 12:53:47.502,9.06522,9.06684,1.00,1.00
2016.12.16 12:53:47.806,9.06541,9.06703,1.00,1.00
2016.12.16 12:53:48.109,9.06541,9.06703,1.00,1.29
2016.12.16 12:53:48.529,9.06528,9.0669,1.00,1.00
2016.12.16 12:53:49.337,9.06528,9.0669,1.00,1.29
2016.12.16 12:53:50.280,9.06556,9.0669,1.60,1.29
2016.12.16 12:53:50.331,9.06556,9.0671,1.60,1.00
2016.12.16 12:53:50.382,9.06556,9.06711,1.60,1.00
2016.12.16 12:53:50.433,9.06581,9.06725,1.60,1.00
2016.12.16 12:53:50.641,9.06605,9.06767,1.00,1.00
2016.12.16 12:53:50.743,9.06616,9.06778,1.00,1.00
2016.12.16 12:53:51.047,9.06616,9.06778,1.60,1.00
2016.12.16 12:53:51.300,9.06616,9.06778,1.60,1.00
2016.12.16 12:53:51.452,9.0663,9.06792,1.00,1.00
2016.12.16 12:53:51.504,9.06641,9.06803,1.00,1.00
2016.12.16 12:53:52.211,9.06653,9.06815,1.00,1.00
2016.12.16 12:53:53.728,9.06664,9.06826,1.00,1.00
2016.12.16 12:53:54.335,9.06676,9.06838,1.00,1.50
2016.12.16 12:54:00.328,9.06676,9.06838,1.00,1.37
2016.12.16 12:54:01.666,9.06665,9.06827,1.00,1.37
2016.12.16 12:54:01.818,9.06665,9.06827,1.00,1.37
2016.12.16 12:54:01.970,9.0668,9.06842,1.00,1.37
2016.12.16 12:54:02.122,9.0668,9.06842,1.00,1.29
2016.12.16 12:54:03.327,9.0668,9.06842,1.00,1.00
2016.12.16 12:54:04.569,9.0668,9.06842,1.00,1.29
2016.12.16 12:54:07.326,9.0668,9.06842,1.00,1.29
2016.12.16 12:54:08.566,9.0668,9.06842,1.00,1.29
2016.12.16 12:54:08.718,9.06691,9.06853,1.00,1.29
2016.12.16 12:54:09.125,9.06676,9.06838,1.00,1.29
2016.12.16 12:54:11.930,9.06687,9.06849,1.00,1.29
2016.12.16 12:54:15.565,9.06687,9.06849,1.00,1.00
2016.12.16 12:54:15.616,9.067,9.06864,1.00,1.29
2016.12.16 12:54:17.072,9.067,9.06864,1.00,1.29
2016.12.16 12:54:17.456,9.0669,9.06852,1.00,1.29
2016.12.16 12:54:19.877,9.0669,9.06852,1.00,1.00
2016.12.16 12:54:20.452,9.06701,9.06863,1.00,1.00
2016.12.16 12:54:22.223,9.06712,9.06874,1.00,1.00
2016.12.16 12:54:28.777,9.06721,9.06883,1.00,1.00
2016.12.16 12:54:30.563,9.06701,9.06863,1.50,1.00
2016.12.16 12:54:31.675,9.06712,9.06876,1.00,1.00
2016.12.16 12:54:37.823,9.06701,9.06863,1.00,1.00
2016.12.16 12:54:38.985,9.06715,9.06877,1.00,1.00
2016.12.16 12:54:41.693,9.06697,9.06859,1.00,1.00
2016.12.16 12:54:41.996,9.06704,9.06861,1.00,1.00
2016.12.16 12:54:42.047,9.06697,9.06861,1.00,1.00
2016.12.16 12:54:42.098,9.06694,9.06856,1.00,1.00
2016.12.16 12:54:42.446,9.06682,9.06844,1.00,1.00
2016.12.16 12:54:42.800,9.06696,9.06858,1.00,1.00
2016.12.16 12:54:43.306,9.06707,9.06869,1.00,1.00
2016.12.16 12:54:43.923,9.06719,9.06881,1.00,1.00
2016.12.16 12:54:44.227,9.06708,9.0687,1.00,1.00
2016.12.16 12:54:48.825,9.0671,9.06872,1.00,1.00
2016.12.16 12:54:52.957,9.06699,9.06861,1.00,1.00
2016.12.16 12:54:53.817,9.06688,9.0685,1.00,1.00
2016.12.16 12:54:54.120,9.06677,9.06839,1.00,1.00
2016.12.16 12:54:56.020,9.06666,9.06828,1.00,1.00
2016.12.16 12:54:56.323,9.06655,9.06817,1.00,1.00
2016.12.16 12:55:02.947,9.06655,9.06807,1.00,1.00
2016.12.16 12:55:03.049,9.06644,9.06806,1.00,1.00
2016.12.16 12:55:07.049,9.06644,9.06783,1.00,1.00
2016.12.16 12:55:07.202,9.06644,9.06806,1.00,1.12
2016.12.16 12:55:07.253,9.06632,9.06796,1.00,1.00
2016.12.16 12:55:07.304,9.06632,9.06782,1.00,1.00
2016.12.16 12:55:07.355,9.066,9.06762,1.00,1.00
2016.12.16 12:55:08.088,9.06586,9.06748,1.00,1.00
2016.12.16 12:55:08.399,9.06575,9.06737,1.00,1.00
2016.12.16 12:55:08.704,9.06561,9.06723,1.00,1.00
2016.12.16 12:55:09.008,9.06555,9.06717,1.00,1.00
2016.12.16 12:55:09.363,9.06544,9.06706,1.00,1.00
2016.12.16 12:55:12.275,9.0653,9.06694,1.00,1.00
2016.12.16 12:55:13.301,9.0652,9.06682,1.00,1.00
2016.12.16 12:55:15.174,9.06509,9.06671,1.00,1.00
2016.12.16 12:55:15.477,9.06498,9.0666,1.00,1.00
2016.12.16 12:55:16.379,9.06512,9.06674,1.00,1.00
2016.12.16 12:55:16.683,9.06512,9.06654,1.00,1.00
2016.12.16 12:55:16.733,9.06512,9.06674,1.00,1.00
2016.12.16 12:55:16.785,9.06526,9.06682,1.00,1.00
2016.12.16 12:55:17.189,9.06513,9.06675,1.00,1.00
2016.12.16 12:55:17.291,9.06503,9.06665,1.00,1.00
2016.12.16 12:55:17.596,9.06516,9.06678,1.00,1.00
2016.12.16 12:55:17.899,9.06527,9.06682,1.00,1.00
2016.12.16 12:55:18.203,9.06515,9.06679,1.00,1.00
2016.12.16 12:55:18.254,9.06515,9.06652,1.00,1.00
2016.12.16 12:55:18.406,9.06515,9.06672,1.00,1.00
2016.12.16 12:55:18.710,9.06527,9.06672,1.00,1.00
2016.12.16 12:55:19.180,9.06516,9.06672,1.00,1.00
2016.12.16 12:55:19.383,9.06529,9.06673,1.00,1.00
2016.12.16 12:55:19.889,9.06529,9.06672,1.00,1.00
2016.12.16 12:55:20.294,9.06504,9.06666,1.00,1.00
2016.12.16 12:55:20.396,9.06516,9.06672,1.00,1.00
2016.12.16 12:55:20.705,9.06527,9.06672,1.00,1.00
2016.12.16 12:55:20.907,9.06516,9.06672,1.00,1.00
2016.12.16 12:55:21.009,9.06504,9.06667,1.00,1.00
2016.12.16 12:55:21.110,9.06517,9.06679,1.00,1.00
2016.12.16 12:55:21.414,9.0654,9.06682,1.00,1.00
2016.12.16 12:55:21.616,9.06526,9.06682,1.00,1.00
2016.12.16 12:55:21.718,9.06526,9.06667,1.00,1.00
2016.12.16 12:55:21.819,9.06514,9.06669,1.00,1.00
2016.12.16 12:55:21.870,9.06514,9.06678,1.00,1.00
2016.12.16 12:55:21.921,9.06519,9.06681,1.00,1.00
2016.12.16 12:55:22.523,9.06505,9.06667,1.00,1.00
2016.12.16 12:55:22.827,9.06505,9.06652,1.00,1.00
2016.12.16 12:55:23.385,9.06493,9.06652,1.00,1.00
2016.12.16 12:55:26.126,9.06493,9.06633,1.00,1.00
2016.12.16 12:55:27.888,9.06493,9.06634,1.00,1.50
2016.12.16 12:55:28.394,9.06503,9.06653,1.00,1.00
2016.12.16 12:55:28.597,9.06516,9.06653,1.00,1.00
2016.12.16 12:55:28.800,9.06519,9.06681,1.00,1.00
2016.12.16 12:55:29.258,9.06519,9.06673,1.00,1.00
2016.12.16 12:55:40.262,9.065,9.06662,1.00,1.00
2016.12.16 12:55:40.313,9.06512,9.06653,1.00,1.00
2016.12.16 12:55:46.258,9.06512,9.06654,1.00,1.00
2016.12.16 12:55:46.364,9.06512,9.06674,1.00,1.00
2016.12.16 12:55:47.033,9.06523,9.06687,1.00,1.00
2016.12.16 12:55:48.843,9.06519,9.06681,1.00,1.00
2016.12.16 12:55:54.810,9.06519,9.0667,1.00,1.00
2016.12.16 12:55:55.064,9.0649,9.06652,1.00,1.37
2016.12.16 12:55:56.577,9.0649,9.06652,1.00,1.00
2016.12.16 12:55:58.070,9.0649,9.06652,1.00,1.37
2016.12.16 12:55:59.585,9.0649,9.06652,1.00,1.00
2016.12.16 12:56:01.782,9.0649,9.06652,1.00,1.60
2016.12.16 12:56:01.833,9.0649,9.06652,1.00,1.72
2016.12.16 12:56:01.884,9.0649,9.06643,1.00,1.97
2016.12.16 12:56:01.986,9.06479,9.06641,1.00,1.97
2016.12.16 12:56:04.098,9.06479,9.06641,1.00,1.37
2016.12.16 12:56:04.200,9.06491,9.06653,1.00,1.37
2016.12.16 12:56:04.503,9.06509,9.06673,1.00,1.37
2016.12.16 12:56:07.598,9.0652,9.06682,1.00,1.37
2016.12.16 12:56:07.699,9.06507,9.06669,1.00,1.37
2016.12.16 12:56:08.788,9.06513,9.06675,1.00,1.37
2016.12.16 12:56:11.061,9.06513,9.06666,1.00,2.47
2016.12.16 12:56:11.113,9.06493,9.06654,1.00,1.97
2016.12.16 12:56:11.215,9.06478,9.0664,1.00,1.97
2016.12.16 12:56:11.367,9.06478,9.0664,1.00,1.37
2016.12.16 12:56:11.418,9.06489,9.06651,1.00,1.37
2016.12.16 12:56:11.723,9.06505,9.06667,1.00,1.37
2016.12.16 12:56:20.137,9.06505,9.06667,1.00,1.37
2016.12.16 12:56:24.321,9.06516,9.06678,1.00,1.37
2016.12.16 12:56:25.362,9.06504,9.06666,1.00,1.37
2016.12.16 12:56:26.429,9.06514,9.06678,1.00,1.37
2016.12.16 12:56:28.872,9.06513,9.06675,1.00,1.37
2016.12.16 12:56:35.964,9.065,9.06662,1.00,1.87
2016.12.16 12:56:36.171,9.06485,9.06645,1.00,1.37
2016.12.16 12:56:40.171,9.06466,9.06612,1.00,1.00
2016.12.16 12:56:40.222,9.06454,9.06612,1.00,1.00
2016.12.16 12:56:42.069,9.06453,9.06612,1.00,1.00
2016.12.16 12:56:42.583,9.06454,9.06612,1.00,1.00
2016.12.16 12:56:57.119,9.06453,9.06612,1.00,1.00
2016.12.16 12:56:57.748,9.06454,9.06612,1.00,1.00
2016.12.16 12:57:06.786,9.06528,9.06612,1.00,1.00
2016.12.16 12:57:06.938,9.06528,9.06636,1.50,1.00
2016.12.16 12:57:06.989,9.06511,9.06636,1.00,1.00
2016.12.16 12:57:07.040,9.06494,9.06619,1.00,1.00
2016.12.16 12:57:07.243,9.06454,9.06605,1.00,1.00
2016.12.16 12:57:07.344,9.06454,9.06589,1.00,1.00
2016.12.16 12:57:07.446,9.06454,9.06601,1.00,1.00
2016.12.16 12:57:07.851,9.06461,9.06601,1.00,1.00
2016.12.16 12:57:07.953,9.06482,9.06623,1.00,1.00
2016.12.16 12:57:08.004,9.06482,9.06628,1.00,1.00
2016.12.16 12:57:08.055,9.06454,9.06608,1.00,1.00
2016.12.16 12:57:08.830,9.06454,9.06609,1.00,1.00
2016.12.16 12:57:09.473,9.06453,9.06609,1.00,1.00
2016.12.16 12:57:09.989,9.06454,9.06609,1.00,1.00
2016.12.16 12:57:11.466,9.06453,9.06609,1.00,1.00
2016.12.16 12:57:11.972,9.06454,9.06609,1.00,1.00
2016.12.16 12:57:16.028,9.06453,9.06609,1.00,1.00
2016.12.16 12:57:16.570,9.06454,9.06609,1.00,1.00
2016.12.16 12:57:17.075,9.06453,9.06609,1.00,1.00
2016.12.16 12:57:17.619,9.06454,9.06609,1.00,1.00
2016.12.16 12:57:18.249,9.06459,9.06609,1.00,1.00
2016.12.16 12:57:18.457,9.06454,9.06609,1.00,1.00
2016.12.16 12:57:18.760,9.06459,9.06609,1.00,1.00
2016.12.16 12:57:19.981,9.06454,9.06609,1.00,1.00
2016.12.16 12:57:20.253,9.06454,9.06599,1.00,1.00
2016.12.16 12:57:20.919,9.06458,9.06599,1.00,1.00
2016.12.16 12:57:21.071,9.06454,9.06599,1.00,1.00
2016.12.16 12:57:23.821,9.06459,9.06599,1.00,1.00
2016.12.16 12:57:24.472,9.06454,9.06599,1.00,1.00
2016.12.16 12:57:27.463,9.06454,9.06609,1.00,1.00
2016.12.16 12:57:28.687,9.06454,9.06597,1.00,1.00
2016.12.16 12:57:29.205,9.06453,9.06597,1.00,1.00
2016.12.16 12:57:29.977,9.06454,9.06597,1.00,1.00
2016.12.16 12:57:31.972,9.06454,9.06597,1.37,1.00
2016.12.16 12:57:32.023,9.06453,9.06597,1.00,1.00
2016.12.16 12:57:32.074,9.06454,9.06616,1.50,1.00
2016.12.16 12:57:32.326,9.06469,9.06616,1.00,1.00
2016.12.16 12:57:32.855,9.06469,9.06605,1.00,1.00
2016.12.16 12:57:33.722,9.06454,9.06605,1.00,1.00
2016.12.16 12:57:36.643,9.06459,9.06605,1.00,1.00
2016.12.16 12:57:37.721,9.06453,9.06605,1.00,1.00
2016.12.16 12:57:37.773,9.06489,9.06605,1.00,1.00
2016.12.16 12:57:37.978,9.06489,9.06617,1.00,1.00
2016.12.16 12:57:38.029,9.06494,9.06617,1.00,1.00
2016.12.16 12:57:38.182,9.06494,9.06628,1.00,1.00
2016.12.16 12:57:41.483,9.06494,9.06618,1.00,1.00
2016.12.16 12:57:41.534,9.06489,9.06618,1.00,1.00
2016.12.16 12:57:41.585,9.06479,9.06618,1.00,1.00
2016.12.16 12:57:41.687,9.06473,9.06606,1.00,1.00
2016.12.16 12:57:42.472,9.06459,9.06606,1.00,1.00
2016.12.16 12:57:42.523,9.06444,9.06606,1.50,1.00
2016.12.16 12:57:42.574,9.06431,9.06593,1.00,1.00
2016.12.16 12:57:42.922,9.06408,9.06549,1.00,1.00
2016.12.16 12:57:43.428,9.06404,9.06549,1.00,1.00
2016.12.16 12:57:43.529,9.06404,9.06549,1.60,1.00
2016.12.16 12:57:43.832,9.06409,9.06549,1.00,1.00
2016.12.16 12:57:44.200,9.06403,9.06549,1.00,1.00
2016.12.16 12:57:44.674,9.06409,9.06549,1.00,1.00
2016.12.16 12:57:45.282,9.06403,9.06549,1.00,1.00
2016.12.16 12:57:45.485,9.06403,9.06538,1.00,1.00
2016.12.16 12:57:46.203,9.06402,9.06538,1.00,1.00
2016.12.16 12:57:46.557,9.06399,9.06538,1.00,1.00
2016.12.16 12:57:46.608,9.06393,9.06538,1.00,1.00
2016.12.16 12:57:46.659,9.06376,9.06538,1.00,1.00
2016.12.16 12:57:46.912,9.06364,9.06528,1.00,1.00
2016.12.16 12:57:47.013,9.06363,9.06504,1.00,1.00
2016.12.16 12:57:47.115,9.06349,9.06492,1.00,1.00
2016.12.16 12:57:47.284,9.06349,9.06481,1.00,1.00
2016.12.16 12:57:47.335,9.06344,9.06481,1.00,1.00
2016.12.16 12:57:47.386,9.06333,9.0647,1.00,1.00
2016.12.16 12:57:47.488,9.06319,9.06457,1.00,1.00
2016.12.16 12:57:47.540,9.06313,9.06457,1.00,1.00
2016.12.16 12:57:47.592,9.06313,9.06441,1.00,1.00
2016.12.16 12:57:47.694,9.06309,9.06441,1.00,1.00
2016.12.16 12:57:47.947,9.06299,9.06441,1.00,1.00
2016.12.16 12:57:48.464,9.06289,9.06441,1.00,1.00
2016.12.16 12:57:48.515,9.06283,9.0643,1.00,1.00
2016.12.16 12:57:48.617,9.06269,9.06419,1.00,1.00
2016.12.16 12:57:48.776,9.06269,9.06407,1.00,1.00
2016.12.16 12:57:49.079,9.06269,9.06403,1.00,1.00
2016.12.16 12:57:49.360,9.06264,9.06403,1.00,1.00
2016.12.16 12:57:49.562,9.06249,9.06403,1.00,1.37
2016.12.16 12:57:49.613,9.06241,9.06403,1.00,1.37
2016.12.16 12:57:49.715,9.06224,9.06385,1.00,1.00
2016.12.16 12:57:49.816,9.06224,9.06366,1.00,1.00
2016.12.16 12:57:50.121,9.06203,9.06343,1.00,1.00
2016.12.16 12:57:50.223,9.06181,9.06343,1.00,1.00
2016.12.16 12:57:50.274,9.06234,9.06343,1.60,1.00
2016.12.16 12:57:50.552,9.06259,9.06373,1.60,1.00
2016.12.16 12:57:50.607,9.06259,9.06384,1.60,1.00
2016.12.16 12:57:50.860,9.06259,9.06384,1.60,1.00
2016.12.16 12:57:51.265,9.06259,9.06384,1.00,1.00
2016.12.16 12:57:52.087,9.06259,9.06395,1.50,1.00
2016.12.16 12:57:53.832,9.06268,9.06395,1.00,1.00
2016.12.16 12:57:54.722,9.06263,9.06395,1.00,1.00
2016.12.16 12:57:55.177,9.06269,9.06395,1.00,1.00
2016.12.16 12:57:57.121,9.06263,9.06395,1.00,1.00
2016.12.16 12:57:58.525,9.06259,9.06395,1.00,1.00
2016.12.16 12:57:58.626,9.06259,9.06383,1.00,1.00
2016.12.16 12:57:59.031,9.06253,9.06383,1.00,1.00
2016.12.16 12:57:59.926,9.06259,9.06383,1.00,1.00
2016.12.16 12:58:01.446,9.06253,9.06383,1.00,1.00
2016.12.16 12:58:02.223,9.06258,9.06383,1.00,1.00
2016.12.16 12:58:02.943,9.06259,9.06383,1.00,1.00
2016.12.16 12:58:03.351,9.06259,9.06372,1.00,1.00
2016.12.16 12:58:04.221,9.06259,9.06387,1.00,1.00
2016.12.16 12:58:04.995,9.06253,9.06387,1.00,1.00
2016.12.16 12:58:05.147,9.06253,9.06399,1.00,1.00
2016.12.16 12:58:05.299,9.06279,9.06399,1.00,1.00
2016.12.16 12:58:05.544,9.06269,9.06399,1.00,1.00
2016.12.16 12:58:05.645,9.06263,9.06399,1.00,1.00
2016.12.16 12:58:05.748,9.06263,9.06389,1.00,1.00
2016.12.16 12:58:06.052,9.06249,9.06389,1.00,1.37
2016.12.16 12:58:06.153,9.06243,9.06389,1.00,1.37
2016.12.16 12:58:06.205,9.06227,9.06389,1.00,1.37
2016.12.16 12:58:06.306,9.06219,9.06377,1.00,1.37
2016.12.16 12:58:06.357,9.06219,9.06364,1.00,1.00
2016.12.16 12:58:06.660,9.06214,9.06352,1.00,1.00
2016.12.16 12:58:07.305,9.06213,9.06352,1.00,1.00
2016.12.16 12:58:07.659,9.06199,9.06352,1.00,1.00
2016.12.16 12:58:07.760,9.06199,9.06341,1.00,1.00
2016.12.16 12:58:08.114,9.06199,9.0633,1.00,1.00
2016.12.16 12:58:08.165,9.06193,9.0633,1.00,1.00
2016.12.16 12:58:08.271,9.06179,9.0633,1.00,1.00
2016.12.16 12:58:08.574,9.06172,9.0633,1.00,1.00
2016.12.16 12:58:08.625,9.06172,9.06318,1.00,1.00
2016.12.16 12:58:08.928,9.06154,9.06312,1.00,1.00
2016.12.16 12:58:09.131,9.06154,9.06301,1.00,1.00
2016.12.16 12:58:09.233,9.06139,9.06301,1.50,1.00
2016.12.16 12:58:09.436,9.06129,9.0629,1.00,1.00
2016.12.16 12:58:09.740,9.06159,9.0629,1.00,1.00
2016.12.16 12:58:09.842,9.06159,9.06304,1.00,1.00
2016.12.16 12:58:10.566,9.06158,9.06304,1.00,1.00
2016.12.16 12:58:10.819,9.06158,9.06292,1.00,1.00
2016.12.16 12:58:11.128,9.06158,9.06303,1.00,1.00
2016.12.16 12:58:12.141,9.06169,9.06303,1.00,1.00
2016.12.16 12:58:12.293,9.06159,9.06303,1.00,1.00
2016.12.16 12:58:12.597,9.06141,9.06303,1.60,1.00
2016.12.16 12:58:12.858,9.06139,9.0629,1.60,1.00
2016.12.16 12:58:13.162,9.06159,9.06302,1.00,1.00
2016.12.16 12:58:14.853,9.06153,9.06291,1.00,1.00
2016.12.16 12:58:15.259,9.06139,9.06291,1.60,1.00
2016.12.16 12:58:15.310,9.06139,9.06291,1.60,1.00
2016.12.16 12:58:15.462,9.06139,9.06291,1.60,1.00
2016.12.16 12:58:15.614,9.06139,9.06291,1.60,1.00
2016.12.16 12:58:15.715,9.06148,9.06291,1.00,1.00
2016.12.16 12:58:16.221,9.06149,9.06291,1.00,1.00
2016.12.16 12:58:16.440,9.06143,9.06291,1.35,1.00
2016.12.16 12:58:16.760,9.06159,9.06291,1.00,1.00
2016.12.16 12:58:17.670,9.06159,9.06304,1.00,1.00
2016.12.16 12:58:18.208,9.06158,9.06304,1.00,1.00
2016.12.16 12:58:18.309,9.06152,9.06304,1.00,1.00
2016.12.16 12:58:18.764,9.06159,9.06292,1.00,1.00
2016.12.16 12:58:19.068,9.06139,9.06292,1.00,1.00
2016.12.16 12:58:19.170,9.06142,9.06304,1.00,1.00
2016.12.16 12:58:19.271,9.06133,9.06292,1.00,1.00
2016.12.16 12:58:19.322,9.0613,9.06292,1.00,1.00
2016.12.16 12:58:19.373,9.06124,9.0628,1.00,1.00
2016.12.16 12:58:19.591,9.06103,9.06265,1.50,1.00
2016.12.16 12:58:19.642,9.06103,9.06253,1.00,1.00
2016.12.16 12:58:19.948,9.06103,9.06242,1.00,1.00
2016.12.16 12:58:20.555,9.06089,9.06242,1.00,1.00
2016.12.16 12:58:22.076,9.06089,9.06231,1.00,1.00
2016.12.16 12:58:22.582,9.06069,9.06231,1.87,1.00
2016.12.16 12:58:22.685,9.0608,9.06242,1.00,1.00
2016.12.16 12:58:22.961,9.06069,9.06231,1.50,1.00
2016.12.16 12:58:23.267,9.06079,9.06231,1.00,1.00
2016.12.16 12:58:23.570,9.06089,9.06231,1.00,1.00
2016.12.16 12:58:26.297,9.06083,9.06231,1.00,1.00
2016.12.16 12:58:26.822,9.06089,9.06231,1.00,1.00
2016.12.16 12:58:27.774,9.06082,9.06231,1.00,1.00
2016.12.16 12:58:28.299,9.06083,9.06231,1.00,1.00
2016.12.16 12:58:28.823,9.06082,9.06231,1.00,1.00
2016.12.16 12:58:28.874,9.06089,9.06223,1.00,1.00
2016.12.16 12:58:29.232,9.06079,9.06223,1.00,1.00
2016.12.16 12:58:29.658,9.06069,9.06223,1.00,1.00
2016.12.16 12:58:29.862,9.06069,9.06212,1.00,1.00
2016.12.16 12:58:30.065,9.06068,9.06224,1.00,1.00
2016.12.16 12:58:30.422,9.06079,9.06224,1.00,1.00
2016.12.16 12:58:31.386,9.06089,9.06224,1.00,1.00
2016.12.16 12:58:31.488,9.06089,9.06236,1.00,1.00
2016.12.16 12:58:31.691,9.06083,9.06236,1.00,1.00
2016.12.16 12:58:31.844,9.06078,9.06236,1.00,1.00
2016.12.16 12:58:32.715,9.06089,9.06236,1.00,1.00
2016.12.16 12:58:32.987,9.06073,9.06236,1.00,1.00
2016.12.16 12:58:33.189,9.06061,9.06223,1.15,1.00
2016.12.16 12:58:33.291,9.06061,9.06223,1.00,1.00
2016.12.16 12:58:33.393,9.0605,9.06212,1.00,1.00
2016.12.16 12:58:33.697,9.06019,9.06174,1.00,1.00
2016.12.16 12:58:34.001,9.06019,9.06164,1.00,1.00
2016.12.16 12:58:34.910,9.06019,9.06153,1.00,1.00
2016.12.16 12:58:35.011,9.06009,9.06153,1.00,1.00
2016.12.16 12:58:35.112,9.06024,9.06153,1.87,1.00
2016.12.16 12:58:35.265,9.06054,9.06182,1.00,1.00
2016.12.16 12:58:35.366,9.06054,9.06198,1.00,1.00
2016.12.16 12:58:39.278,9.06054,9.06185,1.00,1.00
2016.12.16 12:58:44.930,9.06034,9.06196,1.00,1.00
2016.12.16 12:58:44.981,9.06024,9.06185,1.00,1.00
2016.12.16 12:58:45.284,9.06054,9.06197,1.00,1.00
2016.12.16 12:58:45.588,9.06054,9.06147,1.00,1.00
2016.12.16 12:58:45.690,9.06053,9.06171,1.00,1.00
2016.12.16 12:58:45.854,9.06053,9.06196,1.00,1.00
2016.12.16 12:58:46.364,9.06054,9.06196,1.00,1.00
2016.12.16 12:58:46.617,9.06054,9.06207,1.00,1.00
2016.12.16 12:58:47.162,9.06053,9.06207,1.00,1.00
2016.12.16 12:58:47.214,9.06059,9.06207,1.00,1.00
2016.12.16 12:58:47.366,9.06054,9.06207,1.00,1.00
2016.12.16 12:58:47.720,9.0606,9.06207,1.00,1.00
2016.12.16 12:58:47.821,9.0606,9.06218,1.00,1.37
2016.12.16 12:58:48.024,9.06056,9.06218,1.00,1.37
2016.12.16 12:58:48.288,9.06054,9.06207,1.00,1.00
2016.12.16 12:58:48.794,9.06054,9.06212,1.00,1.37
2016.12.16 12:58:48.845,9.06054,9.06212,1.00,1.00
2016.12.16 12:58:49.350,9.06057,9.06212,1.00,1.00
2016.12.16 12:58:49.871,9.06056,9.06212,1.00,1.00
2016.12.16 12:58:49.922,9.06054,9.06212,1.00,1.00
2016.12.16 12:58:50.631,9.06067,9.06229,1.00,1.37
2016.12.16 12:58:50.733,9.06054,9.06218,1.50,1.00
2016.12.16 12:58:52.086,9.06056,9.06218,1.00,1.00
2016.12.16 12:58:52.316,9.06054,9.06218,1.00,1.00
2016.12.16 12:58:52.521,9.06054,9.06208,1.50,1.00
2016.12.16 12:58:53.028,9.06054,9.06207,1.50,1.00
2016.12.16 12:58:53.675,9.06054,9.06218,1.50,1.00
2016.12.16 12:58:53.726,9.06054,9.06207,1.00,1.00
2016.12.16 12:58:53.828,9.06063,9.06225,1.00,1.37
2016.12.16 12:58:53.879,9.06063,9.06208,1.00,1.00
2016.12.16 12:58:53.930,9.06054,9.06201,1.00,1.00
2016.12.16 12:58:54.031,9.06054,9.06207,1.00,1.00
2016.12.16 12:58:54.184,9.06054,9.06211,1.00,1.00
2016.12.16 12:58:54.387,9.06054,9.06207,1.00,1.00
2016.12.16 12:58:54.843,9.06054,9.06201,1.00,1.00
2016.12.16 12:58:55.238,9.06054,9.06207,1.00,1.00
2016.12.16 12:58:55.794,9.06053,9.06208,1.00,1.50
2016.12.16 12:58:57.166,9.06054,9.06207,1.00,1.00
2016.12.16 12:58:57.318,9.06054,9.06211,1.00,1.00
2016.12.16 12:58:58.526,9.06059,9.06211,1.00,1.00
2016.12.16 12:58:58.627,9.06054,9.06211,1.00,1.00
2016.12.16 12:58:59.338,9.0606,9.06222,1.00,1.12
2016.12.16 12:59:00.631,9.0606,9.06207,1.00,1.00
2016.12.16 12:59:00.732,9.06054,9.06207,1.00,1.00
2016.12.16 12:59:00.884,9.06054,9.06211,1.00,1.00
2016.12.16 12:59:01.188,9.06054,9.06207,1.00,1.00
2016.12.16 12:59:01.742,9.06053,9.06211,1.00,1.00
2016.12.16 12:59:02.267,9.06054,9.06211,1.00,1.00
2016.12.16 12:59:06.246,9.06054,9.06201,1.00,1.00
2016.12.16 12:59:06.650,9.06054,9.06212,1.00,1.00
2016.12.16 12:59:08.126,9.06053,9.06212,1.00,1.00
2016.12.16 12:59:09.212,9.06054,9.06212,1.00,1.00
2016.12.16 12:59:10.325,9.06059,9.06212,1.00,1.00
2016.12.16 12:59:10.577,9.06054,9.06212,1.00,1.00
2016.12.16 12:59:11.577,9.06059,9.06212,1.00,1.00
2016.12.16 12:59:12.043,9.06054,9.06212,1.00,1.00
2016.12.16 12:59:12.346,9.06059,9.06212,1.00,1.00
2016.12.16 12:59:12.397,9.06054,9.06212,1.00,1.00
2016.12.16 12:59:12.754,9.06059,9.06212,1.00,1.00
2016.12.16 12:59:12.906,9.0606,9.06222,1.00,1.00
2016.12.16 12:59:13.638,9.06064,9.06222,1.00,1.00
2016.12.16 12:59:13.841,9.0606,9.06222,1.00,1.00
2016.12.16 12:59:13.992,9.06059,9.06204,1.00,1.00
2016.12.16 12:59:14.195,9.06054,9.06204,1.00,1.00
2016.12.16 12:59:15.395,9.06059,9.06204,1.00,1.00
2016.12.16 12:59:15.496,9.06054,9.06204,1.00,1.00
2016.12.16 12:59:16.002,9.06053,9.06204,1.00,1.00
2016.12.16 12:59:18.267,9.06054,9.06204,1.00,1.00
2016.12.16 12:59:19.406,9.06053,9.06204,1.00,1.00
2016.12.16 12:59:20.312,9.06054,9.06204,1.00,1.00
2016.12.16 12:59:21.327,9.06054,9.06193,1.00,1.00
2016.12.16 12:59:22.829,9.06054,9.06205,1.00,1.37
2016.12.16 12:59:23.240,9.06054,9.06192,1.00,1.00
2016.12.16 12:59:23.902,9.06054,9.06203,1.00,1.12
2016.12.16 12:59:25.243,9.06054,9.06192,1.00,1.00
2016.12.16 12:59:25.446,9.06054,9.06211,1.00,1.87
2016.12.16 12:59:25.548,9.06054,9.06191,1.00,1.00
2016.12.16 12:59:26.077,9.06053,9.06191,1.00,1.00
2016.12.16 12:59:26.622,9.06054,9.06191,1.00,1.00
2016.12.16 12:59:27.722,9.06054,9.06202,1.00,1.00
2016.12.16 12:59:30.963,9.06054,9.0619,1.00,1.00
2016.12.16 12:59:32.919,9.06054,9.06202,1.00,1.00
2016.12.16 12:59:34.829,9.06053,9.06202,1.00,1.00
2016.12.16 12:59:37.024,9.06054,9.06202,1.00,1.00
2016.12.16 12:59:40.224,9.06044,9.06202,1.00,1.00
2016.12.16 12:59:40.275,9.06044,9.06189,1.00,1.00
2016.12.16 12:59:40.326,9.06039,9.06189,1.00,1.00
2016.12.16 12:59:40.377,9.06039,9.06174,1.00,1.00
2016.12.16 12:59:41.199,9.06019,9.06174,1.00,1.00
2016.12.16 12:59:41.250,9.06018,9.0616,1.00,1.00
2016.12.16 12:59:41.301,9.06013,9.0616,1.00,1.00
2016.12.16 12:59:41.705,9.06029,9.0616,1.00,1.00
2016.12.16 12:59:41.857,9.06029,9.06165,1.00,1.00
2016.12.16 12:59:41.958,9.06029,9.06152,1.00,1.00
2016.12.16 12:59:42.060,9.06029,9.06164,1.00,1.00
2016.12.16 12:59:43.126,9.06028,9.06164,1.00,1.00
2016.12.16 12:59:44.065,9.06028,9.06174,1.00,1.00
2016.12.16 12:59:45.022,9.06039,9.06174,1.00,1.00
2016.12.16 12:59:47.256,9.06029,9.06174,1.00,1.00
2016.12.16 12:59:47.674,9.06039,9.06174,1.00,1.00
2016.12.16 12:59:48.752,9.06039,9.06172,1.00,1.00
2016.12.16 12:59:49.330,9.06038,9.06172,1.00,1.00
2016.12.16 12:59:49.634,9.06064,9.06174,1.00,1.00
2016.12.16 12:59:49.685,9.06063,9.0619,1.00,1.00
2016.12.16 12:59:49.736,9.06059,9.0619,1.00,1.00
2016.12.16 12:59:49.838,9.06053,9.0619,1.00,1.00
2016.12.16 12:59:49.889,9.06064,9.0619,1.00,1.00
2016.12.16 12:59:50.204,9.06063,9.06177,1.00,1.00
2016.12.16 12:59:50.456,9.06042,9.06177,1.00,1.00
2016.12.16 12:59:50.558,9.06053,9.06177,1.00,1.00
2016.12.16 12:59:51.444,9.06037,9.06177,1.00,1.00
2016.12.16 12:59:51.545,9.06088,9.06177,1.00,1.00
2016.12.16 12:59:51.798,9.06094,9.06209,1.00,1.00
2016.12.16 12:59:52.305,9.06093,9.06209,1.00,1.00
2016.12.16 12:59:52.817,9.06094,9.06209,1.00,1.00
2016.12.16 12:59:54.286,9.06069,9.06209,1.00,1.00
2016.12.16 12:59:54.337,9.06063,9.06209,1.00,1.00
2016.12.16 12:59:54.388,9.06059,9.06198,1.00,1.00
2016.12.16 12:59:54.439,9.06053,9.06198,1.00,1.00
2016.12.16 12:59:54.490,9.0607,9.06186,1.00,1.00
2016.12.16 12:59:54.813,9.06049,9.06175,1.60,1.00
2016.12.16 12:59:55.016,9.06115,9.0623,1.00,1.00
2016.12.16 12:59:55.068,9.061,9.0623,1.00,1.00
2016.12.16 12:59:55.169,9.06079,9.0622,1.00,1.00
2016.12.16 12:59:55.271,9.06079,9.06208,1.00,1.00
2016.12.16 12:59:55.373,9.06066,9.06197,1.00,1.00
2016.12.16 12:59:55.677,9.06066,9.06183,1.00,1.00
2016.12.16 12:59:56.084,9.06079,9.06183,1.00,1.00
2016.12.16 12:59:56.523,9.06068,9.06183,1.00,1.00
2016.12.16 12:59:56.928,9.06074,9.06183,1.00,1.00
2016.12.16 12:59:57.180,9.06074,9.06194,1.00,1.00
2016.12.16 12:59:57.584,9.06069,9.06194,1.00,1.00
2016.12.16 12:59:57.686,9.06074,9.06194,1.00,1.00
2016.12.16 12:59:57.837,9.06069,9.06194,1.00,1.00
2016.12.16 12:59:58.143,9.06079,9.06194,1.00,1.00
2016.12.16 12:59:58.194,9.06073,9.06194,1.00,1.00
