2013.07.26 12:00:00.160,7.87452,7.87618,2.25,1.50
2013.07.26 12:00:00.281,7.87452,7.87606,1.50,1.50
2013.07.26 12:00:00.624,7.87435,7.87596,1.50,1.50
2013.07.26 12:00:01.376,7.87435,7.87596,1.50,1.50
2013.07.26 12:00:02.180,7.87435,7.87596,1.50,1.50
2013.07.26 12:00:02.871,7.87435,7.87596,1.50,1.50
2013.07.26 12:00:02.930,7.87447,7.87601,1.50,1.69
2013.07.26 12:00:03.049,7.8748,7.87636,1.50,1.50
2013.07.26 12:00:03.109,7.8748,7.87655,1.50,1.50
2013.07.26 12:00:03.169,7.8748,7.87655,1.50,1.69
2013.07.26 12:00:03.230,7.87467,7.87655,1.50,1.69
2013.07.26 12:00:03.290,7.87467,7.87655,1.50,1.69
2013.07.26 12:00:03.350,7.87467,7.87646,1.50,2.44
2013.07.26 12:00:03.765,7.87454,7.87635,1.50,1.50
2013.07.26 12:00:04.172,7.87454,7.87629,1.50,1.50
2013.07.26 12:00:04.862,7.87454,7.87608,1.50,1.50
2013.07.26 12:00:05.454,7.87454,7.87608,1.50,1.50
2013.07.26 12:00:05.965,7.87433,7.87598,1.50,1.50
2013.07.26 12:00:07.961,7.87433,7.87598,1.50,1.50
2013.07.26 12:00:24.160,7.87437,7.87601,1.50,1.50
2013.07.26 12:00:28.930,7.87437,7.87601,1.50,1.50
2013.07.26 12:00:31.512,7.87454,7.87601,1.50,1.50
2013.07.26 12:00:31.630,7.87444,7.87596,2.10,1.50
2013.07.26 12:00:31.690,7.87444,7.87577,2.10,1.50
2013.07.26 12:00:31.870,7.87409,7.87565,1.50,1.50
2013.07.26 12:00:31.990,7.87395,7.87551,1.50,1.50
2013.07.26 12:00:32.050,7.8739,7.87546,1.50,1.50
2013.07.26 12:00:32.350,7.87388,7.87536,1.50,1.50
2013.07.26 12:00:32.471,7.87388,7.87536,1.50,1.50
2013.07.26 12:00:32.850,7.8738,7.8754,2.70,1.50
2013.07.26 12:00:33.802,7.87378,7.8754,2.78,1.50
2013.07.26 12:00:34.303,7.87378,7.87524,2.03,1.50
2013.07.26 12:00:35.280,7.87377,7.87527,2.25,1.50
2013.07.26 12:00:36.930,7.87377,7.87524,2.25,1.50
2013.07.26 12:00:37.049,7.87377,7.87524,2.25,1.50
2013.07.26 12:00:37.109,7.87375,7.87524,2.33,1.50
2013.07.26 12:00:37.230,7.87373,7.87524,2.33,1.50
2013.07.26 12:00:37.594,7.87373,7.87527,2.33,1.50
2013.07.26 12:00:38.701,7.87373,7.87524,2.33,1.50
2013.07.26 12:00:38.880,7.87369,7.87513,2.85,1.50
2013.07.26 12:00:38.940,7.87369,7.87513,2.85,1.50
2013.07.26 12:00:39.120,7.87367,7.87513,2.55,1.50
2013.07.26 12:00:39.660,7.87363,7.87513,1.73,1.50
2013.07.26 12:00:40.249,7.87363,7.87513,1.73,1.50
2013.07.26 12:00:40.549,7.87353,7.87515,2.78,1.50
2013.07.26 12:00:40.669,7.87356,7.87517,1.50,1.50
2013.07.26 12:00:40.969,7.87356,7.87517,1.50,2.25
2013.07.26 12:00:41.520,7.87348,7.87515,2.40,1.50
2013.07.26 12:00:41.579,7.87348,7.87514,2.40,1.50
2013.07.26 12:00:41.889,7.87346,7.87509,1.65,1.50
2013.07.26 12:00:42.070,7.87342,7.87508,1.95,1.50
2013.07.26 12:00:43.041,7.87344,7.87509,2.78,1.50
2013.07.26 12:00:43.750,7.87348,7.87509,1.80,1.50
2013.07.26 12:00:44.260,7.87355,7.87509,2.63,1.50
2013.07.26 12:00:44.619,7.87359,7.87517,1.73,1.50
2013.07.26 12:00:45.631,7.87341,7.87499,1.50,1.50
2013.07.26 12:00:45.691,7.87333,7.87499,1.50,1.50
2013.07.26 12:00:46.060,7.87338,7.87505,2.18,1.50
2013.07.26 12:00:46.711,7.87339,7.87508,2.93,1.50
2013.07.26 12:00:47.079,7.87345,7.87509,1.73,1.50
2013.07.26 12:00:47.621,7.87349,7.87509,2.25,1.50
2013.07.26 12:00:47.979,7.87355,7.87509,1.95,1.50
2013.07.26 12:00:50.180,7.87365,7.87509,1.50,1.50
2013.07.26 12:00:51.621,7.87365,7.87516,1.50,1.50
2013.07.26 12:00:52.109,7.87367,7.87516,1.50,1.50
2013.07.26 12:00:52.800,7.87367,7.87516,1.50,1.50
2013.07.26 12:00:53.759,7.87366,7.87516,1.50,1.50
2013.07.26 12:00:54.119,7.87367,7.87516,1.50,1.50
2013.07.26 12:00:54.439,7.87367,7.87516,1.50,1.50
2013.07.26 12:00:55.339,7.87366,7.87516,1.50,1.50
2013.07.26 12:00:55.519,7.87367,7.87516,1.50,1.50
2013.07.26 12:00:56.213,7.87367,7.87516,1.50,1.50
2013.07.26 12:00:57.211,7.87366,7.87516,1.50,1.50
2013.07.26 12:00:57.440,7.87374,7.87516,1.50,1.50
2013.07.26 12:00:57.559,7.87377,7.87516,1.50,1.50
2013.07.26 12:00:57.679,7.87377,7.87525,1.50,1.50
2013.07.26 12:00:59.200,7.87378,7.87536,1.50,1.50
2013.07.26 12:01:01.182,7.87377,7.87536,1.50,1.50
2013.07.26 12:01:01.370,7.87384,7.87536,1.50,1.50
2013.07.26 12:01:01.740,7.87388,7.87536,1.50,1.50
2013.07.26 12:01:02.472,7.87384,7.87537,1.50,1.50
2013.07.26 12:01:02.536,7.87384,7.87542,1.50,1.50
2013.07.26 12:01:03.690,7.87383,7.87539,1.50,1.50
2013.07.26 12:01:04.180,7.87383,7.87539,1.50,1.50
2013.07.26 12:01:04.359,7.87383,7.87539,1.50,1.50
2013.07.26 12:01:05.200,7.87392,7.87548,1.50,2.25
2013.07.26 12:01:05.620,7.87382,7.87548,1.73,2.25
2013.07.26 12:01:05.770,7.87384,7.87548,1.50,1.50
2013.07.26 12:01:06.060,7.87382,7.87548,1.80,1.50
2013.07.26 12:01:06.299,7.87373,7.87535,1.50,1.50
2013.07.26 12:01:06.419,7.87369,7.87534,2.03,1.50
2013.07.26 12:01:06.752,7.87369,7.87527,2.18,1.50
2013.07.26 12:01:07.869,7.87376,7.87527,2.85,1.50
2013.07.26 12:01:08.640,7.87378,7.87534,2.85,1.50
2013.07.26 12:01:08.990,7.87382,7.87534,1.65,1.50
2013.07.26 12:01:09.639,7.87378,7.87534,2.55,1.50
2013.07.26 12:01:10.002,7.8738,7.87526,2.55,1.50
2013.07.26 12:01:10.337,7.8738,7.87526,2.55,1.50
2013.07.26 12:01:10.860,7.87373,7.87526,2.78,1.50
2013.07.26 12:01:10.981,7.8738,7.87526,2.70,1.50
2013.07.26 12:01:11.619,7.87379,7.87526,2.55,1.50
2013.07.26 12:01:12.035,7.87367,7.87526,1.50,1.50
2013.07.26 12:01:12.159,7.87367,7.87492,1.50,1.50
2013.07.26 12:01:12.399,7.87247,7.87385,1.50,1.50
2013.07.26 12:01:12.459,7.87238,7.87385,1.50,2.25
2013.07.26 12:01:12.699,7.87198,7.87361,2.25,1.50
2013.07.26 12:01:12.940,7.87192,7.87336,1.65,1.50
2013.07.26 12:01:13.181,7.87152,7.87304,2.93,1.50
2013.07.26 12:01:13.310,7.87152,7.87304,2.93,1.50
2013.07.26 12:01:13.371,7.87141,7.87297,1.95,1.50
2013.07.26 12:01:13.490,7.87138,7.87297,2.93,1.50
2013.07.26 12:01:13.972,7.87138,7.8729,2.93,1.50
2013.07.26 12:01:14.359,7.87138,7.87289,2.93,2.25
2013.07.26 12:01:14.419,7.87138,7.8729,2.93,1.50
2013.07.26 12:01:14.599,7.87138,7.87276,2.93,1.50
2013.07.26 12:01:14.899,7.87117,7.87269,2.93,1.50
2013.07.26 12:01:15.020,7.8711,7.87269,2.55,1.50
2013.07.26 12:01:16.189,7.8711,7.87267,2.55,1.50
2013.07.26 12:01:17.770,7.87093,7.87267,2.93,1.50
2013.07.26 12:01:18.239,7.87108,7.87267,2.40,1.50
2013.07.26 12:01:19.000,7.87108,7.87267,2.40,1.50
2013.07.26 12:01:19.960,7.87108,7.87272,2.40,1.69
2013.07.26 12:01:20.079,7.87098,7.87272,1.65,1.69
2013.07.26 12:01:22.821,7.87098,7.87249,1.65,1.50
2013.07.26 12:01:23.060,7.87047,7.87207,1.50,1.50
2013.07.26 12:01:24.359,7.87047,7.872,1.50,1.50
2013.07.26 12:01:26.641,7.87047,7.872,1.50,1.50
2013.07.26 12:01:34.410,7.87047,7.872,1.50,1.50
2013.07.26 12:01:36.505,7.87047,7.872,1.50,1.50
2013.07.26 12:01:41.180,7.87049,7.87207,1.50,1.50
2013.07.26 12:02:08.460,7.87049,7.87207,1.50,1.50
2013.07.26 12:02:08.881,7.87049,7.872,1.50,1.50
2013.07.26 12:02:10.150,7.87049,7.872,1.50,1.50
2013.07.26 12:02:14.409,7.87049,7.872,1.50,1.50
2013.07.26 12:02:14.650,7.87048,7.8722,1.50,1.50
2013.07.26 12:02:14.771,7.87052,7.8722,1.50,1.50
2013.07.26 12:02:14.891,7.87058,7.87233,1.50,1.50
2013.07.26 12:02:14.952,7.87062,7.87233,1.50,1.50
2013.07.26 12:02:15.667,7.87062,7.87232,1.50,1.50
2013.07.26 12:02:16.192,7.87068,7.87232,1.50,1.50
2013.07.26 12:02:16.261,7.87068,7.87241,1.50,1.50
2013.07.26 12:02:17.439,7.87074,7.87241,2.85,1.50
2013.07.26 12:02:17.620,7.87074,7.87249,2.85,1.50
2013.07.26 12:02:17.860,7.87073,7.87249,1.50,2.25
2013.07.26 12:02:17.921,7.87071,7.87244,2.70,2.25
2013.07.26 12:02:23.920,7.87067,7.87234,1.50,1.50
2013.07.26 12:02:25.311,7.87067,7.87234,1.50,1.50
2013.07.26 12:02:30.103,7.87067,7.87234,1.50,1.50
2013.07.26 12:02:33.780,7.87064,7.87234,2.33,1.50
2013.07.26 12:02:36.560,7.87064,7.87268,2.33,1.69
2013.07.26 12:02:37.272,7.87064,7.87268,2.33,1.69
2013.07.26 12:02:37.411,7.87064,7.87268,2.33,1.69
2013.07.26 12:02:37.529,7.87056,7.87252,1.50,1.69
2013.07.26 12:02:37.651,7.87046,7.87252,2.10,1.69
2013.07.26 12:02:37.770,7.87046,7.87262,2.10,2.29
2013.07.26 12:02:37.829,7.87027,7.87231,1.50,2.78
2013.07.26 12:02:38.073,7.87027,7.87221,1.50,1.50
2013.07.26 12:02:38.262,7.87028,7.87231,1.50,1.50
2013.07.26 12:02:39.010,7.87027,7.87221,1.50,1.50
2013.07.26 12:02:39.250,7.87028,7.87226,1.50,1.50
2013.07.26 12:02:39.370,7.87027,7.87224,1.50,1.50
2013.07.26 12:02:39.490,7.87027,7.87224,1.50,1.50
2013.07.26 12:02:39.901,7.87027,7.87224,1.50,1.50
2013.07.26 12:02:40.538,7.8702,7.87224,2.03,1.69
2013.07.26 12:02:40.601,7.87027,7.87231,2.10,1.69
2013.07.26 12:02:42.110,7.87028,7.8723,1.50,1.69
2013.07.26 12:02:42.171,7.87028,7.8723,1.50,1.69
2013.07.26 12:02:42.230,7.87032,7.87238,1.58,1.69
2013.07.26 12:02:43.151,7.87042,7.87238,1.50,1.69
2013.07.26 12:02:44.191,7.87051,7.87245,1.50,1.69
2013.07.26 12:02:44.882,7.87051,7.87245,1.50,1.69
2013.07.26 12:02:45.200,7.87051,7.87245,1.50,1.69
2013.07.26 12:02:46.140,7.87046,7.8724,1.50,1.50
2013.07.26 12:02:46.321,7.87046,7.8724,1.50,1.50
2013.07.26 12:02:47.170,7.87047,7.87243,1.50,1.69
2013.07.26 12:02:47.460,7.87047,7.87243,1.50,1.69
2013.07.26 12:02:48.093,7.87051,7.87245,1.50,1.69
2013.07.26 12:02:49.096,7.87043,7.87239,1.50,1.50
2013.07.26 12:03:08.670,7.87051,7.87245,1.50,1.69
2013.07.26 12:03:08.730,7.87051,7.87245,1.50,1.69
2013.07.26 12:03:09.232,7.87052,7.87246,1.50,1.69
2013.07.26 12:03:09.605,7.87055,7.87251,1.50,1.69
2013.07.26 12:03:09.911,7.87047,7.87241,1.50,1.69
2013.07.26 12:03:09.970,7.87047,7.87241,1.50,1.69
2013.07.26 12:03:11.200,7.87051,7.87245,1.50,1.69
2013.07.26 12:03:15.470,7.8704,7.87152,2.78,1.69
2013.07.26 12:03:15.590,7.86983,7.87152,1.50,8.44
2013.07.26 12:03:15.650,7.86971,7.87152,1.50,8.44
2013.07.26 12:03:15.770,7.86961,7.87152,2.03,8.44
2013.07.26 12:03:19.500,7.86979,7.87148,2.18,1.69
2013.07.26 12:03:28.679,7.86964,7.8713,2.33,1.50
2013.07.26 12:03:28.740,7.86964,7.8713,2.33,1.69
2013.07.26 12:03:28.799,7.86948,7.87114,1.50,1.69
2013.07.26 12:03:29.037,7.86948,7.87114,1.50,1.69
2013.07.26 12:03:29.221,7.86899,7.87061,1.50,1.50
2013.07.26 12:03:29.280,7.86889,7.87068,1.58,2.40
2013.07.26 12:03:29.340,7.86889,7.87068,1.58,2.59
2013.07.26 12:03:29.700,7.8687,7.87036,1.88,1.69
2013.07.26 12:03:30.500,7.8687,7.87036,1.88,1.69
2013.07.26 12:03:30.860,7.86875,7.87041,2.70,1.69
2013.07.26 12:03:32.422,7.86875,7.87041,2.70,1.69
2013.07.26 12:03:32.540,7.86842,7.8701,2.93,1.69
2013.07.26 12:03:33.451,7.86842,7.8701,2.93,1.69
2013.07.26 12:03:33.630,7.868,7.86968,1.88,1.50
2013.07.26 12:03:33.750,7.86794,7.8696,2.93,1.50
2013.07.26 12:03:34.500,7.86788,7.86955,2.10,1.50
2013.07.26 12:03:36.390,7.86791,7.8696,2.78,1.50
2013.07.26 12:03:36.450,7.86791,7.8696,2.78,1.50
2013.07.26 12:03:36.630,7.868,7.86968,1.50,1.50
2013.07.26 12:03:36.930,7.86798,7.86967,1.65,1.50
2013.07.26 12:03:36.990,7.86798,7.86967,1.65,1.50
2013.07.26 12:03:37.050,7.86796,7.86965,2.10,1.50
2013.07.26 12:03:43.243,7.86794,7.8696,2.63,1.50
2013.07.26 12:03:43.314,7.8679,7.86958,2.18,1.50
2013.07.26 12:03:44.872,7.8679,7.86958,2.18,1.50
2013.07.26 12:03:46.550,7.8679,7.86958,2.18,1.50
2013.07.26 12:03:46.610,7.86781,7.8695,2.48,1.50
2013.07.26 12:03:50.270,7.86798,7.86967,1.88,1.69
2013.07.26 12:03:50.392,7.86798,7.86967,1.88,1.69
2013.07.26 12:03:50.510,7.86798,7.86967,1.88,1.69
2013.07.26 12:03:50.631,7.86808,7.86975,2.85,1.50
2013.07.26 12:03:51.580,7.86814,7.86982,1.80,1.69
2013.07.26 12:03:51.640,7.86814,7.86982,1.80,1.69
2013.07.26 12:03:51.701,7.86814,7.86982,1.80,1.69
2013.07.26 12:03:51.820,7.86773,7.86933,1.50,1.50
2013.07.26 12:03:51.940,7.86768,7.86933,1.50,1.50
2013.07.26 12:03:52.620,7.86767,7.86935,3.15,1.50
2013.07.26 12:03:52.740,7.86767,7.86935,3.15,1.50
2013.07.26 12:03:52.801,7.86786,7.86952,2.93,1.69
2013.07.26 12:03:54.251,7.86796,7.86952,1.50,1.69
2013.07.26 12:03:54.681,7.86796,7.86952,1.50,1.69
2013.07.26 12:03:55.002,7.86807,7.8697,1.50,1.50
2013.07.26 12:03:56.231,7.86812,7.8697,1.50,1.50
2013.07.26 12:03:59.120,7.86847,7.86968,2.70,1.50
2013.07.26 12:03:59.180,7.86847,7.86978,2.70,2.74
2013.07.26 12:03:59.299,7.86847,7.87001,2.10,1.50
2013.07.26 12:03:59.491,7.86857,7.87017,1.50,1.50
2013.07.26 12:03:59.730,7.86858,7.87017,3.00,1.50
2013.07.26 12:04:00.088,7.86874,7.87043,1.50,1.50
2013.07.26 12:04:00.401,7.86832,7.86991,1.50,1.69
2013.07.26 12:04:00.521,7.86832,7.86991,1.50,1.69
2013.07.26 12:04:00.640,7.86842,7.87008,2.48,1.69
2013.07.26 12:04:01.460,7.86842,7.87008,2.48,1.69
2013.07.26 12:04:01.520,7.8684,7.87007,1.65,1.69
2013.07.26 12:04:01.934,7.8684,7.87007,1.65,1.69
2013.07.26 12:04:02.031,7.86832,7.86998,1.73,1.69
2013.07.26 12:04:02.150,7.8687,7.87016,2.18,1.69
2013.07.26 12:04:02.820,7.86863,7.87029,2.18,1.69
2013.07.26 12:04:03.831,7.8686,7.87017,2.10,1.69
2013.07.26 12:04:04.280,7.86839,7.87002,1.50,1.69
2013.07.26 12:04:05.471,7.86836,7.87002,1.50,1.69
2013.07.26 12:04:07.702,7.86836,7.86988,1.50,1.69
2013.07.26 12:04:07.761,7.86836,7.87002,1.50,1.69
2013.07.26 12:04:08.002,7.86836,7.87002,1.50,1.69
2013.07.26 12:04:08.070,7.86835,7.87002,2.55,1.69
2013.07.26 12:04:08.191,7.86825,7.86983,1.50,1.69
2013.07.26 12:04:09.000,7.86825,7.86991,1.50,1.69
2013.07.26 12:04:09.241,7.8683,7.86989,1.50,1.69
2013.07.26 12:04:09.300,7.8683,7.86989,1.50,1.69
2013.07.26 12:04:11.420,7.8683,7.86989,1.50,1.69
2013.07.26 12:04:11.481,7.8683,7.86992,1.50,1.69
2013.07.26 12:04:11.901,7.86829,7.86988,1.50,1.69
2013.07.26 12:04:12.583,7.86826,7.86988,1.50,1.69
2013.07.26 12:04:13.346,7.86819,7.86982,1.50,1.69
2013.07.26 12:04:16.995,7.86819,7.86982,1.50,1.69
2013.07.26 12:04:21.031,7.86816,7.86982,1.50,1.69
2013.07.26 12:04:22.221,7.86819,7.86985,1.35,2.14
2013.07.26 12:04:22.280,7.86819,7.86985,1.35,1.95
2013.07.26 12:04:22.340,7.86851,7.87018,1.50,2.55
2013.07.26 12:04:22.530,7.86853,7.87022,1.50,1.95
2013.07.26 12:04:22.590,7.86853,7.87022,1.50,2.14
2013.07.26 12:04:22.773,7.86855,7.87023,1.50,2.97
2013.07.26 12:04:22.980,7.86855,7.87023,1.50,2.97
2013.07.26 12:04:24.901,7.86858,7.87023,1.50,2.97
2013.07.26 12:04:26.593,7.86868,7.87024,1.50,2.82
2013.07.26 12:04:27.343,7.86868,7.87031,1.50,1.69
2013.07.26 12:04:27.412,7.86868,7.87027,1.50,1.69
2013.07.26 12:04:27.832,7.86858,7.87037,2.85,1.69
2013.07.26 12:04:29.521,7.86867,7.87037,1.50,1.69
2013.07.26 12:04:32.094,7.86867,7.87035,1.50,1.69
2013.07.26 12:04:34.520,7.86867,7.87036,1.50,1.69
2013.07.26 12:04:34.970,7.86867,7.87037,1.50,1.69
2013.07.26 12:04:35.254,7.86867,7.87035,1.50,1.92
2013.07.26 12:04:45.740,7.86867,7.87038,1.50,1.84
2013.07.26 12:04:46.121,7.86872,7.87048,1.73,2.97
2013.07.26 12:04:46.510,7.86872,7.87038,1.73,1.69
2013.07.26 12:04:53.640,7.86816,7.86984,2.85,1.50
2013.07.26 12:04:53.772,7.86816,7.86994,2.85,1.92
2013.07.26 12:04:53.891,7.86792,7.86969,1.50,1.80
2013.07.26 12:04:54.438,7.86793,7.8697,2.03,2.70
2013.07.26 12:04:54.780,7.8679,7.86957,2.48,1.50
2013.07.26 12:04:55.840,7.8678,7.86949,1.73,1.50
2013.07.26 12:05:02.331,7.86783,7.86951,2.40,1.50
2013.07.26 12:05:09.485,7.86782,7.8695,2.78,1.50
2013.07.26 12:05:20.591,7.86768,7.86968,1.50,1.69
2013.07.26 12:05:45.353,7.86772,7.86942,1.50,1.69
2013.07.26 12:05:50.901,7.86772,7.8694,1.50,1.69
2013.07.26 12:05:55.382,7.86772,7.86959,1.50,1.69
2013.07.26 12:06:10.661,7.86784,7.86959,3.23,1.69
2013.07.26 12:06:11.020,7.86794,7.86965,1.50,1.50
2013.07.26 12:06:12.726,7.86811,7.86986,1.50,1.69
2013.07.26 12:06:13.032,7.86821,7.86971,1.50,1.50
2013.07.26 12:06:13.150,7.86821,7.86973,1.50,1.50
2013.07.26 12:06:14.161,7.86821,7.86967,1.50,1.50
2013.07.26 12:06:14.281,7.86785,7.86959,1.50,1.50
2013.07.26 12:06:14.650,7.86773,7.86948,2.25,1.50
2013.07.26 12:06:16.881,7.86773,7.86938,1.50,1.50
2013.07.26 12:07:01.433,7.86767,7.8693,1.50,1.50
2013.07.26 12:07:01.752,7.86767,7.86938,1.50,1.50
2013.07.26 12:07:09.273,7.86733,7.86907,1.50,1.50
2013.07.26 12:07:09.402,7.86728,7.86878,3.00,1.50
2013.07.26 12:07:09.581,7.86731,7.86878,1.50,1.50
2013.07.26 12:07:09.640,7.86758,7.86944,1.50,1.69
2013.07.26 12:07:09.702,7.86758,7.8695,1.50,1.69
2013.07.26 12:07:10.063,7.86764,7.86931,1.50,1.50
2013.07.26 12:07:10.941,7.86764,7.86931,1.50,1.50
2013.07.26 12:07:11.120,7.86747,7.86906,1.50,1.50
2013.07.26 12:07:11.974,7.8675,7.86906,1.50,1.50
2013.07.26 12:07:12.280,7.8676,7.86925,1.50,1.50
2013.07.26 12:07:12.341,7.8676,7.86915,1.50,1.50
2013.07.26 12:07:12.483,7.8676,7.86915,1.50,1.50
2013.07.26 12:07:12.720,7.8676,7.86915,1.50,1.50
2013.07.26 12:07:12.983,7.86741,7.86902,1.50,1.50
2013.07.26 12:07:13.042,7.86728,7.86894,1.50,1.50
2013.07.26 12:07:13.162,7.86727,7.86878,1.50,1.50
2013.07.26 12:07:16.883,7.86747,7.86878,1.73,1.50
2013.07.26 12:07:16.952,7.86747,7.86878,1.73,1.50
2013.07.26 12:07:17.131,7.86757,7.86915,1.50,1.50
2013.07.26 12:07:17.485,7.8675,7.86923,1.50,1.50
2013.07.26 12:07:18.211,7.8675,7.86923,1.50,1.50
2013.07.26 12:07:18.330,7.86748,7.86905,1.50,1.50
2013.07.26 12:07:19.402,7.86749,7.86905,1.50,1.50
2013.07.26 12:07:33.800,7.86748,7.86903,1.50,1.50
2013.07.26 12:07:37.480,7.86748,7.86903,1.50,1.50
2013.07.26 12:07:38.160,7.86747,7.86897,1.50,1.50
2013.07.26 12:07:39.201,7.86747,7.86897,1.50,1.50
2013.07.26 12:07:40.680,7.86743,7.86897,1.50,1.50
2013.07.26 12:07:40.860,7.86727,7.86877,1.50,1.50
2013.07.26 12:07:50.230,7.8672,7.86876,1.50,1.50
2013.07.26 12:07:50.590,7.86721,7.86881,1.50,1.50
2013.07.26 12:07:50.772,7.86721,7.86875,1.50,1.50
2013.07.26 12:07:51.660,7.86721,7.86875,1.50,1.50
2013.07.26 12:07:53.152,7.86723,7.86875,1.50,1.50
2013.07.26 12:07:53.881,7.86721,7.86875,1.50,1.50
2013.07.26 12:07:54.000,7.86712,7.86868,1.50,1.50
2013.07.26 12:07:54.062,7.8671,7.86864,1.50,1.50
2013.07.26 12:07:54.122,7.8671,7.86864,1.50,1.50
2013.07.26 12:07:59.190,7.86682,7.86794,1.50,1.50
2013.07.26 12:07:59.372,7.86636,7.86793,1.50,1.50
2013.07.26 12:07:59.432,7.86626,7.86779,1.80,1.50
2013.07.26 12:07:59.490,7.86626,7.86793,1.80,1.50
2013.07.26 12:07:59.550,7.86626,7.86782,1.80,2.25
2013.07.26 12:07:59.610,7.86621,7.86782,1.65,2.25
2013.07.26 12:08:00.470,7.86621,7.86752,1.65,1.50
2013.07.26 12:08:00.590,7.8661,7.86752,2.78,1.50
2013.07.26 12:08:01.711,7.86599,7.86752,1.88,1.50
2013.07.26 12:08:03.861,7.86596,7.86752,1.50,1.50
2013.07.26 12:08:05.110,7.86586,7.86738,1.88,1.50
2013.07.26 12:08:14.460,7.86584,7.86738,1.50,1.50
2013.07.26 12:08:16.758,7.86584,7.86738,1.50,1.50
2013.07.26 12:08:24.471,7.86584,7.86738,1.50,1.50
2013.07.26 12:08:25.400,7.86576,7.86732,1.50,1.50
2013.07.26 12:08:25.760,7.86482,7.86604,1.35,1.50
2013.07.26 12:08:25.881,7.86519,7.8664,1.50,1.50
2013.07.26 12:08:25.940,7.86511,7.86673,1.69,1.50
2013.07.26 12:08:26.221,7.86511,7.86677,1.69,2.18
2013.07.26 12:08:26.832,7.86529,7.86696,1.50,1.50
2013.07.26 12:08:27.012,7.86529,7.86685,1.50,1.50
2013.07.26 12:08:28.501,7.86536,7.86677,1.58,1.50
2013.07.26 12:08:28.802,7.86536,7.86676,1.58,1.50
2013.07.26 12:08:29.591,7.86539,7.86676,1.80,1.50
2013.07.26 12:08:30.101,7.86539,7.86676,1.80,1.50
2013.07.26 12:08:31.382,7.86539,7.86613,1.80,1.73
2013.07.26 12:08:31.441,7.86478,7.86607,2.25,1.50
2013.07.26 12:08:31.561,7.86478,7.86588,1.50,2.25
2013.07.26 12:08:31.921,7.86407,7.86509,1.41,1.50
2013.07.26 12:08:34.371,7.86408,7.86546,1.38,1.50
2013.07.26 12:08:38.370,7.8639,7.8649,2.46,1.50
2013.07.26 12:08:42.042,7.86392,7.86546,1.50,2.25
2013.07.26 12:08:42.344,7.86392,7.86546,1.50,1.50
2013.07.26 12:08:42.413,7.86398,7.86547,2.48,1.50
2013.07.26 12:08:42.712,7.86422,7.86567,1.95,1.50
2013.07.26 12:08:42.901,7.86422,7.86576,1.95,1.69
2013.07.26 12:08:43.150,7.86422,7.86556,1.95,1.50
2013.07.26 12:08:49.440,7.86422,7.86556,1.95,1.50
2013.07.26 12:08:49.500,7.86388,7.86518,1.50,1.50
2013.07.26 12:08:58.761,7.864,7.86556,1.50,1.50
2013.07.26 12:08:58.821,7.86406,7.86563,1.50,1.50
2013.07.26 12:08:59.270,7.86412,7.86563,1.50,1.69
2013.07.26 12:08:59.330,7.86406,7.86563,1.50,1.69
2013.07.26 12:08:59.990,7.8642,7.86566,1.95,1.69
2013.07.26 12:09:00.110,7.8642,7.86566,1.95,1.50
2013.07.26 12:09:00.351,7.86429,7.86584,1.50,1.50
2013.07.26 12:09:00.410,7.86449,7.86603,1.50,1.50
2013.07.26 12:09:00.471,7.86458,7.86606,1.50,1.50
2013.07.26 12:09:00.531,7.8646,7.86615,1.50,1.50
2013.07.26 12:09:00.650,7.86458,7.86613,1.50,1.50
2013.07.26 12:09:00.892,7.8646,7.86616,1.50,1.50
2013.07.26 12:09:01.311,7.86487,7.86616,1.50,1.50
2013.07.26 12:09:01.371,7.86487,7.86626,1.50,1.58
2013.07.26 12:09:01.431,7.86465,7.86629,1.50,1.50
2013.07.26 12:09:01.554,7.86486,7.86629,1.50,1.50
2013.07.26 12:09:02.198,7.86486,7.86632,1.50,1.88
2013.07.26 12:09:07.680,7.86465,7.86622,1.50,1.50
2013.07.26 12:09:07.800,7.86455,7.86611,1.50,1.50
2013.07.26 12:09:07.920,7.86452,7.86608,1.50,1.50
2013.07.26 12:09:18.372,7.86448,7.86608,1.50,1.50
2013.07.26 12:09:18.802,7.86448,7.86608,1.50,1.69
2013.07.26 12:09:19.291,7.86448,7.86608,1.50,1.50
2013.07.26 12:09:21.361,7.86448,7.86614,1.50,1.69
2013.07.26 12:09:35.451,7.8646,7.86622,1.50,1.50
2013.07.26 12:09:35.630,7.86469,7.8663,2.25,1.50
2013.07.26 12:09:35.751,7.86476,7.86632,1.50,1.50
2013.07.26 12:09:36.641,7.86476,7.86637,1.50,1.50
2013.07.26 12:09:36.891,7.86484,7.86642,1.50,1.50
2013.07.26 12:09:37.070,7.86486,7.86642,1.50,1.50
2013.07.26 12:09:37.931,7.86486,7.86658,1.50,1.69
2013.07.26 12:09:37.991,7.86493,7.86658,1.50,1.69
2013.07.26 12:09:38.410,7.86493,7.86654,1.50,1.69
2013.07.26 12:09:38.651,7.86493,7.86564,1.50,2.07
2013.07.26 12:09:38.774,7.86402,7.86493,1.13,1.50
2013.07.26 12:09:38.840,7.86363,7.86492,2.18,1.50
2013.07.26 12:09:38.901,7.86328,7.86492,1.50,1.69
2013.07.26 12:09:39.021,7.86316,7.86461,1.50,1.50
2013.07.26 12:09:39.080,7.86306,7.86461,1.73,1.69
2013.07.26 12:09:39.201,7.86286,7.86461,1.50,1.69
2013.07.26 12:09:39.260,7.86291,7.86458,1.50,1.69
2013.07.26 12:09:59.901,7.86291,7.86453,1.50,1.50
2013.07.26 12:10:04.225,7.86282,7.86453,1.50,1.50
2013.07.26 12:10:09.375,7.86282,7.86448,1.50,1.69
2013.07.26 12:10:09.821,7.86272,7.86448,1.50,1.50
2013.07.26 12:10:10.031,7.86272,7.86448,1.50,1.50
2013.07.26 12:10:13.730,7.86302,7.86465,1.50,1.50
2013.07.26 12:10:13.790,7.86313,7.86467,1.50,1.50
2013.07.26 12:10:13.850,7.86318,7.86487,2.25,1.50
2013.07.26 12:10:14.211,7.86337,7.86496,1.50,1.50
2013.07.26 12:10:14.700,7.86337,7.86496,1.50,1.50
2013.07.26 12:10:14.881,7.86307,7.8646,2.25,1.69
2013.07.26 12:10:14.941,7.86285,7.86452,1.50,1.69
2013.07.26 12:10:29.991,7.86307,7.86452,2.78,2.25
2013.07.26 12:10:30.301,7.8635,7.86524,1.50,1.50
2013.07.26 12:10:30.361,7.8635,7.86524,1.50,1.50
2013.07.26 12:10:30.421,7.86358,7.86533,1.50,1.69
2013.07.26 12:10:31.450,7.86358,7.86533,1.50,1.69
2013.07.26 12:10:31.631,7.86366,7.8654,1.50,2.25
2013.07.26 12:10:31.751,7.86366,7.8654,1.50,1.50
2013.07.26 12:10:31.871,7.86376,7.86546,1.50,1.50
2013.07.26 12:10:32.401,7.86383,7.86546,1.50,1.50
2013.07.26 12:10:32.580,7.86383,7.86546,1.50,1.50
2013.07.26 12:10:32.881,7.86393,7.86556,1.50,1.50
2013.07.26 12:10:33.991,7.86401,7.86559,1.50,1.50
2013.07.26 12:10:34.171,7.86399,7.86569,1.50,1.50
2013.07.26 12:10:34.942,7.86397,7.86569,1.50,1.50
2013.07.26 12:10:35.302,7.864,7.86573,1.50,1.50
2013.07.26 12:10:35.361,7.864,7.86573,1.50,1.50
2013.07.26 12:10:35.480,7.864,7.86575,1.50,1.50
2013.07.26 12:10:35.930,7.8641,7.86575,1.50,1.50
2013.07.26 12:10:36.590,7.86414,7.86575,1.50,1.50
2013.07.26 12:10:36.903,7.86426,7.86582,1.50,1.50
2013.07.26 12:10:37.472,7.86431,7.86588,1.50,1.50
2013.07.26 12:10:37.832,7.8644,7.86588,2.48,1.50
2013.07.26 12:10:38.131,7.86446,7.866,1.50,1.50
2013.07.26 12:10:38.709,7.86446,7.866,1.50,1.50
2013.07.26 12:10:39.051,7.8644,7.86596,1.50,1.50
2013.07.26 12:10:39.111,7.8642,7.86583,1.50,1.50
2013.07.26 12:10:39.231,7.86419,7.86603,1.50,1.50
2013.07.26 12:10:39.292,7.8642,7.86603,1.50,1.50
2013.07.26 12:10:39.651,7.86428,7.86609,2.25,1.50
2013.07.26 12:10:40.531,7.86432,7.86608,2.40,1.50
2013.07.26 12:10:42.160,7.86376,7.86542,1.69,1.50
2013.07.26 12:10:42.220,7.86376,7.86542,1.50,1.50
2013.07.26 12:10:42.281,7.86359,7.86513,1.50,1.50
2013.07.26 12:10:42.641,7.86371,7.86523,3.12,1.50
2013.07.26 12:10:42.701,7.86379,7.86543,1.50,1.50
2013.07.26 12:10:42.820,7.86371,7.86539,2.93,1.50
2013.07.26 12:10:43.131,7.86376,7.86528,1.95,1.50
2013.07.26 12:10:43.490,7.86366,7.8654,2.85,1.50
2013.07.26 12:10:43.696,7.86366,7.8654,1.50,1.50
2013.07.26 12:10:44.161,7.86366,7.8654,1.50,1.50
2013.07.26 12:10:44.462,7.8636,7.8653,2.10,1.50
2013.07.26 12:10:44.770,7.86366,7.8653,1.58,1.50
2013.07.26 12:10:44.831,7.86366,7.86537,1.58,1.50
2013.07.26 12:10:45.171,7.86366,7.86537,1.58,1.50
2013.07.26 12:10:45.473,7.86352,7.8652,2.78,1.50
2013.07.26 12:10:45.532,7.86352,7.865,2.78,1.50
2013.07.26 12:10:45.841,7.86316,7.86496,3.00,1.50
2013.07.26 12:10:45.901,7.86316,7.86476,1.50,1.50
2013.07.26 12:10:46.140,7.86316,7.86476,1.50,1.50
2013.07.26 12:10:46.681,7.86313,7.86467,1.50,1.50
2013.07.26 12:10:47.301,7.86306,7.86461,2.48,1.50
2013.07.26 12:10:47.361,7.86305,7.86461,1.50,1.50
2013.07.26 12:10:47.480,7.86305,7.86461,1.50,1.50
2013.07.26 12:10:47.810,7.86305,7.86461,1.50,1.50
2013.07.26 12:10:47.931,7.86305,7.86461,1.50,1.50
2013.07.26 12:10:48.501,7.86305,7.86452,1.50,2.25
2013.07.26 12:10:48.561,7.86252,7.86402,1.50,1.69
2013.07.26 12:10:48.620,7.86239,7.86379,2.85,1.50
2013.07.26 12:10:48.680,7.86268,7.86398,1.35,1.50
2013.07.26 12:10:48.860,7.86284,7.86398,1.50,1.50
2013.07.26 12:10:48.921,7.86284,7.86438,1.50,1.50
2013.07.26 12:10:48.981,7.86284,7.86453,1.50,1.50
2013.07.26 12:10:49.043,7.86284,7.86442,1.50,1.50
2013.07.26 12:10:49.103,7.86317,7.86464,2.10,1.50
2013.07.26 12:10:50.011,7.86317,7.86464,2.10,1.50
2013.07.26 12:10:50.070,7.86297,7.86464,1.50,1.50
2013.07.26 12:10:50.870,7.86295,7.86458,1.50,1.50
2013.07.26 12:10:51.931,7.86296,7.86402,1.50,3.75
2013.07.26 12:10:51.991,7.86268,7.86402,1.50,3.75
2013.07.26 12:10:52.110,7.86256,7.86402,1.50,4.50
2013.07.26 12:10:52.171,7.86211,7.86366,1.50,1.50
2013.07.26 12:10:52.231,7.8621,7.86366,1.50,1.50
2013.07.26 12:10:52.351,7.8621,7.86366,1.50,1.50
2013.07.26 12:10:56.901,7.86206,7.86366,1.50,1.50
2013.07.26 12:11:12.241,7.86193,7.86347,2.78,1.50
2013.07.26 12:11:12.300,7.86193,7.86347,2.78,1.50
2013.07.26 12:11:12.360,7.86189,7.86347,1.55,1.50
2013.07.26 12:11:12.419,7.86181,7.86334,1.55,1.50
2013.07.26 12:11:12.481,7.8618,7.86334,1.50,1.50
2013.07.26 12:11:12.630,7.86203,7.86352,1.50,1.50
2013.07.26 12:11:12.690,7.86171,7.86326,1.73,1.50
2013.07.26 12:11:13.451,7.86171,7.86326,1.73,1.50
2013.07.26 12:11:14.672,7.8617,7.86326,1.50,1.50
2013.07.26 12:11:14.791,7.8618,7.86339,1.50,1.50
2013.07.26 12:11:14.850,7.86186,7.86359,1.50,1.50
2013.07.26 12:11:17.771,7.86205,7.86367,1.50,1.50
2013.07.26 12:11:17.831,7.86248,7.86417,1.50,1.50
2013.07.26 12:11:18.130,7.86258,7.86417,1.50,1.50
2013.07.26 12:11:18.971,7.86258,7.86433,1.50,1.50
2013.07.26 12:11:19.032,7.86265,7.8644,1.50,1.50
2013.07.26 12:11:31.914,7.86282,7.86438,1.50,1.50
2013.07.26 12:11:32.695,7.86282,7.86438,1.50,1.50
2013.07.26 12:11:33.252,7.86282,7.86438,1.50,1.50
2013.07.26 12:11:33.315,7.86282,7.86438,1.50,1.50
2013.07.26 12:11:34.782,7.86282,7.86438,2.25,1.50
2013.07.26 12:11:39.653,7.86282,7.86438,1.50,1.50
2013.07.26 12:11:39.771,7.86319,7.86442,2.70,1.50
2013.07.26 12:11:39.831,7.86319,7.86458,2.70,1.50
2013.07.26 12:11:39.891,7.86319,7.86464,2.70,1.50
2013.07.26 12:11:40.011,7.86352,7.86483,2.48,1.50
2013.07.26 12:11:40.255,7.86352,7.8649,2.48,1.50
2013.07.26 12:11:40.381,7.86386,7.865,1.58,1.69
2013.07.26 12:11:40.891,7.86386,7.865,1.58,1.50
2013.07.26 12:11:41.141,7.86369,7.865,2.55,1.50
2013.07.26 12:11:41.201,7.86369,7.86511,2.55,1.50
2013.07.26 12:11:41.261,7.86375,7.86511,2.93,1.50
2013.07.26 12:11:41.441,7.86375,7.86508,2.93,1.50
2013.07.26 12:11:41.793,7.8638,7.86508,2.25,1.50
2013.07.26 12:11:43.751,7.8638,7.86508,2.25,1.50
2013.07.26 12:11:43.871,7.86321,7.86467,1.50,1.50
2013.07.26 12:11:43.931,7.86314,7.86467,2.25,1.50
2013.07.26 12:11:44.260,7.86314,7.86467,1.50,1.50
2013.07.26 12:11:44.320,7.86314,7.86467,1.50,1.50
2013.07.26 12:11:44.833,7.86314,7.86467,1.50,1.50
2013.07.26 12:11:47.182,7.86314,7.86466,1.50,1.35
2013.07.26 12:11:47.421,7.8622,7.86372,1.50,3.00
2013.07.26 12:11:47.481,7.86221,7.86377,1.50,1.50
2013.07.26 12:11:47.965,7.86274,7.8641,1.50,2.70
2013.07.26 12:11:48.091,7.86269,7.8641,1.50,2.70
2013.07.26 12:11:48.151,7.86269,7.8642,1.50,1.50
2013.07.26 12:11:48.841,7.86269,7.8642,1.50,1.50
2013.07.26 12:11:49.142,7.86269,7.86423,1.50,2.25
2013.07.26 12:11:49.323,7.86269,7.86423,1.50,1.50
2013.07.26 12:11:50.431,7.86268,7.86423,1.50,1.50
2013.07.26 12:11:57.590,7.86268,7.86424,2.25,1.50
2013.07.26 12:12:00.052,7.86268,7.86424,2.25,1.50
2013.07.26 12:12:03.079,7.86268,7.86421,1.50,1.50
2013.07.26 12:12:03.203,7.86269,7.86425,1.50,1.50
2013.07.26 12:12:03.706,7.86268,7.86425,1.50,1.50
2013.07.26 12:12:04.563,7.86267,7.86425,1.50,1.50
2013.07.26 12:12:07.701,7.86269,7.86425,1.50,1.50
2013.07.26 12:12:07.822,7.86273,7.86426,1.50,1.50
2013.07.26 12:12:07.942,7.86269,7.86425,1.50,1.50
2013.07.26 12:12:08.671,7.86269,7.86425,1.50,1.50
2013.07.26 12:12:09.561,7.86269,7.86425,1.50,1.50
2013.07.26 12:12:12.011,7.86269,7.86425,2.25,1.50
2013.07.26 12:12:12.372,7.86269,7.86425,1.50,1.50
2013.07.26 12:12:13.194,7.86269,7.86425,2.25,1.50
2013.07.26 12:12:14.461,7.86269,7.86425,2.25,1.50
2013.07.26 12:12:14.700,7.86269,7.86425,1.50,1.50
2013.07.26 12:12:15.216,7.86269,7.86425,1.50,1.50
2013.07.26 12:12:23.110,7.86265,7.86416,1.50,1.50
2013.07.26 12:12:23.621,7.86269,7.86425,1.50,1.50
2013.07.26 12:12:25.181,7.86269,7.86425,1.50,1.69
2013.07.26 12:12:25.300,7.86248,7.86402,1.50,1.50
2013.07.26 12:12:25.541,7.86248,7.86406,1.50,1.50
2013.07.26 12:12:26.252,7.86244,7.86398,1.50,1.50
2013.07.26 12:12:28.451,7.86248,7.86406,1.50,1.50
2013.07.26 12:12:28.512,7.86277,7.86416,1.50,1.50
2013.07.26 12:12:28.572,7.86281,7.86416,1.50,1.50
2013.07.26 12:12:28.813,7.86281,7.86413,1.50,2.93
2013.07.26 12:12:28.883,7.86244,7.864,2.25,1.50
2013.07.26 12:12:28.954,7.86244,7.864,1.50,1.50
2013.07.26 12:12:29.013,7.86244,7.864,1.50,1.50
2013.07.26 12:12:29.914,7.86243,7.86396,1.50,1.50
2013.07.26 12:12:32.474,7.86247,7.86396,1.50,1.50
2013.07.26 12:12:32.781,7.86268,7.86396,1.50,1.50
2013.07.26 12:12:32.841,7.86268,7.86396,1.50,1.50
2013.07.26 12:12:32.961,7.86243,7.86396,1.50,1.50
2013.07.26 12:12:35.042,7.86236,7.86394,1.50,1.50
2013.07.26 12:12:35.341,7.86238,7.86394,1.50,1.50
2013.07.26 12:12:37.221,7.8624,7.86394,1.50,1.50
2013.07.26 12:12:37.341,7.86266,7.86422,1.50,1.50
2013.07.26 12:12:37.862,7.86273,7.86426,1.50,1.50
2013.07.26 12:12:38.091,7.86261,7.8642,1.50,1.50
2013.07.26 12:12:38.801,7.86259,7.86413,1.50,1.50
2013.07.26 12:12:39.122,7.86243,7.86396,1.50,1.50
2013.07.26 12:12:41.621,7.86239,7.86395,1.50,1.50
2013.07.26 12:12:46.532,7.86239,7.86395,1.50,1.50
2013.07.26 12:12:49.762,7.86229,7.86374,2.33,1.50
2013.07.26 12:12:49.821,7.86223,7.86374,2.03,1.50
2013.07.26 12:12:49.941,7.86221,7.86351,2.33,1.50
2013.07.26 12:12:50.121,7.86231,7.86385,1.50,2.25
2013.07.26 12:12:50.181,7.86235,7.86389,1.50,1.50
2013.07.26 12:12:50.954,7.86231,7.86377,1.50,1.50
2013.07.26 12:12:51.202,7.86231,7.86387,1.50,1.50
2013.07.26 12:12:51.652,7.86231,7.86379,1.50,1.50
2013.07.26 12:12:52.582,7.86232,7.86387,1.50,1.50
2013.07.26 12:12:52.642,7.86219,7.86375,2.25,1.50
2013.07.26 12:12:53.503,7.86232,7.86388,2.25,1.50
2013.07.26 12:12:53.631,7.86237,7.86391,1.50,1.50
2013.07.26 12:12:57.191,7.86287,7.86391,1.13,1.50
2013.07.26 12:12:57.370,7.8635,7.86501,1.50,1.50
2013.07.26 12:12:57.550,7.86356,7.86502,1.50,2.10
2013.07.26 12:12:57.910,7.86363,7.86502,1.50,2.10
2013.07.26 12:12:58.211,7.86304,7.8646,1.50,1.50
2013.07.26 12:12:58.331,7.86304,7.8646,1.50,1.50
2013.07.26 12:12:58.391,7.86304,7.8646,1.50,1.50
2013.07.26 12:12:58.511,7.86304,7.8646,1.50,1.50
2013.07.26 12:12:59.411,7.86304,7.8646,1.50,1.50
2013.07.26 12:12:59.711,7.86301,7.86458,1.50,1.50
2013.07.26 12:13:03.271,7.86301,7.86458,1.50,1.50
2013.07.26 12:13:03.392,7.86281,7.8644,1.50,1.50
2013.07.26 12:13:07.891,7.86288,7.8644,1.80,1.50
2013.07.26 12:13:08.251,7.8632,7.86439,1.50,1.50
2013.07.26 12:13:08.371,7.86285,7.86442,1.50,2.25
2013.07.26 12:13:08.431,7.86288,7.86442,1.50,1.50
2013.07.26 12:13:08.651,7.86288,7.86442,1.50,1.50
2013.07.26 12:13:09.245,7.86285,7.86436,1.50,1.50
2013.07.26 12:13:09.550,7.86278,7.86436,1.50,1.50
2013.07.26 12:13:14.511,7.86276,7.86428,1.50,1.50
2013.07.26 12:13:29.031,7.86276,7.86441,1.50,1.69
2013.07.26 12:13:39.672,7.86285,7.86452,1.50,1.69
2013.07.26 12:13:39.731,7.86314,7.86461,1.50,1.50
2013.07.26 12:13:39.790,7.86314,7.86485,1.50,1.50
2013.07.26 12:13:39.851,7.86346,7.86495,1.50,2.78
2013.07.26 12:13:40.121,7.86346,7.86455,1.50,2.40
2013.07.26 12:13:40.361,7.86271,7.86439,1.50,1.50
2013.07.26 12:13:40.481,7.8628,7.86439,1.50,1.50
2013.07.26 12:13:40.722,7.86284,7.86439,1.50,1.50
2013.07.26 12:13:41.661,7.86275,7.86439,1.50,1.50
2013.07.26 12:13:41.963,7.86287,7.86439,1.35,1.50
2013.07.26 12:13:42.081,7.86341,7.86497,1.50,1.50
2013.07.26 12:13:42.141,7.86345,7.86498,1.50,1.50
2013.07.26 12:13:42.901,7.86345,7.86457,1.50,1.88
2013.07.26 12:13:43.082,7.86272,7.86443,1.50,1.50
2013.07.26 12:13:43.443,7.86281,7.86443,1.50,1.50
2013.07.26 12:13:43.891,7.86285,7.86443,1.50,1.50
2013.07.26 12:13:45.042,7.86275,7.86443,1.50,1.50
2013.07.26 12:13:45.552,7.86303,7.86457,1.50,1.50
2013.07.26 12:13:45.677,7.86324,7.86478,1.50,1.50
2013.07.26 12:13:47.181,7.86324,7.86484,1.50,1.50
2013.07.26 12:13:47.361,7.86343,7.86494,1.50,2.40
2013.07.26 12:13:47.421,7.86343,7.86499,1.50,1.69
2013.07.26 12:13:49.201,7.86345,7.86499,1.50,1.69
2013.07.26 12:13:51.231,7.86348,7.86511,1.50,1.69
2013.07.26 12:13:51.291,7.86352,7.86514,1.50,1.69
2013.07.26 12:13:51.411,7.86363,7.86522,1.50,1.69
2013.07.26 12:13:51.794,7.86368,7.86522,1.50,1.69
2013.07.26 12:13:53.581,7.86368,7.86521,2.25,1.24
2013.07.26 12:13:54.338,7.86368,7.86488,1.50,2.16
2013.07.26 12:13:55.905,7.86368,7.86488,1.50,2.16
2013.07.26 12:13:56.730,7.86368,7.86488,1.50,2.16
2013.07.26 12:13:57.633,7.8635,7.86488,1.50,2.16
2013.07.26 12:13:58.133,7.86368,7.86488,1.50,2.07
2013.07.26 12:13:58.728,7.86368,7.86488,1.50,2.07
2013.07.26 12:13:58.833,7.86368,7.86488,1.50,1.86
2013.07.26 12:13:59.052,7.86374,7.86488,1.50,2.07
2013.07.26 12:13:59.559,7.86377,7.86488,1.50,2.07
2013.07.26 12:14:00.181,7.86377,7.86488,1.50,1.86
2013.07.26 12:14:00.301,7.86377,7.86531,1.50,1.69
2013.07.26 12:14:00.652,7.86377,7.86532,1.50,1.50
2013.07.26 12:14:01.223,7.86374,7.86528,1.50,1.50
2013.07.26 12:14:01.862,7.86398,7.86528,1.50,1.50
2013.07.26 12:14:01.981,7.86398,7.86548,1.50,1.50
2013.07.26 12:14:02.101,7.86398,7.86567,2.25,2.33
2013.07.26 12:14:02.162,7.86398,7.86583,2.25,1.50
2013.07.26 12:14:02.541,7.86408,7.86591,1.50,1.50
2013.07.26 12:14:02.901,7.86428,7.86592,1.50,1.13
2013.07.26 12:14:03.212,7.86438,7.86592,1.50,1.13
2013.07.26 12:14:03.513,7.86438,7.86593,1.50,1.13
2013.07.26 12:14:03.851,7.86461,7.86593,1.50,1.13
2013.07.26 12:14:05.673,7.86481,7.86593,1.50,1.13
2013.07.26 12:14:05.982,7.86492,7.86646,1.50,1.50
2013.07.26 12:14:06.101,7.86503,7.86677,1.50,1.50
2013.07.26 12:14:06.282,7.86507,7.86677,1.50,1.50
2013.07.26 12:14:06.402,7.8651,7.86692,2.25,1.50
2013.07.26 12:14:08.232,7.8654,7.86692,1.50,1.50
2013.07.26 12:14:09.382,7.8654,7.86674,1.50,1.50
2013.07.26 12:14:09.710,7.86531,7.86674,1.50,1.50
2013.07.26 12:14:10.213,7.86531,7.86674,1.50,1.50
2013.07.26 12:14:10.792,7.86528,7.86687,1.50,1.50
2013.07.26 12:14:10.854,7.86523,7.86677,1.50,1.50
2013.07.26 12:14:18.021,7.86518,7.86677,1.50,1.50
2013.07.26 12:14:18.101,7.86518,7.86677,1.50,1.50
2013.07.26 12:14:18.167,7.86518,7.86685,1.50,1.50
2013.07.26 12:14:20.671,7.86498,7.86671,2.25,1.50
2013.07.26 12:14:20.731,7.86498,7.86671,1.50,1.50
2013.07.26 12:14:20.791,7.86498,7.86661,1.50,1.50
2013.07.26 12:14:21.932,7.86496,7.86671,1.50,1.50
2013.07.26 12:14:21.992,7.86488,7.86664,1.50,1.50
2013.07.26 12:14:22.051,7.86488,7.86664,1.50,1.50
2013.07.26 12:14:27.241,7.86488,7.86664,1.50,1.50
2013.07.26 12:14:27.362,7.86473,7.86649,1.50,1.69
2013.07.26 12:14:27.541,7.86436,7.86611,1.50,1.50
2013.07.26 12:14:27.782,7.86436,7.86611,1.50,1.50
2013.07.26 12:14:27.961,7.86446,7.8662,1.50,1.50
2013.07.26 12:14:28.774,7.86446,7.8662,1.50,1.50
2013.07.26 12:14:29.022,7.86434,7.8661,1.50,1.50
2013.07.26 12:14:29.143,7.86443,7.86617,1.50,1.50
2013.07.26 12:14:29.203,7.86443,7.86617,1.50,1.50
2013.07.26 12:14:29.552,7.86443,7.86617,1.50,1.50
2013.07.26 12:14:30.202,7.86443,7.86617,1.50,1.50
2013.07.26 12:14:30.581,7.86443,7.86609,1.50,1.50
2013.07.26 12:14:30.762,7.86433,7.86609,1.50,1.50
2013.07.26 12:14:31.721,7.86433,7.86609,1.50,1.50
2013.07.26 12:14:32.263,7.86424,7.86599,1.50,1.50
2013.07.26 12:14:32.321,7.86424,7.86599,1.50,1.50
2013.07.26 12:14:32.505,7.86417,7.86592,1.50,1.50
2013.07.26 12:14:33.313,7.86417,7.86592,1.50,1.50
2013.07.26 12:14:38.536,7.86417,7.86592,1.50,1.69
2013.07.26 12:14:38.754,7.86414,7.8657,1.50,1.50
2013.07.26 12:14:38.822,7.86387,7.86541,1.50,1.50
2013.07.26 12:14:38.881,7.86366,7.86541,2.25,1.50
2013.07.26 12:14:39.061,7.86374,7.86549,1.50,1.50
2013.07.26 12:14:39.121,7.86393,7.86568,2.25,1.50
2013.07.26 12:14:39.241,7.86402,7.86577,1.50,1.50
2013.07.26 12:14:40.012,7.864,7.86554,1.50,1.50
2013.07.26 12:14:40.071,7.86379,7.86554,1.50,1.50
2013.07.26 12:14:40.193,7.86382,7.86541,1.50,1.50
2013.07.26 12:14:40.432,7.86403,7.86577,1.50,1.69
2013.07.26 12:14:40.742,7.86411,7.86586,1.50,1.69
2013.07.26 12:14:40.861,7.86411,7.86586,1.50,1.50
2013.07.26 12:14:41.661,7.86394,7.86564,1.50,1.50
2013.07.26 12:14:41.782,7.86389,7.86564,1.50,1.50
2013.07.26 12:14:41.842,7.86368,7.86543,1.50,1.50
2013.07.26 12:14:43.761,7.86368,7.86531,1.50,1.50
2013.07.26 12:14:48.411,7.86398,7.86551,1.50,1.50
2013.07.26 12:14:48.531,7.86411,7.8658,1.50,1.50
2013.07.26 12:14:48.591,7.86447,7.86592,1.50,1.50
2013.07.26 12:14:50.021,7.86447,7.86603,1.50,1.69
2013.07.26 12:14:50.081,7.86414,7.86589,1.50,1.69
2013.07.26 12:14:50.141,7.86382,7.86538,1.50,1.50
2013.07.26 12:14:50.202,7.86363,7.86538,1.50,1.50
2013.07.26 12:14:50.322,7.86358,7.86531,1.50,1.50
2013.07.26 12:14:53.222,7.86355,7.86539,3.00,1.50
2013.07.26 12:14:53.512,7.86364,7.86539,1.50,1.50
2013.07.26 12:14:55.014,7.86371,7.86547,1.50,1.50
2013.07.26 12:14:58.901,7.86378,7.86513,1.50,2.33
2013.07.26 12:14:59.202,7.86285,7.86481,1.50,1.50
2013.07.26 12:14:59.262,7.86292,7.86488,1.50,1.50
2013.07.26 12:14:59.443,7.86328,7.86522,1.50,1.50
2013.07.26 12:15:01.000,7.86328,7.86502,1.50,16.50
2013.07.26 12:15:01.303,7.86282,7.86478,1.50,1.69
2013.07.26 12:15:01.625,7.86272,7.86465,1.50,1.69
2013.07.26 12:15:01.932,7.86253,7.86429,1.50,2.25
2013.07.26 12:15:02.291,7.86322,7.86491,1.50,1.50
2013.07.26 12:15:02.351,7.86344,7.865,1.50,1.50
2013.07.26 12:15:02.411,7.86353,7.86497,1.50,2.48
2013.07.26 12:15:02.712,7.86352,7.86487,1.50,1.50
2013.07.26 12:15:03.011,7.86352,7.86497,1.50,2.48
2013.07.26 12:15:03.392,7.86352,7.86504,1.50,2.93
2013.07.26 12:15:03.512,7.86352,7.86508,1.50,2.78
2013.07.26 12:15:03.753,7.86352,7.86508,1.50,2.78
2013.07.26 12:15:03.814,7.86359,7.86514,1.50,1.88
2013.07.26 12:15:04.062,7.86359,7.86519,1.50,2.25
2013.07.26 12:15:04.590,7.86349,7.86519,1.50,2.25
2013.07.26 12:15:04.654,7.8637,7.86519,1.50,2.25
2013.07.26 12:15:04.782,7.8637,7.86523,1.50,1.73
2013.07.26 12:15:04.842,7.8637,7.86523,1.50,1.73
2013.07.26 12:15:04.963,7.8637,7.86524,1.50,1.50
2013.07.26 12:15:05.204,7.8637,7.86524,1.50,1.50
2013.07.26 12:15:05.392,7.86372,7.86526,1.50,1.50
2013.07.26 12:15:05.512,7.86372,7.86526,1.50,1.50
2013.07.26 12:15:06.045,7.8639,7.8654,1.50,2.40
2013.07.26 12:15:06.113,7.8638,7.8653,1.50,1.50
2013.07.26 12:15:06.233,7.86373,7.86533,1.50,1.50
2013.07.26 12:15:06.891,7.86373,7.8654,1.50,1.69
2013.07.26 12:15:07.492,7.86381,7.86548,1.50,1.50
2013.07.26 12:15:07.622,7.86383,7.86551,1.50,2.25
2013.07.26 12:15:07.682,7.86376,7.86551,1.50,2.25
2013.07.26 12:15:07.984,7.86376,7.86551,1.50,1.50
2013.07.26 12:15:08.602,7.8637,7.86551,1.50,1.50
2013.07.26 12:15:09.324,7.8637,7.86532,1.50,1.69
2013.07.26 12:15:09.843,7.86381,7.86537,1.50,1.50
2013.07.26 12:15:09.903,7.86374,7.86537,1.50,1.50
2013.07.26 12:15:10.261,7.86374,7.86549,1.50,1.69
2013.07.26 12:15:10.381,7.86374,7.86545,1.50,1.69
2013.07.26 12:15:10.502,7.86374,7.86549,1.50,1.69
2013.07.26 12:15:10.812,7.86382,7.86549,1.50,1.50
2013.07.26 12:15:10.873,7.86405,7.86559,1.50,1.50
2013.07.26 12:15:11.051,7.86405,7.86576,1.50,1.69
2013.07.26 12:15:11.291,7.86405,7.86572,1.50,1.50
2013.07.26 12:15:11.413,7.86398,7.86572,1.50,1.50
2013.07.26 12:15:12.223,7.8639,7.86572,1.50,1.69
2013.07.26 12:15:12.284,7.8638,7.86546,1.50,1.50
2013.07.26 12:15:12.402,7.8637,7.86533,1.50,1.50
2013.07.26 12:15:12.462,7.86368,7.86529,1.50,1.50
2013.07.26 12:15:12.582,7.8636,7.86529,1.50,1.50
2013.07.26 12:15:18.582,7.8634,7.86514,1.50,1.50
2013.07.26 12:15:18.642,7.86336,7.86507,1.50,1.50
2013.07.26 12:15:29.801,7.86336,7.86503,1.50,1.58
2013.07.26 12:15:35.372,7.86332,7.86503,1.50,1.50
2013.07.26 12:15:36.412,7.86332,7.86476,1.50,1.50
2013.07.26 12:15:36.471,7.86312,7.86473,2.25,1.50
2013.07.26 12:15:36.652,7.86292,7.86463,1.50,1.50
2013.07.26 12:15:36.836,7.86292,7.86462,1.50,1.50
2013.07.26 12:15:37.550,7.86292,7.86448,1.50,1.05
2013.07.26 12:15:37.926,7.86284,7.8644,1.50,1.35
2013.07.26 12:15:38.503,7.86284,7.8644,1.50,1.35
2013.07.26 12:15:38.762,7.86284,7.86455,1.50,1.50
2013.07.26 12:15:38.822,7.86295,7.86462,1.50,1.69
2013.07.26 12:15:38.882,7.86304,7.86462,1.50,1.69
2013.07.26 12:15:39.002,7.86304,7.86462,1.50,1.69
2013.07.26 12:15:39.743,7.86295,7.86458,1.50,1.50
2013.07.26 12:15:43.432,7.86295,7.86451,1.50,1.50
2013.07.26 12:15:43.632,7.86292,7.86451,1.50,1.50
2013.07.26 12:15:52.342,7.86334,7.86477,1.50,1.50
2013.07.26 12:15:52.402,7.86334,7.86479,1.50,1.50
2013.07.26 12:15:52.712,7.86344,7.865,1.50,2.03
2013.07.26 12:15:53.021,7.86344,7.86511,1.50,2.63
2013.07.26 12:15:53.501,7.86344,7.86511,1.50,2.63
2013.07.26 12:15:53.561,7.86355,7.8652,1.50,2.93
2013.07.26 12:15:53.741,7.86355,7.8652,1.50,2.93
2013.07.26 12:15:53.872,7.86355,7.86524,1.50,1.50
2013.07.26 12:15:53.992,7.8637,7.86527,1.50,2.70
2013.07.26 12:15:54.112,7.8637,7.86534,1.50,2.33
2013.07.26 12:15:54.291,7.8637,7.86525,1.50,1.50
2013.07.26 12:15:54.531,7.86355,7.86527,1.50,1.50
2013.07.26 12:15:55.481,7.86355,7.86547,1.50,1.69
2013.07.26 12:15:55.721,7.86366,7.86535,1.50,1.50
2013.07.26 12:15:55.841,7.8637,7.86535,1.50,1.50
2013.07.26 12:15:56.202,7.86443,7.86604,1.50,2.25
2013.07.26 12:15:56.262,7.86459,7.86625,1.50,1.50
2013.07.26 12:15:56.383,7.86459,7.86629,1.50,1.50
2013.07.26 12:15:56.741,7.86393,7.8657,1.50,1.50
2013.07.26 12:15:57.043,7.86396,7.8657,1.50,1.50
2013.07.26 12:15:57.282,7.86392,7.8657,1.50,1.50
2013.07.26 12:15:57.401,7.86379,7.86575,1.50,1.69
2013.07.26 12:15:57.462,7.8637,7.86582,1.50,1.69
2013.07.26 12:15:57.521,7.8637,7.8658,1.50,1.69
2013.07.26 12:15:58.531,7.86359,7.86575,2.25,1.69
2013.07.26 12:15:58.592,7.86344,7.86575,1.50,1.69
2013.07.26 12:15:58.832,7.86324,7.86576,1.69,1.69
2013.07.26 12:15:58.893,7.86344,7.86565,1.50,1.69
2013.07.26 12:15:59.252,7.86338,7.8649,2.25,1.50
2013.07.26 12:15:59.431,7.86318,7.86481,2.25,1.69
2013.07.26 12:15:59.563,7.86287,7.86477,1.50,1.69
2013.07.26 12:16:00.053,7.86277,7.86465,2.25,1.69
2013.07.26 12:16:00.112,7.86269,7.86465,1.50,1.69
2013.07.26 12:16:00.173,7.86277,7.86456,1.50,1.69
2013.07.26 12:16:00.921,7.86278,7.86459,1.50,1.50
2013.07.26 12:16:01.101,7.86297,7.86491,1.50,1.50
2013.07.26 12:16:01.161,7.86322,7.86501,1.50,1.50
2013.07.26 12:16:01.281,7.86342,7.86501,1.50,1.50
2013.07.26 12:16:01.641,7.86344,7.86501,1.50,2.48
2013.07.26 12:16:01.821,7.86344,7.86507,1.50,2.93
2013.07.26 12:16:02.181,7.86344,7.86515,1.50,1.65
2013.07.26 12:16:02.361,7.8635,7.86522,1.50,1.50
2013.07.26 12:16:02.421,7.86346,7.86532,1.50,2.63
2013.07.26 12:16:02.481,7.86346,7.86532,1.50,2.63
2013.07.26 12:16:02.601,7.86364,7.86556,1.50,3.12
2013.07.26 12:16:02.663,7.86378,7.86556,1.50,2.93
2013.07.26 12:16:02.791,7.86378,7.86563,1.50,2.10
2013.07.26 12:16:03.161,7.86378,7.86583,1.50,1.69
2013.07.26 12:16:03.962,7.86378,7.8659,1.50,1.69
2013.07.26 12:16:04.201,7.86341,7.86571,1.50,1.69
2013.07.26 12:16:04.501,7.86346,7.86561,1.50,1.69
2013.07.26 12:16:04.561,7.86347,7.86561,1.50,1.69
2013.07.26 12:16:04.885,7.86358,7.86572,1.50,1.69
2013.07.26 12:16:05.691,7.86358,7.86572,1.50,2.44
2013.07.26 12:16:06.171,7.86349,7.8657,1.50,1.69
2013.07.26 12:16:06.351,7.86356,7.8657,1.50,1.69
2013.07.26 12:16:06.711,7.8636,7.86569,1.50,1.69
2013.07.26 12:16:07.681,7.8636,7.86555,1.50,2.85
2013.07.26 12:16:07.981,7.8636,7.86555,1.50,1.50
2013.07.26 12:16:08.522,7.8636,7.86555,1.50,1.69
2013.07.26 12:16:08.881,7.8636,7.8657,1.50,1.69
2013.07.26 12:16:09.000,7.86356,7.86571,1.50,1.69
2013.07.26 12:16:09.121,7.86356,7.86564,1.50,2.10
2013.07.26 12:16:09.541,7.86362,7.86554,1.50,1.50
2013.07.26 12:16:10.402,7.86362,7.86569,1.50,1.69
2013.07.26 12:16:10.522,7.86353,7.86563,1.50,2.14
2013.07.26 12:16:10.881,7.86353,7.86565,1.50,2.82
2013.07.26 12:16:10.941,7.86353,7.86555,1.50,1.50
2013.07.26 12:16:11.913,7.86368,7.86574,1.50,1.69
2013.07.26 12:16:16.401,7.86369,7.86575,1.50,1.50
2013.07.26 12:16:19.101,7.86383,7.86577,1.50,1.50
2013.07.26 12:16:19.461,7.86402,7.86596,1.50,1.50
2013.07.26 12:16:19.762,7.86392,7.86586,1.69,1.50
2013.07.26 12:16:19.884,7.86395,7.86609,1.50,1.50
2013.07.26 12:16:20.013,7.86401,7.86595,1.50,1.50
2013.07.26 12:16:20.502,7.86401,7.86595,1.50,1.50
2013.07.26 12:16:20.861,7.86409,7.86603,1.50,1.50
2013.07.26 12:16:21.586,7.86384,7.8653,2.25,1.50
2013.07.26 12:16:21.654,7.86338,7.86521,2.25,1.50
2013.07.26 12:16:21.721,7.8633,7.86521,1.69,1.50
2013.07.26 12:16:21.781,7.86357,7.86542,2.44,1.50
2013.07.26 12:16:21.846,7.86388,7.86553,2.25,1.50
2013.07.26 12:16:21.912,7.86398,7.86594,1.50,1.50
2013.07.26 12:16:22.101,7.86399,7.86594,2.25,1.50
2013.07.26 12:16:23.011,7.86409,7.86605,1.50,1.50
2013.07.26 12:16:23.371,7.86405,7.86599,1.50,1.50
2013.07.26 12:16:23.697,7.86422,7.86616,1.50,1.50
2013.07.26 12:16:24.241,7.86422,7.86616,3.00,1.50
2013.07.26 12:16:25.341,7.86425,7.86619,1.50,1.50
2013.07.26 12:16:25.881,7.86424,7.8662,1.50,1.50
2013.07.26 12:16:26.001,7.86421,7.86637,1.50,1.50
2013.07.26 12:16:26.181,7.86422,7.86632,1.50,2.25
2013.07.26 12:16:27.052,7.86429,7.86623,2.25,1.50
2013.07.26 12:16:28.361,7.86424,7.86618,1.50,1.50
2013.07.26 12:16:29.831,7.86424,7.86618,1.50,1.50
2013.07.26 12:16:30.931,7.86432,7.86626,1.50,1.50
2013.07.26 12:16:31.051,7.8643,7.86626,1.50,1.50
2013.07.26 12:16:32.312,7.8643,7.86614,1.50,2.25
2013.07.26 12:16:32.372,7.86409,7.86605,1.50,1.50
2013.07.26 12:16:33.272,7.86401,7.86595,1.50,1.69
2013.07.26 12:16:33.631,7.86388,7.86572,1.50,1.50
2013.07.26 12:16:35.871,7.86409,7.86605,1.50,1.50
2013.07.26 12:16:35.991,7.86426,7.8662,1.50,1.69
2013.07.26 12:16:36.881,7.86426,7.8662,1.50,1.50
2013.07.26 12:16:37.397,7.86434,7.86628,1.50,1.50
2013.07.26 12:16:38.621,7.86434,7.86628,1.50,1.50
2013.07.26 12:16:40.022,7.86449,7.86631,1.69,1.50
2013.07.26 12:16:40.081,7.86449,7.86639,1.69,1.50
2013.07.26 12:16:40.382,7.86472,7.86666,1.50,1.50
2013.07.26 12:16:41.341,7.86472,7.86666,1.50,1.50
2013.07.26 12:16:41.641,7.86403,7.86581,1.50,1.50
2013.07.26 12:16:41.821,7.86436,7.86603,1.69,1.50
2013.07.26 12:16:41.881,7.86459,7.86655,1.50,1.50
2013.07.26 12:16:41.941,7.86465,7.86655,2.25,1.50
2013.07.26 12:16:42.321,7.86474,7.8667,1.50,1.50
2013.07.26 12:16:42.441,7.86475,7.86674,1.50,1.69
2013.07.26 12:16:43.023,7.86474,7.86669,1.50,1.69
2013.07.26 12:16:43.154,7.86453,7.86649,1.50,1.69
2013.07.26 12:16:43.281,7.86461,7.86655,1.50,1.69
2013.07.26 12:16:43.342,7.86454,7.86648,1.50,2.44
2013.07.26 12:16:43.402,7.86433,7.86639,1.50,1.50
2013.07.26 12:16:43.582,7.86436,7.86638,2.25,1.50
2013.07.26 12:16:44.124,7.86461,7.86657,1.50,1.50
2013.07.26 12:16:44.451,7.8647,7.86666,1.50,1.50
2013.07.26 12:16:45.041,7.86478,7.86672,1.69,1.50
2013.07.26 12:16:47.151,7.8647,7.86666,1.50,1.69
2013.07.26 12:16:47.211,7.86459,7.86653,1.50,1.50
2013.07.26 12:16:47.841,7.86457,7.86651,1.50,1.50
2013.07.26 12:16:57.331,7.86465,7.86651,2.25,1.50
2013.07.26 12:16:57.523,7.86476,7.86669,1.50,1.69
2013.07.26 12:16:57.642,7.86494,7.86674,1.50,1.69
2013.07.26 12:16:57.821,7.86494,7.86674,1.50,1.50
2013.07.26 12:16:58.731,7.86494,7.8667,1.50,1.50
2013.07.26 12:16:59.062,7.8649,7.86675,1.50,1.95
2013.07.26 12:16:59.182,7.86492,7.86668,1.50,1.50
2013.07.26 12:16:59.303,7.86492,7.86669,1.50,1.50
2013.07.26 12:16:59.361,7.86488,7.86679,1.50,2.85
2013.07.26 12:16:59.422,7.86492,7.86669,1.50,1.50
2013.07.26 12:16:59.872,7.8648,7.86669,1.50,1.50
2013.07.26 12:17:00.842,7.86479,7.86669,1.50,1.69
2013.07.26 12:17:03.312,7.86467,7.86661,1.50,1.69
2013.07.26 12:17:03.613,7.86457,7.86635,1.50,1.50
2013.07.26 12:17:04.164,7.86457,7.86632,1.50,1.50
2013.07.26 12:17:05.021,7.86457,7.86634,1.50,1.69
2013.07.26 12:17:07.321,7.86464,7.8665,1.50,1.69
2013.07.26 12:17:08.721,7.86473,7.8666,1.50,1.50
2013.07.26 12:17:09.803,7.86473,7.86635,1.50,1.58
2013.07.26 12:17:09.861,7.86462,7.86635,1.50,1.58
2013.07.26 12:17:10.041,7.86462,7.86629,1.50,2.93
2013.07.26 12:17:10.161,7.86456,7.86629,1.50,3.12
2013.07.26 12:17:11.302,7.86456,7.86631,1.50,1.50
2013.07.26 12:17:11.662,7.86456,7.86634,1.50,1.50
2013.07.26 12:17:12.032,7.86459,7.86644,2.25,1.58
2013.07.26 12:17:12.451,7.8647,7.86645,1.50,1.50
2013.07.26 12:17:12.631,7.8647,7.86645,1.50,1.50
2013.07.26 12:17:13.683,7.8647,7.86652,1.50,1.50
2013.07.26 12:17:14.191,7.86476,7.86655,1.50,1.50
2013.07.26 12:17:15.191,7.86484,7.86672,1.50,1.69
2013.07.26 12:17:16.711,7.86484,7.86678,1.50,1.69
2013.07.26 12:17:18.973,7.86484,7.86675,1.50,1.69
2013.07.26 12:17:19.489,7.86484,7.86675,1.50,1.69
2013.07.26 12:17:20.302,7.86474,7.86668,1.50,1.50
2013.07.26 12:17:23.972,7.86474,7.86668,1.50,1.69
2013.07.26 12:17:24.301,7.86419,7.86607,2.25,2.24
2013.07.26 12:17:24.362,7.86449,7.86607,1.50,2.24
2013.07.26 12:17:24.421,7.86449,7.86645,1.50,1.69
2013.07.26 12:17:24.631,7.86462,7.86656,1.50,1.69
2013.07.26 12:17:25.811,7.86462,7.86653,1.50,1.69
2013.07.26 12:17:26.022,7.86449,7.86645,1.50,1.69
2013.07.26 12:17:26.525,7.86449,7.86645,1.50,1.69
2013.07.26 12:17:31.122,7.86449,7.86645,1.50,1.69
2013.07.26 12:17:40.673,7.86449,7.86645,1.50,1.69
2013.07.26 12:17:42.102,7.86449,7.86645,1.50,1.69
2013.07.26 12:17:43.763,7.86449,7.86645,1.50,1.69
2013.07.26 12:17:44.910,7.86449,7.86645,1.50,1.50
2013.07.26 12:17:45.152,7.86456,7.86652,1.50,1.69
2013.07.26 12:17:45.521,7.86461,7.86675,1.50,1.69
2013.07.26 12:17:45.821,7.86468,7.86672,1.50,1.69
2013.07.26 12:17:46.751,7.86478,7.86672,1.50,1.69
2013.07.26 12:17:47.872,7.86478,7.86672,1.50,1.50
2013.07.26 12:17:48.051,7.86478,7.86675,1.50,1.50
2013.07.26 12:17:49.042,7.86478,7.86675,1.50,1.50
2013.07.26 12:17:58.622,7.86472,7.86669,1.50,1.50
2013.07.26 12:17:59.224,7.8647,7.86676,1.50,1.69
2013.07.26 12:17:59.803,7.8647,7.86676,1.50,1.69
2013.07.26 12:18:00.112,7.8647,7.86676,1.50,1.69
2013.07.26 12:18:01.153,7.86472,7.86669,1.50,1.69
2013.07.26 12:18:01.512,7.86471,7.86675,1.50,1.69
2013.07.26 12:18:01.871,7.8646,7.86657,1.50,1.50
2013.07.26 12:18:01.931,7.86454,7.86658,1.50,1.50
2013.07.26 12:18:02.052,7.86454,7.86658,1.50,1.50
2013.07.26 12:18:03.122,7.86458,7.86662,1.50,1.50
2013.07.26 12:18:03.183,7.86458,7.86662,1.50,1.50
2013.07.26 12:18:04.323,7.86461,7.86657,1.50,1.69
2013.07.26 12:18:05.002,7.86457,7.86653,1.50,1.50
2013.07.26 12:18:05.992,7.86455,7.8666,1.50,1.69
2013.07.26 12:18:06.231,7.86457,7.86652,1.50,1.50
2013.07.26 12:18:08.911,7.86457,7.86652,1.50,1.50
2013.07.26 12:18:10.773,7.86458,7.86652,1.50,1.69
2013.07.26 12:18:10.892,7.86455,7.8666,1.50,1.69
2013.07.26 12:18:11.536,7.86458,7.86653,1.50,1.69
2013.07.26 12:18:20.202,7.86446,7.8666,1.50,1.69
2013.07.26 12:18:20.261,7.86448,7.86654,1.50,1.69
2013.07.26 12:18:20.586,7.86448,7.86654,1.50,1.69
2013.07.26 12:18:41.042,7.86445,7.86659,1.50,1.69
2013.07.26 12:18:52.672,7.86445,7.86659,3.00,1.69
2013.07.26 12:18:53.811,7.86455,7.86659,3.00,1.69
2013.07.26 12:18:55.122,7.86468,7.86666,1.50,1.69
2013.07.26 12:18:55.191,7.86448,7.86664,1.50,1.69
2013.07.26 12:18:55.671,7.86455,7.86661,1.50,1.69
2013.07.26 12:18:56.491,7.86464,7.86658,1.50,1.69
2013.07.26 12:18:57.570,7.86464,7.86658,1.50,1.69
2013.07.26 12:18:57.811,7.86449,7.86663,1.50,1.69
2013.07.26 12:18:59.052,7.8645,7.86663,1.50,1.69
2013.07.26 12:18:59.411,7.86464,7.86658,1.50,1.69
2013.07.26 12:19:00.322,7.86471,7.86667,1.50,1.69
2013.07.26 12:19:00.642,7.86468,7.86667,1.50,1.69
2013.07.26 12:19:00.701,7.86448,7.86664,1.50,1.69
2013.07.26 12:19:01.862,7.8646,7.86661,1.50,1.69
2013.07.26 12:19:02.262,7.86449,7.86664,1.50,1.69
2013.07.26 12:19:02.922,7.86457,7.86661,1.50,1.69
2013.07.26 12:19:03.901,7.86449,7.86663,1.50,1.69
2013.07.26 12:19:04.601,7.86457,7.86661,1.50,1.69
2013.07.26 12:19:05.412,7.86451,7.86642,1.50,1.50
2013.07.26 12:19:05.781,7.86442,7.86645,1.50,1.69
2013.07.26 12:19:06.361,7.86449,7.86643,1.50,1.69
2013.07.26 12:19:13.073,7.86442,7.86643,1.50,1.69
2013.07.26 12:19:18.221,7.86448,7.86641,1.50,1.69
2013.07.26 12:19:19.222,7.86448,7.86641,1.50,1.69
2013.07.26 12:19:19.282,7.86445,7.86641,1.50,1.69
2013.07.26 12:19:20.203,7.86447,7.86643,1.50,1.69
2013.07.26 12:19:21.351,7.86448,7.86644,1.50,1.69
2013.07.26 12:19:22.751,7.86446,7.8664,1.50,1.69
2013.07.26 12:19:24.085,7.86447,7.86643,1.50,1.69
2013.07.26 12:19:24.591,7.86446,7.86643,1.50,1.69
2013.07.26 12:19:24.711,7.86446,7.86641,1.50,1.50
2013.07.26 12:19:25.993,7.86446,7.86642,1.50,1.50
2013.07.26 12:19:26.121,7.86445,7.86642,1.50,1.50
2013.07.26 12:19:26.893,7.86446,7.86642,1.50,1.50
2013.07.26 12:19:26.953,7.86451,7.86641,1.50,1.50
2013.07.26 12:19:28.101,7.86447,7.86642,1.50,1.69
2013.07.26 12:19:28.642,7.86447,7.86642,1.50,1.69
2013.07.26 12:19:28.704,7.86447,7.86641,1.50,1.69
2013.07.26 12:19:29.841,7.86448,7.86643,1.50,1.69
2013.07.26 12:19:31.502,7.86451,7.86641,1.50,1.50
2013.07.26 12:19:32.621,7.86447,7.86641,1.50,1.50
2013.07.26 12:19:33.351,7.86444,7.86641,1.50,1.50
2013.07.26 12:19:34.091,7.86446,7.86641,1.50,1.50
2013.07.26 12:19:35.142,7.86448,7.86644,1.50,1.69
2013.07.26 12:19:35.901,7.86443,7.86644,1.50,1.69
2013.07.26 12:19:36.765,7.86449,7.8664,1.50,1.50
2013.07.26 12:19:37.581,7.86448,7.86644,1.50,1.69
2013.07.26 12:19:37.641,7.86448,7.86644,1.50,1.69
2013.07.26 12:19:39.151,7.86447,7.86641,1.50,1.50
2013.07.26 12:19:40.031,7.86449,7.86641,1.50,1.50
2013.07.26 12:19:40.211,7.86449,7.86644,1.50,1.69
2013.07.26 12:19:41.552,7.86449,7.86641,1.50,1.50
2013.07.26 12:19:42.591,7.86445,7.86643,1.50,1.69
2013.07.26 12:19:43.201,7.86447,7.86643,1.50,1.69
2013.07.26 12:19:43.502,7.8645,7.86641,1.50,1.50
2013.07.26 12:19:44.283,7.86444,7.86641,1.50,1.50
2013.07.26 12:20:00.982,7.86444,7.86642,1.50,1.50
2013.07.26 12:20:01.342,7.86465,7.86646,1.50,1.69
2013.07.26 12:20:18.539,7.86465,7.86621,1.50,1.94
2013.07.26 12:20:18.601,7.86457,7.86611,2.25,1.35
2013.07.26 12:20:18.841,7.86457,7.86631,2.25,1.50
2013.07.26 12:20:18.902,7.86462,7.86631,1.50,1.50
2013.07.26 12:20:31.196,7.8646,7.8665,1.50,1.50
2013.07.26 12:20:42.491,7.86455,7.86643,1.50,1.50
2013.07.26 12:20:42.901,7.86454,7.86636,1.50,1.50
2013.07.26 12:20:43.274,7.86455,7.86629,1.50,1.50
2013.07.26 12:20:44.184,7.86455,7.86629,1.50,1.50
2013.07.26 12:20:50.201,7.86454,7.86618,1.50,1.13
2013.07.26 12:20:50.262,7.86433,7.86562,1.50,2.46
2013.07.26 12:20:50.382,7.86377,7.86552,1.50,2.44
2013.07.26 12:20:50.442,7.86333,7.86507,1.13,1.50
2013.07.26 12:20:50.502,7.86313,7.86507,1.50,1.50
2013.07.26 12:20:50.562,7.86313,7.86507,1.50,1.69
2013.07.26 12:20:50.622,7.86278,7.86451,1.50,1.50
2013.07.26 12:20:50.921,7.86317,7.86451,1.50,1.50
2013.07.26 12:20:51.101,7.86317,7.86494,2.25,1.50
2013.07.26 12:20:51.313,7.86319,7.86494,1.50,1.50
2013.07.26 12:20:51.611,7.86347,7.86527,1.50,1.50
2013.07.26 12:20:51.792,7.86352,7.86527,1.50,1.50
2013.07.26 12:20:52.761,7.86352,7.86527,3.23,1.50
2013.07.26 12:20:53.121,7.86352,7.86527,1.50,1.50
2013.07.26 12:20:53.181,7.86352,7.86508,1.50,1.50
2013.07.26 12:20:53.241,7.86306,7.8649,1.69,1.50
2013.07.26 12:20:53.301,7.86306,7.8649,1.50,1.69
2013.07.26 12:20:53.361,7.86296,7.86452,2.10,1.50
2013.07.26 12:20:54.121,7.86267,7.86452,1.50,1.50
2013.07.26 12:20:54.181,7.86277,7.86433,1.50,1.50
2013.07.26 12:20:54.502,7.86257,7.86423,1.50,2.25
2013.07.26 12:20:54.862,7.86209,7.86379,1.50,1.50
2013.07.26 12:20:54.921,7.86248,7.86376,1.50,1.50
2013.07.26 12:20:55.042,7.86248,7.86376,1.50,1.50
2013.07.26 12:20:55.101,7.86248,7.86406,2.25,1.50
2013.07.26 12:20:55.161,7.86248,7.86425,2.25,1.50
2013.07.26 12:20:55.342,7.86248,7.86434,2.25,1.50
2013.07.26 12:20:55.701,7.8626,7.86434,1.50,1.50
2013.07.26 12:20:56.342,7.86252,7.86434,1.50,1.50
2013.07.26 12:20:56.702,7.86252,7.86427,1.50,1.50
2013.07.26 12:20:57.461,7.86264,7.86427,1.50,1.50
2013.07.26 12:20:57.703,7.86267,7.86427,1.50,1.50
2013.07.26 12:20:58.005,7.86267,7.86427,1.50,1.50
2013.07.26 12:20:58.252,7.86275,7.86427,1.50,1.50
2013.07.26 12:20:58.712,7.86284,7.86453,1.50,1.50
2013.07.26 12:20:59.013,7.86279,7.86453,1.50,1.50
2013.07.26 12:20:59.072,7.86282,7.86453,2.03,1.50
2013.07.26 12:20:59.192,7.86283,7.86458,1.50,1.50
2013.07.26 12:20:59.371,7.86283,7.86458,1.50,1.50
2013.07.26 12:20:59.612,7.86279,7.86458,1.50,1.50
2013.07.26 12:20:59.732,7.86279,7.86412,1.50,3.68
2013.07.26 12:21:00.093,7.86233,7.86398,1.50,1.50
2013.07.26 12:21:00.547,7.86249,7.86424,1.50,1.50
2013.07.26 12:21:00.853,7.8625,7.86424,2.25,1.50
2013.07.26 12:21:01.052,7.86242,7.86424,1.50,1.50
2013.07.26 12:21:02.492,7.8623,7.86405,1.50,1.50
2013.07.26 12:21:02.842,7.86193,7.86325,2.10,1.50
2013.07.26 12:21:04.932,7.86154,7.86325,1.50,1.50
2013.07.26 12:21:05.052,7.86142,7.86313,1.50,1.50
2013.07.26 12:21:05.112,7.86128,7.86303,2.25,1.50
2013.07.26 12:21:05.439,7.86158,7.86303,1.50,1.50
2013.07.26 12:21:05.741,7.86182,7.86357,1.50,1.50
2013.07.26 12:21:06.042,7.86182,7.86357,1.50,1.50
2013.07.26 12:21:06.912,7.86182,7.86357,1.50,1.50
2013.07.26 12:21:09.442,7.86182,7.86338,1.50,1.50
2013.07.26 12:21:09.562,7.86138,7.86294,1.50,1.50
2013.07.26 12:21:09.741,7.86134,7.8628,1.58,1.50
2013.07.26 12:21:10.055,7.86134,7.86277,1.58,1.50
2013.07.26 12:21:12.610,7.86144,7.86277,1.50,1.50
2013.07.26 12:21:12.733,7.86147,7.8628,1.73,1.50
2013.07.26 12:21:12.792,7.86153,7.86307,1.35,1.50
2013.07.26 12:21:12.852,7.86202,7.86362,1.50,2.25
2013.07.26 12:21:12.972,7.86218,7.86376,1.50,1.50
2013.07.26 12:21:13.991,7.86218,7.86394,1.50,1.50
2013.07.26 12:21:14.111,7.86246,7.864,1.50,1.50
2013.07.26 12:21:14.171,7.86246,7.8642,1.50,1.50
2013.07.26 12:21:14.821,7.86246,7.8642,1.50,1.50
2013.07.26 12:21:16.713,7.86254,7.8642,1.50,1.50
2013.07.26 12:21:16.892,7.86247,7.8643,1.50,3.00
2013.07.26 12:21:17.133,7.86255,7.8642,1.50,1.50
2013.07.26 12:21:17.273,7.86247,7.8643,1.50,1.50
2013.07.26 12:21:20.632,7.86247,7.8642,1.50,1.50
2013.07.26 12:21:24.202,7.86248,7.8642,1.50,1.50
2013.07.26 12:21:24.562,7.86245,7.8642,1.50,1.50
2013.07.26 12:21:34.723,7.86245,7.8642,1.50,2.44
2013.07.26 12:21:35.364,7.86245,7.8642,1.50,2.44
2013.07.26 12:21:38.303,7.86263,7.8642,1.50,1.50
2013.07.26 12:21:39.002,7.86272,7.86438,1.50,1.50
2013.07.26 12:21:39.063,7.86265,7.86448,1.50,1.50
2013.07.26 12:21:40.604,7.86279,7.86442,1.50,1.50
2013.07.26 12:21:41.173,7.86279,7.86453,1.50,1.50
2013.07.26 12:21:41.476,7.86279,7.86453,1.50,1.50
2013.07.26 12:21:41.942,7.86273,7.86448,1.50,1.50
2013.07.26 12:21:42.352,7.86282,7.86457,1.50,1.50
2013.07.26 12:21:42.472,7.86282,7.86441,1.50,1.50
2013.07.26 12:21:42.653,7.86268,7.86441,1.50,1.50
2013.07.26 12:21:43.125,7.86268,7.86427,1.50,1.50
2013.07.26 12:21:43.512,7.86271,7.86445,1.50,1.50
2013.07.26 12:21:43.754,7.86271,7.86445,1.50,1.50
2013.07.26 12:21:43.943,7.86284,7.86447,1.50,1.50
2013.07.26 12:21:44.002,7.86272,7.86433,1.50,1.50
2013.07.26 12:21:44.062,7.86264,7.86433,1.50,1.50
2013.07.26 12:21:44.423,7.86264,7.86439,1.50,1.50
2013.07.26 12:21:44.482,7.86264,7.86439,1.50,1.50
2013.07.26 12:21:44.952,7.8628,7.86449,1.50,1.50
2013.07.26 12:21:45.133,7.86266,7.86441,1.50,1.50
2013.07.26 12:21:45.312,7.86266,7.86441,1.50,1.50
2013.07.26 12:21:45.552,7.86266,7.86441,1.50,1.50
2013.07.26 12:21:46.093,7.86265,7.86441,1.50,1.50
2013.07.26 12:21:46.403,7.86273,7.86441,1.50,1.50
2013.07.26 12:21:46.953,7.86265,7.86441,1.50,1.50
2013.07.26 12:21:47.072,7.86273,7.86441,1.50,1.50
2013.07.26 12:21:47.132,7.86266,7.86452,1.50,2.25
2013.07.26 12:21:47.733,7.86275,7.86449,1.50,1.50
2013.07.26 12:21:48.032,7.86288,7.86449,1.50,1.50
2013.07.26 12:21:48.152,7.86269,7.86463,1.50,1.50
2013.07.26 12:21:48.212,7.86255,7.86451,1.69,1.50
2013.07.26 12:21:48.773,7.86269,7.86463,1.50,1.50
2013.07.26 12:21:49.082,7.86256,7.8645,1.69,1.50
2013.07.26 12:21:50.582,7.86256,7.8645,1.69,1.50
2013.07.26 12:21:50.642,7.86262,7.86458,1.69,1.50
2013.07.26 12:21:50.822,7.86254,7.86448,1.69,1.50
2013.07.26 12:21:53.042,7.86268,7.8645,1.50,1.50
2013.07.26 12:21:53.102,7.86268,7.8647,1.50,1.50
2013.07.26 12:21:53.161,7.86268,7.8646,1.50,2.25
2013.07.26 12:21:53.372,7.86268,7.86451,1.50,1.50
2013.07.26 12:21:53.492,7.86268,7.8646,1.50,2.25
2013.07.26 12:21:54.782,7.86259,7.8645,1.69,1.50
2013.07.26 12:21:55.043,7.86259,7.86472,1.69,1.50
2013.07.26 12:21:55.162,7.86248,7.86442,2.25,1.50
2013.07.26 12:21:55.592,7.86252,7.86442,1.50,1.50
2013.07.26 12:21:56.763,7.86266,7.86448,1.50,1.50
2013.07.26 12:21:57.127,7.86257,7.86447,1.69,1.50
2013.07.26 12:21:57.592,7.86253,7.86447,2.44,1.50
2013.07.26 12:21:59.872,7.86266,7.86448,1.50,1.50
2013.07.26 12:22:01.307,7.86272,7.86453,1.69,1.50
2013.07.26 12:22:01.554,7.86259,7.86466,2.44,1.50
2013.07.26 12:22:01.614,7.86259,7.86463,1.69,2.25
2013.07.26 12:22:01.974,7.86266,7.86453,1.69,1.50
2013.07.26 12:22:02.214,7.86266,7.8646,2.44,1.50
2013.07.26 12:22:03.102,7.86307,7.86462,1.50,1.50
2013.07.26 12:22:03.162,7.86307,7.86483,1.50,1.50
2013.07.26 12:22:03.282,7.86312,7.86493,1.50,1.50
2013.07.26 12:22:03.669,7.86307,7.86498,1.50,1.50
2013.07.26 12:22:04.303,7.8631,7.86506,1.50,1.50
2013.07.26 12:22:04.362,7.86298,7.86493,1.50,1.50
2013.07.26 12:22:04.903,7.86316,7.86508,1.50,1.50
2013.07.26 12:22:06.012,7.86324,7.86518,1.50,1.50
2013.07.26 12:22:06.192,7.86311,7.86505,1.50,1.50
2013.07.26 12:22:07.433,7.86327,7.86521,1.50,1.50
2013.07.26 12:22:07.922,7.86314,7.86508,1.50,1.50
2013.07.26 12:22:08.353,7.86316,7.86508,1.50,1.50
2013.07.26 12:22:08.652,7.86331,7.86526,1.50,1.50
2013.07.26 12:22:09.251,7.86324,7.8654,2.25,1.69
2013.07.26 12:22:09.311,7.86324,7.86519,1.50,1.50
2013.07.26 12:22:09.692,7.86326,7.86517,1.50,1.50
2013.07.26 12:22:09.871,7.86326,7.8654,2.25,1.50
2013.07.26 12:22:09.932,7.86326,7.86529,2.44,2.25
2013.07.26 12:22:10.052,7.86352,7.86546,1.50,1.50
2013.07.26 12:22:10.172,7.86357,7.8654,1.50,1.50
2013.07.26 12:22:10.232,7.86356,7.86531,1.50,1.50
2013.07.26 12:22:10.412,7.86347,7.86513,1.73,1.50
2013.07.26 12:22:10.532,7.86336,7.86513,1.50,1.50
2013.07.26 12:22:11.343,7.86327,7.86512,1.50,1.50
2013.07.26 12:22:11.882,7.86326,7.86512,1.50,1.50
2013.07.26 12:22:12.062,7.86334,7.8653,1.50,1.50
2013.07.26 12:22:12.122,7.86327,7.86521,1.50,1.50
2013.07.26 12:22:12.981,7.86342,7.86538,1.50,1.50
2013.07.26 12:22:13.101,7.86333,7.86527,1.69,1.50
2013.07.26 12:22:14.242,7.86351,7.86547,1.50,1.50
2013.07.26 12:22:14.302,7.86354,7.86547,2.25,1.50
2013.07.26 12:22:14.481,7.86376,7.86572,1.50,1.50
2013.07.26 12:22:14.792,7.86391,7.86585,1.50,1.69
2013.07.26 12:22:15.362,7.86397,7.86593,1.50,1.69
2013.07.26 12:22:15.902,7.86413,7.86607,1.50,1.69
2013.07.26 12:22:16.443,7.86416,7.86607,2.25,1.69
2013.07.26 12:22:16.683,7.86425,7.86621,1.50,1.50
2013.07.26 12:22:16.802,7.86425,7.86621,1.50,1.50
2013.07.26 12:22:17.282,7.86447,7.86641,1.50,1.50
2013.07.26 12:22:17.342,7.86454,7.86648,1.50,1.50
2013.07.26 12:22:18.184,7.86462,7.86651,2.25,1.50
2013.07.26 12:22:18.243,7.86455,7.86651,1.50,1.50
2013.07.26 12:22:18.484,7.86471,7.86667,1.50,2.25
2013.07.26 12:22:18.663,7.86478,7.86673,1.50,1.50
2013.07.26 12:22:19.022,7.86487,7.86679,1.50,1.69
2013.07.26 12:22:19.682,7.86506,7.86685,1.50,1.50
2013.07.26 12:22:20.672,7.86514,7.86702,1.50,1.50
2013.07.26 12:22:21.032,7.86489,7.86664,1.50,1.50
2013.07.26 12:22:21.453,7.8651,7.86671,1.50,1.50
2013.07.26 12:22:21.692,7.86489,7.86664,1.50,1.50
2013.07.26 12:22:21.873,7.86461,7.86635,1.50,1.50
2013.07.26 12:22:21.944,7.86481,7.86636,1.50,1.50
2013.07.26 12:22:22.017,7.86466,7.86636,1.50,1.50
2013.07.26 12:22:22.912,7.86458,7.8662,1.50,1.50
2013.07.26 12:22:23.459,7.86445,7.86628,1.50,1.50
2013.07.26 12:22:24.602,7.86445,7.86633,1.50,1.65
2013.07.26 12:22:24.662,7.86445,7.8661,1.50,1.05
2013.07.26 12:22:24.782,7.86463,7.86616,1.50,1.38
2013.07.26 12:22:24.962,7.86474,7.86616,1.69,1.23
2013.07.26 12:22:25.022,7.86474,7.8668,1.69,1.50
2013.07.26 12:22:25.689,7.86454,7.8668,1.69,1.50
2013.07.26 12:22:25.993,7.86457,7.8668,2.44,1.50
2013.07.26 12:22:26.052,7.86474,7.86675,1.50,1.50
2013.07.26 12:22:26.383,7.86479,7.86675,1.50,1.50
2013.07.26 12:22:27.187,7.86487,7.86681,1.50,1.50
2013.07.26 12:22:28.412,7.86478,7.86679,1.50,1.50
2013.07.26 12:22:28.472,7.8647,7.86679,1.50,1.50
2013.07.26 12:22:28.673,7.86478,7.86685,1.50,1.50
2013.07.26 12:22:28.735,7.86478,7.86685,1.50,1.50
2013.07.26 12:22:29.402,7.86478,7.86674,1.50,1.50
2013.07.26 12:22:29.962,7.86461,7.86667,2.44,1.50
2013.07.26 12:22:30.022,7.86454,7.86677,1.50,2.44
2013.07.26 12:22:30.142,7.86467,7.86673,1.50,1.69
2013.07.26 12:22:30.501,7.86463,7.86602,1.50,1.50
2013.07.26 12:22:30.622,7.86453,7.86602,1.58,2.25
2013.07.26 12:22:30.681,7.86453,7.86529,1.58,1.50
2013.07.26 12:22:30.741,7.86446,7.86529,2.18,1.50
2013.07.26 12:22:30.862,7.86428,7.86539,1.50,2.25
2013.07.26 12:22:30.922,7.8644,7.86631,1.50,2.25
2013.07.26 12:22:30.983,7.8644,7.86636,1.50,1.50
2013.07.26 12:22:31.642,7.86447,7.86643,1.69,1.50
2013.07.26 12:22:32.092,7.8644,7.86636,1.50,1.69
2013.07.26 12:22:32.272,7.86423,7.86632,2.25,1.50
2013.07.26 12:22:32.332,7.86398,7.86632,1.69,1.50
2013.07.26 12:22:33.017,7.86405,7.86644,1.69,1.50
2013.07.26 12:22:33.082,7.86405,7.86647,1.69,1.50
2013.07.26 12:22:33.382,7.86415,7.86661,1.69,1.69
2013.07.26 12:22:33.624,7.86414,7.86652,1.69,1.69
2013.07.26 12:22:34.042,7.86424,7.86651,1.50,1.69
2013.07.26 12:22:34.532,7.86431,7.86651,1.69,1.50
2013.07.26 12:22:34.802,7.8645,7.86663,1.69,1.50
2013.07.26 12:22:34.922,7.8645,7.86648,1.69,1.50
2013.07.26 12:22:35.105,7.8645,7.86641,1.50,1.50
2013.07.26 12:22:35.963,7.86429,7.86635,1.69,1.50
2013.07.26 12:22:37.083,7.8642,7.86626,1.50,1.50
2013.07.26 12:22:37.470,7.86478,7.86672,3.00,1.50
2013.07.26 12:22:38.242,7.86495,7.86681,1.32,1.50
2013.07.26 12:22:38.543,7.8654,7.86712,2.03,1.50
2013.07.26 12:22:39.784,7.8654,7.86712,2.03,1.50
2013.07.26 12:22:40.034,7.86548,7.86712,1.50,1.50
2013.07.26 12:22:40.576,7.86548,7.86724,1.50,1.50
2013.07.26 12:22:40.995,7.86555,7.86724,1.50,1.50
2013.07.26 12:22:41.173,7.86658,7.86731,1.50,1.50
2013.07.26 12:22:41.232,7.86687,7.86822,2.85,1.69
2013.07.26 12:22:41.291,7.86699,7.8686,1.50,1.95
2013.07.26 12:22:41.354,7.86699,7.86873,1.50,1.50
2013.07.26 12:22:41.532,7.86687,7.86855,1.50,1.50
2013.07.26 12:22:41.594,7.86659,7.86855,1.50,1.69
2013.07.26 12:22:41.713,7.86621,7.86815,1.50,1.69
2013.07.26 12:22:42.072,7.86626,7.8682,1.50,1.69
2013.07.26 12:22:42.963,7.86635,7.86878,1.69,1.69
2013.07.26 12:22:43.023,7.86648,7.86888,1.50,2.44
2013.07.26 12:22:43.143,7.86641,7.86879,1.50,1.69
2013.07.26 12:22:43.383,7.86643,7.86879,1.50,1.69
2013.07.26 12:22:43.742,7.86647,7.86879,1.50,1.69
2013.07.26 12:22:44.202,7.86647,7.86879,3.23,1.69
2013.07.26 12:22:44.262,7.86647,7.86879,3.42,1.69
2013.07.26 12:22:44.322,7.86657,7.86879,1.50,1.69
2013.07.26 12:22:44.922,7.86681,7.86877,1.50,1.69
2013.07.26 12:22:45.042,7.86665,7.86877,1.50,1.69
2013.07.26 12:22:45.102,7.86665,7.8688,1.50,1.69
2013.07.26 12:22:45.222,7.86665,7.8688,1.50,1.50
2013.07.26 12:22:45.282,7.86665,7.8688,1.50,1.50
2013.07.26 12:22:45.342,7.86672,7.86889,1.50,1.69
2013.07.26 12:22:45.823,7.86674,7.86889,1.50,1.69
2013.07.26 12:22:46.742,7.86683,7.86881,1.50,1.50
2013.07.26 12:22:47.162,7.86679,7.86873,1.50,1.50
2013.07.26 12:22:47.282,7.86674,7.86882,1.50,1.50
2013.07.26 12:22:47.522,7.86677,7.86875,2.25,1.50
2013.07.26 12:22:47.823,7.86688,7.86884,1.50,1.50
2013.07.26 12:22:48.063,7.86702,7.86898,1.50,1.50
2013.07.26 12:22:48.332,7.86703,7.86899,1.50,1.50
2013.07.26 12:22:48.862,7.86702,7.86905,1.50,1.50
2013.07.26 12:22:48.922,7.86702,7.86905,1.50,1.50
2013.07.26 12:22:49.532,7.8672,7.86905,1.50,1.50
2013.07.26 12:22:49.892,7.86726,7.86922,1.50,1.50
2013.07.26 12:22:50.197,7.86729,7.86922,1.50,1.50
2013.07.26 12:22:50.504,7.86752,7.86948,1.50,1.50
2013.07.26 12:22:51.151,7.86754,7.8695,1.50,1.50
2013.07.26 12:22:51.893,7.86759,7.86953,1.50,1.50
2013.07.26 12:22:52.074,7.86759,7.86953,1.50,1.50
2013.07.26 12:22:52.435,7.86752,7.86946,1.69,1.50
2013.07.26 12:22:52.502,7.86752,7.86946,1.69,1.50
2013.07.26 12:22:52.622,7.8677,7.86954,2.25,1.50
2013.07.26 12:22:52.804,7.86789,7.86984,1.50,2.25
2013.07.26 12:22:52.866,7.86789,7.86985,1.50,1.50
2013.07.26 12:22:53.582,7.8681,7.86994,1.50,2.25
2013.07.26 12:22:53.644,7.86816,7.87012,1.50,1.69
2013.07.26 12:22:54.533,7.86816,7.87002,1.50,2.44
2013.07.26 12:22:54.892,7.86786,7.86982,1.50,1.69
2013.07.26 12:22:55.373,7.86797,7.86991,1.50,1.69
2013.07.26 12:22:56.152,7.868,7.86994,1.50,1.69
2013.07.26 12:22:56.882,7.86802,7.86998,1.50,1.69
2013.07.26 12:22:56.947,7.86802,7.86998,1.50,1.69
2013.07.26 12:22:57.272,7.86792,7.86986,1.50,1.50
2013.07.26 12:22:57.822,7.86788,7.87003,1.50,1.69
2013.07.26 12:22:57.882,7.86787,7.86983,1.50,1.69
2013.07.26 12:22:58.264,7.86787,7.86981,1.50,1.69
2013.07.26 12:22:59.392,7.86786,7.8698,1.50,1.50
2013.07.26 12:22:59.932,7.86787,7.86981,1.50,1.50
2013.07.26 12:23:00.203,7.86787,7.86997,1.50,1.69
2013.07.26 12:23:00.504,7.86787,7.86981,1.50,1.50
2013.07.26 12:23:01.462,7.8679,7.86984,1.50,1.69
2013.07.26 12:23:02.372,7.86792,7.86986,1.50,1.69
2013.07.26 12:23:03.641,7.86793,7.86989,1.50,1.50
2013.07.26 12:23:03.822,7.86786,7.86982,1.50,1.50
2013.07.26 12:23:04.182,7.86793,7.86989,1.50,1.69
2013.07.26 12:23:05.092,7.86791,7.86987,1.50,1.69
2013.07.26 12:23:06.313,7.86791,7.86998,1.50,1.69
2013.07.26 12:23:06.372,7.86791,7.86987,1.50,1.69
2013.07.26 12:23:06.712,7.86791,7.86985,1.50,1.50
2013.07.26 12:23:08.833,7.86791,7.86985,1.50,1.50
2013.07.26 12:23:09.873,7.86793,7.86989,1.50,1.69
2013.07.26 12:23:09.933,7.86793,7.86997,1.50,2.44
2013.07.26 12:23:11.882,7.86798,7.86994,1.50,1.69
2013.07.26 12:23:13.234,7.86801,7.86997,1.50,1.69
2013.07.26 12:23:19.362,7.86803,7.86997,1.50,1.50
2013.07.26 12:23:19.858,7.86807,7.87001,1.50,1.69
2013.07.26 12:23:20.419,7.86807,7.87001,1.50,1.69
2013.07.26 12:23:20.602,7.868,7.86994,1.50,1.50
2013.07.26 12:23:21.222,7.86812,7.87006,1.50,1.50
2013.07.26 12:23:21.403,7.86821,7.87015,1.50,1.69
2013.07.26 12:23:24.332,7.86812,7.87006,1.50,1.50
2013.07.26 12:23:27.203,7.86814,7.87008,1.50,1.50
2013.07.26 12:23:27.545,7.86816,7.87012,1.50,1.50
2013.07.26 12:23:28.082,7.86829,7.87033,1.50,1.69
2013.07.26 12:23:28.262,7.86819,7.87013,1.50,1.50
2013.07.26 12:23:29.372,7.86828,7.87034,1.50,1.69
2013.07.26 12:23:29.431,7.86818,7.87014,1.50,1.69
2013.07.26 12:23:30.462,7.86831,7.87035,1.50,1.69
2013.07.26 12:23:30.522,7.8682,7.87016,1.50,1.50
2013.07.26 12:23:34.673,7.86829,7.87033,1.50,1.69
2013.07.26 12:23:34.792,7.86821,7.87015,1.50,1.50
2013.07.26 12:23:36.473,7.86821,7.87015,1.50,1.50
2013.07.26 12:23:39.034,7.86821,7.87015,1.50,1.50
2013.07.26 12:23:39.274,7.86817,7.87011,1.50,1.50
2013.07.26 12:23:39.334,7.86817,7.87011,1.50,1.50
2013.07.26 12:23:40.223,7.86816,7.87012,1.50,1.50
2013.07.26 12:23:40.345,7.86813,7.87007,2.25,1.50
2013.07.26 12:23:40.414,7.86822,7.87028,1.50,1.69
2013.07.26 12:23:40.532,7.86822,7.87028,1.50,1.69
2013.07.26 12:23:40.892,7.86873,7.87067,1.50,1.69
2013.07.26 12:23:41.132,7.86851,7.87047,1.50,1.69
2013.07.26 12:23:53.222,7.86852,7.87012,1.50,2.37
2013.07.26 12:23:53.404,7.86802,7.86991,1.50,1.69
2013.07.26 12:23:53.642,7.86789,7.86977,1.50,1.50
2013.07.26 12:23:53.823,7.86797,7.86993,1.50,1.50
2013.07.26 12:23:54.126,7.86816,7.87012,1.50,1.69
2013.07.26 12:24:03.562,7.86823,7.87019,1.50,1.50
2013.07.26 12:24:24.042,7.86824,7.8702,1.50,1.69
2013.07.26 12:24:34.115,7.86808,7.86999,2.25,1.50
2013.07.26 12:24:34.423,7.86805,7.86999,1.50,1.50
2013.07.26 12:24:35.434,7.86805,7.86999,3.00,1.50
2013.07.26 12:24:36.467,7.86803,7.86999,1.50,1.50
2013.07.26 12:24:36.962,7.86797,7.86991,1.69,1.50
2013.07.26 12:24:37.142,7.86775,7.86969,1.50,1.50
2013.07.26 12:24:37.443,7.8677,7.86964,1.50,1.50
2013.07.26 12:24:38.543,7.8676,7.86944,2.25,1.69
2013.07.26 12:24:38.602,7.86736,7.86932,1.50,1.50
2013.07.26 12:24:38.912,7.86709,7.86933,1.69,1.50
2013.07.26 12:24:39.272,7.86692,7.86942,1.69,1.50
2013.07.26 12:24:40.224,7.86691,7.8694,1.69,1.50
2013.07.26 12:24:40.282,7.86691,7.8694,1.69,1.69
2013.07.26 12:24:40.812,7.86691,7.8694,1.69,1.69
2013.07.26 12:24:40.933,7.86678,7.8694,1.50,1.69
2013.07.26 12:24:41.112,7.8667,7.86934,1.69,1.69
2013.07.26 12:24:41.730,7.86668,7.86924,2.44,1.69
2013.07.26 12:24:42.204,7.86679,7.86924,1.50,1.69
2013.07.26 12:24:42.562,7.86679,7.86937,1.50,1.69
2013.07.26 12:24:43.282,7.86682,7.86937,1.69,1.69
2013.07.26 12:24:44.303,7.86687,7.86941,1.50,1.69
2013.07.26 12:24:45.044,7.86687,7.86943,1.50,2.44
2013.07.26 12:24:45.593,7.86692,7.86943,1.69,1.69
2013.07.26 12:24:45.653,7.86729,7.86935,1.50,1.69
2013.07.26 12:24:46.683,7.86668,7.86932,1.69,1.69
2013.07.26 12:24:46.743,7.86653,7.86927,1.69,1.69
2013.07.26 12:24:47.042,7.86672,7.86927,1.69,1.69
2013.07.26 12:24:47.582,7.86672,7.86927,1.69,1.69
2013.07.26 12:24:47.944,7.86669,7.86912,2.25,1.69
2013.07.26 12:24:48.302,7.86673,7.86912,2.40,1.69
2013.07.26 12:24:48.362,7.86671,7.86912,1.95,1.69
2013.07.26 12:24:48.542,7.86668,7.86912,1.88,1.69
2013.07.26 12:24:48.842,7.86668,7.86912,1.88,1.69
2013.07.26 12:24:49.143,7.86665,7.86912,1.73,1.69
2013.07.26 12:24:49.262,7.86665,7.86921,1.69,1.69
2013.07.26 12:24:49.323,7.86674,7.86925,1.69,1.69
2013.07.26 12:24:49.675,7.86685,7.86932,1.69,1.69
2013.07.26 12:24:50.232,7.86684,7.86937,1.69,1.69
2013.07.26 12:24:50.762,7.86684,7.86938,1.69,1.69
2013.07.26 12:24:50.942,7.86685,7.86939,1.69,1.69
2013.07.26 12:24:51.073,7.86674,7.86937,1.50,1.69
2013.07.26 12:24:51.192,7.86638,7.86904,1.69,1.69
2013.07.26 12:24:51.372,7.86649,7.86904,1.50,1.69
2013.07.26 12:24:51.673,7.86658,7.86904,1.73,1.69
2013.07.26 12:24:51.792,7.86658,7.86912,1.92,1.69
2013.07.26 12:24:51.853,7.86664,7.86912,1.73,1.69
2013.07.26 12:24:51.973,7.86664,7.86912,1.92,1.69
2013.07.26 12:24:52.215,7.86664,7.86919,1.92,1.69
2013.07.26 12:24:52.392,7.86664,7.86919,1.92,1.69
2013.07.26 12:24:53.532,7.86664,7.86919,1.92,1.69
2013.07.26 12:24:53.592,7.86674,7.8692,1.69,1.69
2013.07.26 12:24:53.772,7.86674,7.86928,1.69,1.69
2013.07.26 12:24:54.072,7.86677,7.86928,2.37,1.69
2013.07.26 12:24:54.694,7.86677,7.86928,2.37,1.69
2013.07.26 12:24:54.995,7.86677,7.86928,2.18,1.69
2013.07.26 12:24:55.053,7.86654,7.86928,1.69,1.69
2013.07.26 12:24:55.713,7.86663,7.86919,1.69,1.69
2013.07.26 12:24:56.393,7.86663,7.86919,1.69,1.69
2013.07.26 12:24:56.572,7.86649,7.86919,1.69,1.69
2013.07.26 12:24:57.052,7.86658,7.86924,1.69,1.69
2013.07.26 12:24:57.612,7.86669,7.86924,1.69,1.69
2013.07.26 12:24:57.674,7.86672,7.86929,1.50,1.69
2013.07.26 12:24:58.402,7.86672,7.86929,1.69,1.69
2013.07.26 12:24:59.404,7.86685,7.8694,1.69,1.69
2013.07.26 12:24:59.782,7.86676,7.8693,2.52,1.69
2013.07.26 12:24:59.903,7.86656,7.8693,1.69,1.69
2013.07.26 12:25:00.026,7.86648,7.8692,1.69,1.69
2013.07.26 12:25:00.822,7.86654,7.8691,1.69,1.69
2013.07.26 12:25:01.243,7.86666,7.8692,1.69,1.69
2013.07.26 12:25:01.306,7.86666,7.86922,1.69,1.69
2013.07.26 12:25:01.923,7.86666,7.86922,1.69,1.69
2013.07.26 12:25:02.556,7.86667,7.86921,1.69,1.69
2013.07.26 12:25:02.863,7.86676,7.86921,1.69,1.69
2013.07.26 12:25:03.356,7.86669,7.86924,2.55,1.69
2013.07.26 12:25:03.862,7.86677,7.86923,1.50,1.69
2013.07.26 12:25:04.163,7.86686,7.86938,2.03,1.69
2013.07.26 12:25:04.223,7.86686,7.86938,2.22,1.69
2013.07.26 12:25:04.402,7.86684,7.86938,2.22,1.69
2013.07.26 12:25:04.852,7.86683,7.86938,1.69,1.69
2013.07.26 12:25:05.032,7.86683,7.86938,1.50,1.69
2013.07.26 12:25:05.092,7.86656,7.8691,1.50,1.69
2013.07.26 12:25:05.152,7.86649,7.86907,1.69,1.69
2013.07.26 12:25:06.232,7.86658,7.86918,1.50,1.69
2013.07.26 12:25:06.413,7.86658,7.86914,1.50,1.69
2013.07.26 12:25:06.473,7.86658,7.86914,1.50,1.69
2013.07.26 12:25:06.952,7.86651,7.86907,1.69,1.69
2013.07.26 12:25:07.507,7.86665,7.8692,1.50,1.69
2013.07.26 12:25:07.872,7.86659,7.86913,1.50,1.69
2013.07.26 12:25:07.992,7.86652,7.86908,1.50,1.69
2013.07.26 12:25:08.052,7.86645,7.86899,1.50,1.69
2013.07.26 12:25:08.603,7.86652,7.86896,1.50,1.69
2013.07.26 12:25:08.783,7.86652,7.86896,1.69,1.69
2013.07.26 12:25:09.024,7.86654,7.86896,2.44,1.69
2013.07.26 12:25:09.354,7.86652,7.86896,1.50,1.69
2013.07.26 12:25:09.533,7.86644,7.86896,1.50,1.69
2013.07.26 12:25:09.962,7.86641,7.86897,1.50,1.69
2013.07.26 12:25:10.213,7.86641,7.86897,1.69,1.69
2013.07.26 12:25:10.334,7.86656,7.86897,3.12,1.69
2013.07.26 12:25:10.513,7.86653,7.86904,2.07,1.69
2013.07.26 12:25:10.872,7.86649,7.86904,3.49,1.69
2013.07.26 12:25:11.473,7.86649,7.86904,3.30,1.69
2013.07.26 12:25:11.652,7.86642,7.86897,1.69,1.69
2013.07.26 12:25:11.832,7.86648,7.86897,2.40,1.69
2013.07.26 12:25:12.152,7.86652,7.86897,2.18,1.69
2013.07.26 12:25:12.272,7.86648,7.86897,1.50,1.69
2013.07.26 12:25:12.864,7.86648,7.86897,1.50,1.69
2013.07.26 12:25:13.042,7.86642,7.86897,1.69,1.69
2013.07.26 12:25:13.162,7.86646,7.86897,1.88,1.69
2013.07.26 12:25:13.842,7.86644,7.86897,1.77,1.69
2013.07.26 12:25:14.237,7.86644,7.86897,1.58,1.69
2013.07.26 12:25:14.592,7.86642,7.86897,1.50,1.69
2013.07.26 12:25:14.832,7.86642,7.86897,1.50,1.69
2013.07.26 12:25:14.954,7.86621,7.86874,1.69,1.99
2013.07.26 12:25:15.552,7.86614,7.86859,1.50,1.69
2013.07.26 12:25:15.922,7.86612,7.86852,1.50,2.89
2013.07.26 12:25:15.982,7.86612,7.86852,1.69,2.89
2013.07.26 12:25:16.462,7.86607,7.86892,1.69,1.69
2013.07.26 12:25:16.522,7.86623,7.86892,1.69,1.69
2013.07.26 12:25:16.583,7.86623,7.86881,1.69,1.69
2013.07.26 12:25:17.033,7.86598,7.86891,2.22,3.12
2013.07.26 12:25:17.642,7.86611,7.86852,1.69,2.07
2013.07.26 12:25:18.135,7.86611,7.86842,1.69,2.67
2013.07.26 12:25:18.384,7.86611,7.86842,1.50,2.67
2013.07.26 12:25:19.063,7.866,7.86862,1.69,1.69
2013.07.26 12:25:19.123,7.86607,7.86863,1.69,1.69
2013.07.26 12:25:19.682,7.86607,7.86861,1.50,1.92
2013.07.26 12:25:21.243,7.86607,7.86862,1.50,2.52
2013.07.26 12:25:22.300,7.86607,7.86848,1.50,2.67
2013.07.26 12:25:23.942,7.86607,7.86847,1.50,2.67
2013.07.26 12:25:24.726,7.86599,7.86854,1.69,1.69
2013.07.26 12:25:24.915,7.86587,7.86852,1.69,1.69
2013.07.26 12:25:25.042,7.86587,7.86852,1.69,1.69
2013.07.26 12:25:25.168,7.86574,7.86821,1.69,2.97
2013.07.26 12:25:25.233,7.86574,7.86821,1.50,2.97
2013.07.26 12:25:25.472,7.86574,7.8681,1.50,1.69
2013.07.26 12:25:25.893,7.8658,7.86807,1.50,1.69
2013.07.26 12:25:26.373,7.8658,7.86802,1.50,1.92
2013.07.26 12:25:26.732,7.86558,7.86757,1.50,2.07
2013.07.26 12:25:26.792,7.86555,7.86757,1.50,2.07
2013.07.26 12:25:26.973,7.86555,7.86766,1.50,2.59
2013.07.26 12:25:27.775,7.86541,7.86766,1.50,2.59
2013.07.26 12:25:28.074,7.86541,7.86754,1.50,2.82
2013.07.26 12:25:28.793,7.86526,7.86754,1.69,2.82
2013.07.26 12:25:28.853,7.86526,7.86754,1.50,2.82
2013.07.26 12:25:29.924,7.86526,7.8676,1.50,1.69
2013.07.26 12:25:30.282,7.86518,7.86762,1.50,2.29
2013.07.26 12:25:30.644,7.86527,7.86758,1.50,2.52
2013.07.26 12:25:31.039,7.86533,7.86762,1.50,2.07
2013.07.26 12:25:32.023,7.86539,7.86753,1.50,2.59
2013.07.26 12:25:32.548,7.86539,7.86762,1.50,2.14
2013.07.26 12:25:33.502,7.86539,7.86754,1.50,3.04
2013.07.26 12:25:33.570,7.8653,7.86754,1.50,3.04
2013.07.26 12:25:33.637,7.8653,7.86758,1.50,2.29
2013.07.26 12:25:34.258,7.8653,7.86763,1.50,2.37
2013.07.26 12:25:34.744,7.8654,7.86754,1.50,2.82
2013.07.26 12:25:35.113,7.8654,7.86758,1.50,3.04
2013.07.26 12:25:35.172,7.8654,7.86762,1.50,3.04
2013.07.26 12:25:35.492,7.86532,7.86762,1.50,3.04
2013.07.26 12:25:36.453,7.86532,7.86754,1.50,2.37
2013.07.26 12:25:36.814,7.86539,7.86763,1.50,2.89
2013.07.26 12:25:37.371,7.8655,7.86763,1.50,2.89
2013.07.26 12:25:37.492,7.86543,7.86763,1.50,2.89
2013.07.26 12:25:37.762,7.86543,7.86753,1.50,2.22
2013.07.26 12:25:38.103,7.86543,7.86758,1.50,2.89
2013.07.26 12:25:38.678,7.86543,7.86762,1.50,2.44
2013.07.26 12:25:38.762,7.86543,7.86762,1.50,2.44
2013.07.26 12:25:39.295,7.86543,7.86753,1.50,1.95
2013.07.26 12:25:39.605,7.86543,7.86758,1.50,2.07
2013.07.26 12:25:39.842,7.86543,7.86763,1.50,2.44
2013.07.26 12:25:40.752,7.86543,7.86763,1.50,2.44
2013.07.26 12:25:41.871,7.86543,7.86763,1.50,1.84
2013.07.26 12:25:42.363,7.86543,7.86754,1.50,2.59
2013.07.26 12:25:42.606,7.86543,7.86758,1.50,2.22
2013.07.26 12:25:43.483,7.86543,7.86762,1.50,2.89
2013.07.26 12:25:43.902,7.86526,7.86754,1.50,1.77
2013.07.26 12:25:44.888,7.86526,7.86763,1.69,1.92
2013.07.26 12:25:45.333,7.86526,7.86754,1.69,2.37
2013.07.26 12:25:45.692,7.86526,7.86757,1.69,2.14
2013.07.26 12:25:45.812,7.86526,7.86762,1.69,2.29
2013.07.26 12:25:46.476,7.86526,7.86762,1.69,2.29
2013.07.26 12:25:46.883,7.86526,7.86754,1.69,1.50
2013.07.26 12:25:47.122,7.86526,7.86758,1.69,2.37
2013.07.26 12:25:47.362,7.86526,7.86762,1.69,2.07
2013.07.26 12:25:47.562,7.86526,7.86762,1.50,2.07
2013.07.26 12:25:48.352,7.86526,7.86753,1.50,2.74
2013.07.26 12:25:48.533,7.86526,7.86757,1.50,1.99
2013.07.26 12:25:49.504,7.86526,7.86762,1.69,2.07
2013.07.26 12:25:50.201,7.86526,7.86757,1.69,3.04
2013.07.26 12:25:50.384,7.86526,7.86762,1.69,1.92
2013.07.26 12:25:50.562,7.86526,7.86762,1.69,1.92
2013.07.26 12:25:51.325,7.86534,7.86768,1.50,2.37
2013.07.26 12:25:51.953,7.86549,7.86771,1.50,2.97
2013.07.26 12:25:52.122,7.86549,7.86771,1.50,2.97
2013.07.26 12:25:52.622,7.86549,7.86777,1.69,3.12
2013.07.26 12:25:52.802,7.86549,7.86782,1.69,2.14
2013.07.26 12:25:53.842,7.86549,7.86784,1.69,1.69
2013.07.26 12:25:54.202,7.8657,7.86786,1.50,1.69
2013.07.26 12:25:54.628,7.8657,7.86791,1.50,2.22
2013.07.26 12:25:54.933,7.8657,7.86791,1.50,2.22
2013.07.26 12:25:55.292,7.86548,7.86759,1.50,2.78
2013.07.26 12:25:55.652,7.86548,7.86762,1.50,2.40
2013.07.26 12:25:56.312,7.86548,7.86762,1.50,2.40
2013.07.26 12:25:56.623,7.86556,7.86755,1.50,2.93
2013.07.26 12:25:57.193,7.86556,7.86755,1.50,2.93
2013.07.26 12:25:58.355,7.86547,7.86757,1.50,2.63
2013.07.26 12:25:58.483,7.86547,7.86762,1.50,2.70
2013.07.26 12:25:59.444,7.86547,7.86762,1.50,2.89
2013.07.26 12:25:59.802,7.86547,7.86754,1.50,2.07
2013.07.26 12:25:59.922,7.86547,7.86758,1.50,2.97
2013.07.26 12:26:00.463,7.86547,7.86762,1.69,2.33
2013.07.26 12:26:00.523,7.86558,7.86762,1.69,2.33
2013.07.26 12:26:00.702,7.86558,7.86792,1.69,1.69
2013.07.26 12:26:00.882,7.86558,7.86791,1.69,2.82
2013.07.26 12:26:01.362,7.86558,7.86792,1.69,1.69
2013.07.26 12:26:01.672,7.86558,7.86792,1.69,1.50
2013.07.26 12:26:01.792,7.86558,7.86802,1.69,1.50
2013.07.26 12:26:02.042,7.86555,7.86811,1.69,1.69
2013.07.26 12:26:02.432,7.86555,7.86807,1.69,3.04
2013.07.26 12:26:02.634,7.86555,7.86811,1.69,1.69
2013.07.26 12:26:03.223,7.86555,7.86811,1.69,1.50
2013.07.26 12:26:03.462,7.86555,7.86811,1.69,1.50
2013.07.26 12:26:03.893,7.86565,7.8682,1.69,1.69
2013.07.26 12:26:04.012,7.86565,7.86819,1.69,2.22
2013.07.26 12:26:04.364,7.86565,7.86819,1.69,2.22
2013.07.26 12:26:05.269,7.86565,7.8682,1.69,1.50
2013.07.26 12:26:05.338,7.86571,7.86827,1.69,1.69
2013.07.26 12:26:06.223,7.86572,7.86827,1.69,1.50
2013.07.26 12:26:06.743,7.86579,7.86834,1.69,1.69
2013.07.26 12:26:07.304,7.86579,7.86834,1.69,1.50
2013.07.26 12:26:07.365,7.86582,7.86836,1.69,1.50
2013.07.26 12:26:08.522,7.86587,7.86841,1.50,1.69
2013.07.26 12:26:08.713,7.8656,7.86802,1.69,2.44
2013.07.26 12:26:08.773,7.86551,7.86802,1.69,2.44
2013.07.26 12:26:09.013,7.86551,7.86802,1.69,2.25
2013.07.26 12:26:09.641,7.86566,7.86802,1.69,2.25
2013.07.26 12:26:10.013,7.86566,7.86806,1.69,1.88
2013.07.26 12:26:10.372,7.86566,7.86812,1.69,2.07
2013.07.26 12:26:11.322,7.86566,7.86817,1.69,2.07
2013.07.26 12:26:11.742,7.86575,7.86822,1.69,2.14
2013.07.26 12:26:12.892,7.86575,7.8683,1.69,1.69
2013.07.26 12:26:13.923,7.86575,7.8683,1.69,1.69
2013.07.26 12:26:14.244,7.86584,7.86838,1.69,1.69
2013.07.26 12:26:14.303,7.86584,7.86838,1.69,1.69
2013.07.26 12:26:16.402,7.86592,7.86845,2.44,1.69
2013.07.26 12:26:16.762,7.86595,7.8679,1.69,1.50
2013.07.26 12:26:16.821,7.86595,7.8679,1.50,1.50
2013.07.26 12:26:19.562,7.86594,7.8679,1.50,1.69
2013.07.26 12:26:19.623,7.86572,7.86778,1.50,2.44
2013.07.26 12:26:19.682,7.86553,7.86736,1.50,2.18
2013.07.26 12:26:20.673,7.86527,7.86736,1.50,2.18
2013.07.26 12:26:21.273,7.86527,7.86736,1.50,2.37
2013.07.26 12:26:21.618,7.86509,7.86735,1.50,1.69
2013.07.26 12:26:21.690,7.86473,7.86709,1.69,2.89
2013.07.26 12:26:22.474,7.86473,7.86709,1.50,2.89
2013.07.26 12:26:22.653,7.86473,7.86709,1.50,2.89
2013.07.26 12:26:23.969,7.86465,7.86703,1.50,2.67
2013.07.26 12:26:24.033,7.86459,7.86703,1.50,2.67
2013.07.26 12:26:24.093,7.86459,7.86703,1.50,2.67
2013.07.26 12:26:24.452,7.86462,7.86696,1.50,2.52
2013.07.26 12:26:25.262,7.86462,7.86693,1.50,3.12
2013.07.26 12:26:25.452,7.86462,7.86693,1.50,3.12
2013.07.26 12:26:25.633,7.86445,7.8669,1.50,1.69
2013.07.26 12:26:26.703,7.86446,7.86685,2.25,3.12
2013.07.26 12:26:26.944,7.86467,7.86685,1.50,2.93
2013.07.26 12:26:27.014,7.86467,7.86685,1.50,2.93
2013.07.26 12:26:27.132,7.86467,7.8669,1.50,3.04
2013.07.26 12:26:28.023,7.86467,7.8669,1.50,3.04
2013.07.26 12:26:28.142,7.86467,7.86687,1.50,1.84
2013.07.26 12:26:28.382,7.86456,7.86681,1.50,2.59
2013.07.26 12:26:28.892,7.86456,7.86603,1.50,1.50
2013.07.26 12:26:29.192,7.86383,7.86579,1.50,1.69
2013.07.26 12:26:29.503,7.86383,7.86579,1.50,1.69
2013.07.26 12:26:29.563,7.86383,7.86534,1.50,1.95
2013.07.26 12:26:29.922,7.86376,7.86529,1.50,1.73
2013.07.26 12:26:30.434,7.86376,7.86529,1.50,1.73
2013.07.26 12:26:31.072,7.86403,7.86529,2.25,1.73
2013.07.26 12:26:31.133,7.86413,7.86611,1.50,1.50
2013.07.26 12:26:31.252,7.86413,7.86615,1.50,1.69
2013.07.26 12:26:31.373,7.86398,7.8661,1.50,1.50
2013.07.26 12:26:31.692,7.86398,7.866,1.50,1.73
2013.07.26 12:26:31.992,7.86335,7.86523,1.69,2.25
2013.07.26 12:26:32.172,7.86397,7.86593,1.50,1.50
2013.07.26 12:26:32.292,7.86396,7.86593,1.50,1.69
2013.07.26 12:26:32.352,7.86385,7.86589,1.50,2.44
2013.07.26 12:26:32.412,7.86376,7.86589,1.50,2.44
2013.07.26 12:26:32.592,7.86335,7.86599,2.44,1.69
2013.07.26 12:26:32.667,7.86308,7.86609,2.97,1.84
2013.07.26 12:26:32.732,7.8636,7.86621,2.44,1.92
2013.07.26 12:26:33.152,7.8637,7.86579,1.50,1.13
2013.07.26 12:26:33.453,7.8632,7.86508,1.50,2.44
2013.07.26 12:26:36.522,7.86304,7.86491,1.50,1.69
2013.07.26 12:26:36.883,7.86311,7.86507,1.50,1.50
2013.07.26 12:26:36.942,7.86322,7.86511,2.25,1.50
2013.07.26 12:26:37.002,7.86332,7.86528,1.50,1.50
2013.07.26 12:26:37.062,7.86332,7.86536,1.50,1.69
2013.07.26 12:26:37.242,7.8634,7.86538,1.50,2.52
2013.07.26 12:26:37.743,7.86326,7.86539,1.50,2.52
2013.07.26 12:26:38.437,7.86327,7.86549,1.69,2.18
2013.07.26 12:26:38.623,7.86343,7.86571,1.69,1.69
2013.07.26 12:26:38.683,7.86343,7.86572,1.69,3.04
2013.07.26 12:26:38.862,7.86343,7.86575,1.69,1.84
2013.07.26 12:26:39.243,7.86359,7.86575,1.50,1.84
2013.07.26 12:26:39.433,7.86361,7.86602,1.69,2.74
2013.07.26 12:26:39.496,7.86361,7.86602,1.69,2.55
2013.07.26 12:26:39.622,7.86409,7.86609,1.50,2.74
2013.07.26 12:26:39.862,7.86419,7.86625,1.50,1.69
2013.07.26 12:26:40.224,7.8641,7.86633,1.50,1.77
2013.07.26 12:26:40.822,7.8641,7.86642,1.69,2.78
2013.07.26 12:26:40.943,7.86428,7.86682,1.69,2.44
2013.07.26 12:26:41.003,7.86443,7.86677,1.50,1.69
2013.07.26 12:26:41.363,7.86436,7.86665,1.50,1.99
2013.07.26 12:26:41.602,7.86436,7.8666,1.50,2.07
2013.07.26 12:26:42.143,7.86436,7.86669,1.50,2.59
2013.07.26 12:26:42.482,7.86436,7.86661,1.50,1.69
2013.07.26 12:26:42.749,7.86436,7.86681,1.69,1.69
2013.07.26 12:26:42.934,7.86448,7.86683,1.69,1.69
2013.07.26 12:26:43.364,7.86443,7.86697,1.69,1.69
2013.07.26 12:26:43.723,7.86436,7.8669,1.69,1.69
2013.07.26 12:26:43.913,7.86436,7.8669,1.69,1.69
2013.07.26 12:26:44.154,7.8643,7.86672,1.69,1.77
2013.07.26 12:26:44.573,7.8643,7.86681,1.69,1.69
2013.07.26 12:26:45.242,7.8643,7.86688,1.69,1.69
2013.07.26 12:26:45.482,7.86432,7.86688,1.69,1.69
2013.07.26 12:26:45.671,7.86432,7.86684,1.69,2.22
2013.07.26 12:26:45.912,7.86432,7.86688,1.69,3.57
2013.07.26 12:26:46.092,7.86432,7.86684,1.69,2.07
2013.07.26 12:26:46.423,7.86432,7.86684,1.69,2.07
2013.07.26 12:26:46.833,7.86432,7.86678,1.69,1.69
2013.07.26 12:26:47.192,7.86434,7.86671,1.69,2.22
2013.07.26 12:26:47.561,7.8644,7.86685,1.50,1.69
2013.07.26 12:26:47.894,7.8644,7.86682,1.50,1.69
2013.07.26 12:26:49.035,7.8644,7.86674,1.50,2.37
2013.07.26 12:26:49.153,7.8644,7.86671,1.50,1.69
2013.07.26 12:26:50.152,7.86437,7.86686,1.50,1.69
2013.07.26 12:26:51.443,7.8644,7.86679,1.50,2.44
2013.07.26 12:26:52.293,7.8644,7.86686,1.69,1.69
2013.07.26 12:26:52.353,7.8644,7.86696,1.69,1.69
2013.07.26 12:26:53.002,7.86442,7.86696,1.69,1.69
2013.07.26 12:26:53.063,7.86459,7.86716,1.69,1.69
2013.07.26 12:26:53.182,7.8647,7.86725,1.69,2.44
2013.07.26 12:26:53.542,7.8647,7.86717,1.69,1.69
2013.07.26 12:26:54.212,7.8647,7.86717,1.69,1.69
2013.07.26 12:26:54.552,7.86477,7.86723,1.69,1.69
2013.07.26 12:26:54.672,7.86477,7.86723,1.69,1.69
2013.07.26 12:26:54.732,7.8648,7.86723,2.25,1.69
2013.07.26 12:26:54.972,7.86489,7.86723,1.69,1.69
2013.07.26 12:26:55.040,7.86489,7.86723,1.69,1.69
2013.07.26 12:26:55.842,7.86494,7.86719,1.69,1.50
2013.07.26 12:26:56.188,7.86494,7.8672,1.69,1.50
2013.07.26 12:26:57.494,7.86497,7.86751,2.44,1.69
2013.07.26 12:26:57.672,7.86497,7.86751,2.44,1.69
2013.07.26 12:26:58.502,7.86497,7.86751,2.44,1.69
2013.07.26 12:26:58.562,7.86517,7.86751,1.50,1.69
2013.07.26 12:26:58.883,7.86529,7.86753,1.50,1.69
2013.07.26 12:26:59.603,7.86531,7.86755,1.69,1.69
2013.07.26 12:27:00.415,7.86531,7.86755,1.69,1.69
2013.07.26 12:27:00.593,7.86528,7.86764,1.69,1.69
2013.07.26 12:27:00.836,7.86487,7.86728,1.50,1.69
2013.07.26 12:27:00.963,7.86492,7.86726,1.50,1.69
2013.07.26 12:27:02.032,7.86484,7.86709,1.50,1.69
2013.07.26 12:27:03.044,7.86495,7.86722,1.50,1.69
2013.07.26 12:27:03.104,7.86495,7.86612,1.50,1.80
2013.07.26 12:27:03.403,7.86443,7.86573,1.50,1.50
2013.07.26 12:27:03.463,7.86387,7.86524,2.40,1.50
2013.07.26 12:27:03.582,7.86346,7.86524,1.50,1.50
2013.07.26 12:27:03.642,7.86358,7.86524,1.50,1.50
2013.07.26 12:27:03.762,7.86367,7.86527,1.50,1.50
2013.07.26 12:27:03.823,7.86367,7.86547,1.69,1.50
2013.07.26 12:27:03.942,7.86424,7.8662,1.50,1.50
2013.07.26 12:27:04.242,7.86424,7.86625,1.50,1.50
2013.07.26 12:27:04.302,7.86432,7.86626,1.50,1.69
2013.07.26 12:27:04.753,7.86439,7.86634,1.50,1.69
2013.07.26 12:27:05.112,7.86355,7.86551,1.50,1.50
2013.07.26 12:27:05.413,7.86349,7.8654,1.50,1.50
2013.07.26 12:27:05.962,7.86349,7.86415,1.50,2.93
2013.07.26 12:27:06.022,7.86339,7.86412,2.18,2.93
2013.07.26 12:27:06.082,7.86268,7.86402,1.58,1.50
2013.07.26 12:27:06.202,7.86233,7.86403,1.50,1.50
2013.07.26 12:27:06.262,7.86229,7.86404,1.50,1.50
2013.07.26 12:27:06.382,7.86269,7.86463,1.50,1.50
2013.07.26 12:27:06.507,7.86269,7.86463,1.50,1.50
2013.07.26 12:27:06.932,7.86287,7.8647,2.25,1.50
2013.07.26 12:27:07.633,7.86298,7.86473,1.50,1.50
2013.07.26 12:27:11.333,7.86264,7.86452,2.25,1.69
2013.07.26 12:27:11.393,7.86258,7.86452,1.50,1.69
2013.07.26 12:27:11.693,7.8628,7.8645,2.03,2.44
2013.07.26 12:27:11.932,7.86314,7.86508,1.50,1.50
2013.07.26 12:27:11.992,7.86314,7.86508,1.50,1.50
2013.07.26 12:27:12.113,7.86328,7.86542,1.50,1.50
2013.07.26 12:27:12.302,7.86348,7.86552,1.50,2.44
2013.07.26 12:27:12.622,7.86358,7.86554,1.50,1.69
2013.07.26 12:27:13.122,7.86367,7.86563,1.50,1.50
2013.07.26 12:27:13.423,7.86372,7.86566,1.50,1.50
2013.07.26 12:27:13.723,7.86373,7.86569,1.50,1.50
2013.07.26 12:27:13.842,7.86373,7.86569,1.50,1.50
2013.07.26 12:27:15.182,7.86381,7.86575,1.50,1.50
2013.07.26 12:27:15.516,7.86396,7.8659,1.50,1.50
2013.07.26 12:27:16.282,7.86396,7.8659,1.50,1.50
2013.07.26 12:27:16.583,7.86413,7.86607,1.50,1.50
2013.07.26 12:27:16.822,7.86417,7.86607,2.25,1.50
2013.07.26 12:27:17.303,7.86429,7.86623,2.25,1.50
2013.07.26 12:27:18.173,7.86455,7.86649,1.69,1.50
2013.07.26 12:27:18.532,7.86469,7.86663,1.50,1.50
2013.07.26 12:27:18.832,7.86481,7.86677,1.50,1.50
2013.07.26 12:27:19.132,7.86495,7.86683,2.25,1.50
2013.07.26 12:27:19.492,7.86521,7.86715,1.50,1.50
2013.07.26 12:27:20.303,7.86527,7.86723,1.50,1.50
2013.07.26 12:27:21.742,7.86527,7.86723,1.69,1.50
2013.07.26 12:27:23.133,7.86529,7.86722,1.50,1.50
2013.07.26 12:27:23.312,7.86534,7.86731,1.50,1.50
2013.07.26 12:27:23.372,7.86537,7.8675,1.50,1.50
2013.07.26 12:27:23.492,7.86537,7.86744,1.50,2.25
2013.07.26 12:27:24.403,7.86527,7.86731,1.50,1.50
2013.07.26 12:27:24.582,7.86527,7.86733,1.50,1.50
2013.07.26 12:27:24.642,7.86519,7.86733,3.19,2.25
2013.07.26 12:27:26.053,7.8653,7.86734,1.50,1.50
2013.07.26 12:27:27.153,7.8653,7.86734,1.69,1.50
2013.07.26 12:27:27.339,7.8653,7.86734,3.19,1.50
2013.07.26 12:27:27.403,7.86537,7.8675,1.50,1.50
2013.07.26 12:27:28.272,7.86537,7.8675,1.69,1.50
2013.07.26 12:27:28.333,7.86546,7.8675,1.50,1.50
2013.07.26 12:27:28.573,7.86563,7.86766,2.25,1.69
2013.07.26 12:27:28.932,7.86581,7.86775,1.50,1.50
2013.07.26 12:27:29.683,7.8655,7.86746,1.50,1.50
2013.07.26 12:27:29.742,7.86529,7.86765,1.69,1.69
2013.07.26 12:27:29.923,7.8653,7.86765,2.44,1.69
2013.07.26 12:27:29.984,7.86538,7.86763,1.50,1.69
2013.07.26 12:27:30.102,7.8654,7.86771,1.50,1.69
2013.07.26 12:27:30.583,7.86537,7.86774,1.69,1.50
2013.07.26 12:27:30.642,7.86537,7.86771,1.69,1.50
2013.07.26 12:27:30.882,7.86534,7.86766,1.69,1.69
2013.07.26 12:27:30.943,7.86516,7.86759,1.69,1.69
2013.07.26 12:27:31.953,7.86518,7.86759,1.69,1.50
2013.07.26 12:27:32.312,7.86547,7.86755,1.50,1.50
2013.07.26 12:27:32.614,7.86549,7.86753,1.69,1.50
2013.07.26 12:27:33.396,7.86553,7.86762,1.69,1.50
2013.07.26 12:27:33.585,7.86548,7.86762,1.69,1.50
2013.07.26 12:27:33.824,7.86558,7.86769,1.69,1.50
2013.07.26 12:27:33.943,7.8656,7.86764,1.69,1.50
2013.07.26 12:27:34.793,7.86564,7.86764,1.50,1.50
2013.07.26 12:27:34.972,7.86547,7.86743,1.50,1.50
2013.07.26 12:27:35.334,7.86552,7.86748,1.50,1.50
2013.07.26 12:27:36.593,7.86544,7.8674,1.50,1.50
2013.07.26 12:27:36.657,7.8653,7.8674,1.69,1.50
2013.07.26 12:27:36.723,7.86513,7.86745,1.69,1.50
2013.07.26 12:27:37.485,7.86505,7.86775,1.69,2.44
2013.07.26 12:27:37.543,7.86458,7.86797,2.74,2.59
2013.07.26 12:27:39.193,7.86479,7.86791,2.37,2.14
2013.07.26 12:27:40.672,7.86464,7.86772,2.52,2.07
2013.07.26 12:27:42.272,7.86486,7.86791,1.69,1.69
2013.07.26 12:27:42.573,7.86518,7.86732,1.69,1.50
2013.07.26 12:27:43.957,7.86518,7.86732,1.69,1.50
2013.07.26 12:27:44.413,7.86509,7.86745,1.69,1.50
2013.07.26 12:27:44.833,7.86522,7.86748,1.69,1.50
2013.07.26 12:27:45.494,7.86523,7.86757,1.69,1.50
2013.07.26 12:27:46.443,7.86523,7.86757,1.69,1.50
2013.07.26 12:27:46.814,7.86535,7.86761,1.69,1.50
2013.07.26 12:27:47.174,7.86554,7.8676,1.69,1.50
2013.07.26 12:27:47.654,7.86555,7.86769,1.69,1.50
2013.07.26 12:27:49.383,7.86546,7.8676,1.69,1.50
2013.07.26 12:27:49.743,7.86551,7.86745,1.50,1.50
2013.07.26 12:27:51.513,7.86553,7.86759,1.50,1.50
2013.07.26 12:27:52.595,7.86564,7.8677,1.50,1.50
2013.07.26 12:27:52.713,7.86568,7.86782,1.50,1.69
2013.07.26 12:27:53.903,7.86568,7.86782,1.50,1.69
2013.07.26 12:27:54.903,7.86567,7.86793,1.69,1.50
2013.07.26 12:27:55.784,7.86567,7.86801,1.69,1.50
2013.07.26 12:27:56.142,7.86573,7.86807,2.44,1.50
2013.07.26 12:27:56.322,7.86581,7.86807,1.69,1.50
2013.07.26 12:27:57.553,7.86579,7.86813,1.69,1.50
2013.07.26 12:27:57.793,7.86579,7.86813,1.50,1.69
2013.07.26 12:27:57.912,7.8655,7.86794,1.69,1.69
2013.07.26 12:27:58.033,7.86555,7.86779,1.69,1.50
2013.07.26 12:27:58.554,7.86555,7.86771,1.69,1.50
2013.07.26 12:27:58.913,7.86555,7.86771,1.50,1.69
2013.07.26 12:27:59.233,7.8655,7.86756,1.50,1.50
2013.07.26 12:27:59.592,7.86563,7.86769,1.50,1.69
2013.07.26 12:28:00.553,7.86563,7.86769,1.50,1.69
2013.07.26 12:28:00.933,7.86553,7.86766,1.50,2.44
2013.07.26 12:28:07.043,7.86559,7.86752,1.50,1.69
2013.07.26 12:28:07.222,7.86559,7.86754,1.50,1.50
2013.07.26 12:28:07.467,7.8656,7.86777,1.50,1.69
2013.07.26 12:28:07.915,7.8656,7.86761,1.50,1.50
2013.07.26 12:28:08.042,7.865,7.86621,1.50,1.50
2013.07.26 12:28:08.102,7.8649,7.86621,2.93,2.25
2013.07.26 12:28:08.223,7.86489,7.8662,1.92,1.50
2013.07.26 12:28:08.342,7.86537,7.86678,1.50,1.50
2013.07.26 12:28:08.464,7.86545,7.86708,2.25,2.25
2013.07.26 12:28:08.523,7.866,7.86783,1.50,1.50
2013.07.26 12:28:08.583,7.866,7.86778,1.50,1.50
2013.07.26 12:28:09.422,7.86602,7.86787,2.25,1.50
2013.07.26 12:28:11.252,7.86616,7.86806,2.25,1.50
2013.07.26 12:28:12.083,7.86627,7.86821,1.50,1.50
2013.07.26 12:28:13.722,7.86634,7.86809,1.50,1.35
2013.07.26 12:28:13.903,7.86524,7.86703,1.50,1.50
2013.07.26 12:28:13.962,7.86524,7.86703,1.50,1.50
2013.07.26 12:28:17.907,7.86525,7.86701,1.35,1.69
2013.07.26 12:28:18.214,7.86547,7.86712,1.69,1.50
2013.07.26 12:28:18.336,7.8658,7.86774,1.50,1.50
2013.07.26 12:28:18.463,7.86598,7.86792,1.50,1.50
2013.07.26 12:28:19.303,7.86598,7.86792,1.50,1.50
2013.07.26 12:28:19.422,7.86613,7.86809,1.50,1.50
2013.07.26 12:28:22.242,7.86618,7.86809,1.69,1.50
2013.07.26 12:28:23.043,7.86629,7.86825,1.50,1.50
2013.07.26 12:28:27.982,7.86629,7.86782,1.50,3.67
2013.07.26 12:28:28.102,7.86578,7.86757,2.25,1.50
2013.07.26 12:28:28.163,7.86578,7.86746,1.50,1.50
2013.07.26 12:28:28.223,7.86552,7.86746,1.50,1.50
2013.07.26 12:28:28.343,7.86568,7.86763,1.50,1.69
2013.07.26 12:28:28.403,7.86535,7.86731,1.50,1.50
2013.07.26 12:28:29.432,7.86535,7.8668,1.50,2.85
2013.07.26 12:28:29.834,7.86515,7.86675,2.25,1.50
2013.07.26 12:28:29.912,7.86457,7.86653,1.50,1.50
2013.07.26 12:28:30.834,7.86448,7.86642,3.00,2.44
2013.07.26 12:28:30.892,7.86438,7.86624,2.25,1.69
2013.07.26 12:28:30.952,7.8643,7.86624,1.50,1.69
2013.07.26 12:28:32.333,7.86423,7.86604,1.50,1.69
2013.07.26 12:28:32.513,7.86423,7.86605,1.50,1.69
2013.07.26 12:28:33.233,7.86423,7.86598,1.50,1.50
2013.07.26 12:28:33.413,7.86454,7.8665,1.50,1.50
2013.07.26 12:28:33.473,7.86467,7.86682,1.50,1.69
2013.07.26 12:28:33.654,7.86457,7.86682,1.50,2.82
2013.07.26 12:28:33.716,7.86457,7.86682,1.69,2.63
2013.07.26 12:28:34.304,7.86457,7.86681,1.69,2.10
2013.07.26 12:28:34.543,7.86457,7.86731,1.69,1.69
2013.07.26 12:28:34.602,7.86464,7.86732,1.69,1.69
2013.07.26 12:28:34.912,7.86479,7.86732,1.50,1.69
2013.07.26 12:28:35.153,7.86479,7.86731,1.69,1.69
2013.07.26 12:28:35.273,7.86485,7.86732,1.69,1.69
2013.07.26 12:28:35.633,7.86495,7.86742,1.69,1.69
2013.07.26 12:28:35.753,7.86495,7.86741,1.69,2.59
2013.07.26 12:28:35.933,7.86511,7.86741,1.69,2.59
2013.07.26 12:28:36.272,7.86511,7.86741,1.69,2.40
2013.07.26 12:28:36.333,7.86518,7.8678,1.69,1.69
2013.07.26 12:28:36.392,7.86535,7.86779,1.69,1.69
2013.07.26 12:28:36.633,7.86535,7.86781,1.69,1.69
2013.07.26 12:28:37.543,7.86535,7.86781,1.69,2.67
2013.07.26 12:28:37.603,7.86528,7.86781,1.69,2.67
2013.07.26 12:28:37.723,7.86528,7.86792,1.69,1.69
2013.07.26 12:28:38.094,7.8652,7.86776,1.69,1.69
2013.07.26 12:28:38.513,7.8652,7.86776,1.69,1.69
2013.07.26 12:28:38.872,7.86521,7.8678,1.69,1.69
2013.07.26 12:28:38.933,7.86521,7.8678,1.69,1.69
2013.07.26 12:28:40.143,7.86521,7.86787,1.69,1.69
2013.07.26 12:28:41.421,7.86521,7.86797,1.69,1.69
2013.07.26 12:28:42.963,7.86521,7.86797,1.69,1.69
2013.07.26 12:28:44.072,7.86521,7.86797,1.69,1.69
2013.07.26 12:28:45.174,7.86521,7.86797,1.69,1.69
2013.07.26 12:28:45.555,7.86558,7.86803,1.50,1.69
2013.07.26 12:28:46.773,7.8657,7.86804,2.44,2.25
2013.07.26 12:28:47.132,7.86607,7.86811,1.50,1.69
2013.07.26 12:28:47.492,7.86607,7.86811,1.50,1.50
2013.07.26 12:28:47.852,7.86613,7.86827,1.50,1.69
2013.07.26 12:28:49.042,7.8662,7.86834,1.50,1.69
2013.07.26 12:28:50.092,7.8663,7.86834,1.50,1.69
2013.07.26 12:28:50.397,7.86638,7.86832,1.50,1.50
2013.07.26 12:28:52.534,7.86644,7.8684,1.50,1.50
2013.07.26 12:28:52.773,7.86662,7.86858,1.50,1.50
2013.07.26 12:28:53.133,7.86689,7.86883,1.50,1.50
2013.07.26 12:28:53.472,7.86689,7.86883,1.50,1.50
2013.07.26 12:28:53.832,7.86719,7.86915,1.50,1.50
2013.07.26 12:28:55.173,7.8673,7.86936,1.69,1.50
2013.07.26 12:28:55.233,7.86749,7.86943,1.50,1.50
2013.07.26 12:28:55.543,7.86728,7.86918,2.44,1.50
2013.07.26 12:28:55.904,7.86732,7.86926,1.50,1.50
2013.07.26 12:28:56.262,7.86728,7.86913,2.44,1.50
2013.07.26 12:28:56.631,7.86728,7.86889,1.50,1.50
2013.07.26 12:28:56.872,7.86728,7.86911,2.25,1.50
2013.07.26 12:28:57.195,7.86728,7.86911,2.44,1.50
2013.07.26 12:28:57.315,7.86737,7.86917,1.69,1.50
2013.07.26 12:28:57.514,7.86739,7.86933,1.69,1.50
2013.07.26 12:28:58.203,7.86747,7.86941,1.69,1.50
2013.07.26 12:28:58.652,7.86766,7.86941,1.50,1.50
2013.07.26 12:28:58.713,7.86777,7.8696,1.50,1.50
2013.07.26 12:28:59.643,7.86785,7.8696,1.50,1.50
2013.07.26 12:28:59.823,7.86794,7.8697,1.50,1.50
2013.07.26 12:29:00.402,7.86794,7.8697,1.50,1.50
2013.07.26 12:29:03.263,7.86794,7.8697,1.50,1.50
2013.07.26 12:29:03.683,7.86774,7.8697,1.50,1.69
2013.07.26 12:29:03.743,7.86774,7.8697,1.50,1.69
2013.07.26 12:29:03.803,7.86746,7.8694,1.50,1.50
2013.07.26 12:29:03.862,7.86716,7.86906,1.50,1.50
2013.07.26 12:29:04.102,7.8669,7.86906,1.69,1.50
2013.07.26 12:29:05.083,7.86671,7.86885,1.69,1.50
2013.07.26 12:29:05.264,7.86665,7.86865,1.50,1.50
2013.07.26 12:29:05.323,7.86665,7.86842,1.50,1.50
2013.07.26 12:29:05.563,7.86647,7.86849,1.65,1.50
2013.07.26 12:29:05.933,7.86647,7.86849,1.65,1.69
2013.07.26 12:29:06.234,7.86638,7.86789,1.50,1.50
2013.07.26 12:29:06.355,7.86595,7.86777,1.50,1.69
2013.07.26 12:29:06.535,7.8656,7.86754,1.50,1.50
2013.07.26 12:29:07.194,7.86546,7.8674,1.50,1.50
2013.07.26 12:29:08.892,7.86546,7.8674,1.50,1.69
2013.07.26 12:29:10.703,7.86542,7.86738,1.50,1.69
2013.07.26 12:29:12.847,7.86532,7.86725,1.50,1.69
2013.07.26 12:29:12.973,7.86512,7.86725,1.50,1.69
2013.07.26 12:29:13.032,7.86533,7.86725,1.50,1.69
2013.07.26 12:29:13.593,7.86511,7.86724,1.50,1.69
2013.07.26 12:29:13.653,7.86531,7.86724,1.50,1.69
2013.07.26 12:29:13.992,7.86533,7.86724,1.50,1.50
2013.07.26 12:29:14.563,7.86533,7.86727,1.50,1.69
2013.07.26 12:29:14.862,7.86535,7.86728,2.25,1.69
2013.07.26 12:29:16.542,7.86529,7.86743,1.50,2.44
2013.07.26 12:29:16.663,7.8655,7.86743,1.50,1.69
2013.07.26 12:29:17.022,7.86551,7.86743,1.50,1.69
2013.07.26 12:29:17.082,7.86551,7.86743,1.50,1.69
2013.07.26 12:29:17.143,7.86551,7.86713,1.50,2.55
2013.07.26 12:29:17.677,7.8653,7.86706,1.50,1.50
2013.07.26 12:29:18.110,7.86521,7.86703,1.50,1.50
2013.07.26 12:29:18.175,7.86523,7.86707,2.25,1.50
2013.07.26 12:29:18.623,7.86532,7.86709,1.50,1.50
2013.07.26 12:29:23.593,7.8655,7.86744,1.50,1.69
2013.07.26 12:29:23.952,7.8655,7.86746,1.50,1.69
2013.07.26 12:29:27.403,7.86544,7.86728,1.50,1.50
2013.07.26 12:29:27.903,7.86541,7.8673,1.50,1.50
2013.07.26 12:29:30.043,7.86541,7.86734,1.50,2.44
2013.07.26 12:29:30.222,7.8652,7.86705,1.50,1.50
2013.07.26 12:29:30.532,7.86512,7.86705,1.50,1.50
2013.07.26 12:29:31.502,7.86512,7.86704,1.50,1.69
2013.07.26 12:29:31.692,7.86515,7.86704,1.50,1.69
2013.07.26 12:29:32.073,7.86508,7.86704,1.50,1.69
2013.07.26 12:29:32.133,7.86489,7.86704,1.50,1.69
2013.07.26 12:29:32.193,7.86505,7.86704,2.25,1.69
2013.07.26 12:29:33.395,7.86514,7.86704,1.50,1.69
2013.07.26 12:29:33.573,7.86488,7.86704,1.50,1.69
2013.07.26 12:29:33.694,7.86509,7.86704,1.50,1.69
2013.07.26 12:29:34.065,7.86509,7.86693,1.50,1.50
2013.07.26 12:29:34.395,7.86513,7.86689,1.50,1.50
2013.07.26 12:29:34.703,7.86509,7.86695,1.50,1.69
2013.07.26 12:29:35.123,7.865,7.86694,1.50,1.69
2013.07.26 12:29:35.603,7.86489,7.86683,1.50,1.69
2013.07.26 12:29:35.724,7.86504,7.86683,1.50,1.69
2013.07.26 12:29:36.272,7.86503,7.86683,1.50,1.69
2013.07.26 12:29:39.183,7.86508,7.86683,1.50,1.50
2013.07.26 12:29:42.573,7.86509,7.86684,1.50,1.50
2013.07.26 12:29:43.823,7.86508,7.86684,1.50,1.69
2013.07.26 12:29:43.883,7.86488,7.86691,3.00,1.69
2013.07.26 12:29:45.703,7.86505,7.86695,1.50,1.69
2013.07.26 12:29:46.063,7.86508,7.86695,1.50,1.69
2013.07.26 12:29:46.156,7.86508,7.86695,1.50,1.50
2013.07.26 12:29:46.653,7.86508,7.86684,1.50,1.50
2013.07.26 12:29:46.713,7.86501,7.8668,1.50,1.50
2013.07.26 12:29:46.894,7.86494,7.8668,1.50,1.50
2013.07.26 12:29:47.313,7.86505,7.86686,1.50,1.69
2013.07.26 12:29:47.673,7.86497,7.86691,1.50,1.69
2013.07.26 12:29:48.503,7.86504,7.86679,1.50,1.50
2013.07.26 12:29:48.923,7.86482,7.8669,1.50,1.69
2013.07.26 12:29:48.983,7.86505,7.8669,1.50,1.69
2013.07.26 12:29:49.542,7.86497,7.86692,1.50,1.69
2013.07.26 12:29:50.420,7.86505,7.86686,1.50,1.50
2013.07.26 12:29:50.994,7.86497,7.8669,1.50,1.50
2013.07.26 12:29:51.173,7.86495,7.86689,1.50,1.50
2013.07.26 12:29:51.853,7.86502,7.86683,1.50,1.50
2013.07.26 12:29:55.613,7.86498,7.86684,1.50,1.50
2013.07.26 12:29:55.672,7.86478,7.86684,1.50,1.50
2013.07.26 12:29:55.733,7.86498,7.86684,1.50,1.50
2013.07.26 12:29:56.194,7.86502,7.86683,1.50,1.50
2013.07.26 12:29:56.313,7.86479,7.86684,1.50,1.50
2013.07.26 12:29:56.372,7.86502,7.86683,1.50,1.50
2013.07.26 12:29:57.132,7.86503,7.86683,1.50,1.50
2013.07.26 12:30:00.413,7.86479,7.86684,1.50,1.50
2013.07.26 12:30:00.533,7.86493,7.86683,2.25,1.50
2013.07.26 12:30:00.893,7.86488,7.86686,1.50,1.69
2013.07.26 12:30:00.953,7.86497,7.86691,1.50,1.69
2013.07.26 12:30:02.223,7.86493,7.86683,1.50,1.50
2013.07.26 12:30:02.573,7.86501,7.86683,1.50,1.50
2013.07.26 12:30:04.534,7.86485,7.86684,1.50,1.50
2013.07.26 12:30:04.593,7.86485,7.86683,1.50,1.50
2013.07.26 12:30:04.953,7.86485,7.86683,1.50,1.69
2013.07.26 12:30:05.312,7.86482,7.86668,1.50,1.69
2013.07.26 12:30:05.552,7.86482,7.8667,1.50,2.14
2013.07.26 12:30:05.853,7.86475,7.8667,1.50,2.14
2013.07.26 12:30:06.718,7.86475,7.8668,1.50,1.69
2013.07.26 12:30:07.255,7.86475,7.8668,1.50,1.69
2013.07.26 12:30:07.375,7.86476,7.86686,1.50,2.89
2013.07.26 12:30:07.434,7.86476,7.86681,1.50,1.69
2013.07.26 12:30:07.794,7.86454,7.86667,1.50,3.04
2013.07.26 12:30:07.856,7.86473,7.86667,1.50,3.04
2013.07.26 12:30:08.053,7.86473,7.86671,1.50,2.74
2013.07.26 12:30:08.933,7.86473,7.86671,1.50,2.55
2013.07.26 12:30:09.374,7.86481,7.86663,1.50,1.80
2013.07.26 12:30:10.872,7.86469,7.86663,1.50,1.80
2013.07.26 12:30:12.425,7.86468,7.86663,1.50,1.80
2013.07.26 12:30:12.963,7.86468,7.86663,1.50,1.80
2013.07.26 12:30:13.023,7.86469,7.86663,1.50,2.55
2013.07.26 12:30:15.183,7.86468,7.86663,1.50,2.74
2013.07.26 12:30:15.243,7.86467,7.86663,1.50,1.99
2013.07.26 12:30:15.303,7.86451,7.86663,2.25,1.99
2013.07.26 12:30:16.555,7.86461,7.86663,1.50,1.99
2013.07.26 12:30:16.763,7.86451,7.86663,1.50,1.99
2013.07.26 12:30:16.883,7.86465,7.86663,1.50,1.99
2013.07.26 12:30:18.694,7.86465,7.86663,1.50,1.99
2013.07.26 12:30:19.303,7.86451,7.86666,1.50,2.22
2013.07.26 12:30:19.362,7.86466,7.86672,1.50,2.59
2013.07.26 12:30:20.153,7.86473,7.86676,1.50,2.89
2013.07.26 12:30:20.273,7.86473,7.86681,1.50,1.84
2013.07.26 12:30:21.612,7.86469,7.86668,1.50,2.29
2013.07.26 12:30:21.913,7.86469,7.86673,1.50,2.74
2013.07.26 12:30:22.562,7.86469,7.86673,1.50,2.74
2013.07.26 12:30:23.624,7.8646,7.86686,1.50,2.14
2013.07.26 12:30:23.683,7.8646,7.86686,1.50,2.14
2013.07.26 12:30:24.022,7.86474,7.86686,1.50,2.14
2013.07.26 12:30:24.503,7.86474,7.86691,1.50,1.99
2013.07.26 12:30:24.567,7.86474,7.86697,1.50,3.12
2013.07.26 12:30:24.873,7.86491,7.86685,1.50,1.69
2013.07.26 12:30:25.274,7.86491,7.86685,1.50,1.69
2013.07.26 12:30:26.142,7.86486,7.8668,1.50,1.69
2013.07.26 12:30:26.842,7.86476,7.86672,2.25,1.50
2013.07.26 12:30:27.023,7.86471,7.86671,1.50,1.50
2013.07.26 12:30:27.083,7.86474,7.8667,1.50,1.50
2013.07.26 12:30:27.502,7.86474,7.8667,1.50,1.50
2013.07.26 12:30:28.273,7.86459,7.8665,1.50,2.59
2013.07.26 12:30:28.393,7.86439,7.8664,1.50,1.69
2013.07.26 12:30:30.132,7.86448,7.86642,1.50,1.69
2013.07.26 12:30:30.863,7.86447,7.86643,1.50,1.69
2013.07.26 12:30:32.213,7.86468,7.86652,1.50,2.44
2013.07.26 12:30:32.273,7.86458,7.86662,1.50,2.44
2013.07.26 12:30:32.333,7.86474,7.86667,1.50,1.69
2013.07.26 12:30:33.444,7.86491,7.86678,1.50,1.69
2013.07.26 12:30:34.383,7.86491,7.86685,1.50,1.50
2013.07.26 12:30:34.864,7.86515,7.86699,2.25,1.69
2013.07.26 12:30:34.924,7.86525,7.86708,1.50,1.50
2013.07.26 12:30:35.913,7.86532,7.86718,1.50,1.69
2013.07.26 12:30:36.093,7.86547,7.86722,1.50,1.50
2013.07.26 12:30:36.753,7.86547,7.86722,1.50,1.50
2013.07.26 12:30:36.933,7.86504,7.867,1.50,1.69
2013.07.26 12:30:37.598,7.86497,7.867,1.50,1.69
2013.07.26 12:30:37.724,7.86494,7.86679,1.50,1.50
2013.07.26 12:30:37.916,7.8645,7.86674,1.50,1.69
2013.07.26 12:30:38.044,7.8645,7.86674,1.50,2.44
2013.07.26 12:30:38.346,7.8645,7.86628,1.50,1.50
2013.07.26 12:30:38.653,7.86393,7.86582,1.50,1.69
2013.07.26 12:30:39.014,7.86383,7.86545,2.93,1.50
2013.07.26 12:30:39.193,7.86366,7.86532,1.65,1.69
2013.07.26 12:30:39.313,7.86362,7.86532,1.65,1.69
2013.07.26 12:30:40.261,7.86372,7.86546,1.50,1.69
2013.07.26 12:30:40.385,7.86327,7.86523,1.50,1.69
2013.07.26 12:30:40.443,7.86309,7.8649,1.50,1.69
2013.07.26 12:30:40.565,7.86258,7.86439,1.50,1.50
2013.07.26 12:30:41.526,7.86248,7.8643,1.50,2.25
2013.07.26 12:30:41.592,7.86224,7.86416,1.50,1.50
2013.07.26 12:30:41.653,7.86203,7.86392,1.50,1.69
2013.07.26 12:30:41.893,7.86164,7.8634,1.50,1.69
2013.07.26 12:30:42.403,7.86158,7.8634,1.50,1.69
2013.07.26 12:30:42.893,7.86164,7.8634,1.50,1.69
2013.07.26 12:30:43.923,7.86157,7.8634,1.50,1.69
2013.07.26 12:30:45.213,7.86164,7.8634,1.50,1.69
2013.07.26 12:31:01.144,7.86164,7.8634,1.50,1.69
2013.07.26 12:31:01.473,7.86142,7.86326,1.50,1.69
2013.07.26 12:31:01.534,7.86137,7.86326,1.50,1.69
2013.07.26 12:31:01.593,7.86137,7.86308,1.50,1.69
2013.07.26 12:31:01.654,7.86126,7.86301,1.50,1.69
2013.07.26 12:31:01.714,7.86124,7.86295,1.50,1.69
2013.07.26 12:31:02.073,7.86114,7.86262,2.63,1.69
2013.07.26 12:31:02.194,7.861,7.86254,2.40,1.69
2013.07.26 12:31:02.314,7.86105,7.86254,2.70,1.69
2013.07.26 12:31:02.435,7.86105,7.86263,2.70,1.69
2013.07.26 12:31:02.981,7.86111,7.8627,1.50,1.69
2013.07.26 12:31:03.664,7.86111,7.86287,1.50,1.50
2013.07.26 12:31:03.786,7.86157,7.86287,1.50,1.50
2013.07.26 12:31:03.853,7.86157,7.86338,2.25,1.69
2013.07.26 12:31:03.973,7.86157,7.86338,2.25,1.69
2013.07.26 12:31:04.033,7.86157,7.86347,2.25,1.69
2013.07.26 12:31:04.153,7.86169,7.86353,2.25,1.69
2013.07.26 12:31:04.653,7.86179,7.86373,1.50,1.69
2013.07.26 12:31:04.773,7.86192,7.86386,1.50,1.69
2013.07.26 12:31:04.833,7.86224,7.86398,1.50,1.69
2013.07.26 12:31:06.315,7.86231,7.86415,1.50,1.69
2013.07.26 12:31:07.647,7.86237,7.86403,1.50,1.69
2013.07.26 12:31:09.174,7.86244,7.86403,2.25,1.69
2013.07.26 12:31:09.951,7.86244,7.86415,2.25,2.44
2013.07.26 12:31:13.020,7.86244,7.86415,2.25,1.69
2013.07.26 12:31:14.915,7.86244,7.86415,1.50,1.69
2013.07.26 12:31:15.034,7.86224,7.86384,1.50,2.25
2013.07.26 12:31:15.094,7.86188,7.86352,2.25,1.69
2013.07.26 12:31:15.213,7.86188,7.86352,1.50,2.25
2013.07.26 12:31:15.335,7.86188,7.86352,2.25,1.50
2013.07.26 12:31:15.584,7.86235,7.86409,1.50,1.69
2013.07.26 12:31:15.643,7.86235,7.86409,1.50,1.69
2013.07.26 12:31:16.954,7.86215,7.86389,1.50,1.69
2013.07.26 12:31:17.133,7.86195,7.86352,1.50,1.69
2013.07.26 12:31:17.193,7.86178,7.86351,2.25,1.69
2013.07.26 12:31:19.173,7.86158,7.86325,2.25,1.50
2013.07.26 12:31:19.233,7.86158,7.86325,1.50,1.69
2013.07.26 12:31:19.613,7.86127,7.86295,1.50,1.50
2013.07.26 12:31:20.162,7.86127,7.86295,1.50,1.50
2013.07.26 12:31:20.283,7.86139,7.86295,1.50,1.50
2013.07.26 12:31:20.343,7.86167,7.86323,1.50,1.69
2013.07.26 12:31:20.404,7.86167,7.86323,1.50,1.69
2013.07.26 12:31:20.463,7.86167,7.86342,1.50,1.69
2013.07.26 12:31:21.653,7.86167,7.86342,1.50,1.69
2013.07.26 12:31:24.173,7.86155,7.86341,1.50,2.44
2013.07.26 12:31:24.233,7.86148,7.86317,1.50,1.50
2013.07.26 12:31:24.293,7.86137,7.86315,1.50,1.69
2013.07.26 12:31:24.653,7.86127,7.86298,1.50,1.69
2013.07.26 12:31:33.888,7.86128,7.863,1.50,1.69
2013.07.26 12:31:34.755,7.86128,7.863,1.50,1.69
2013.07.26 12:31:39.963,7.86128,7.863,1.50,1.69
2013.07.26 12:31:40.144,7.86137,7.86312,2.25,1.50
2013.07.26 12:31:40.203,7.86166,7.8632,1.50,1.69
2013.07.26 12:31:40.435,7.86166,7.86341,1.50,1.69
2013.07.26 12:31:41.127,7.86166,7.86341,1.50,1.69
2013.07.26 12:31:42.283,7.86178,7.86341,1.50,1.69
2013.07.26 12:31:44.779,7.86178,7.86349,1.50,1.69
2013.07.26 12:31:54.794,7.86178,7.86349,1.50,1.50
2013.07.26 12:31:59.225,7.86178,7.86349,1.50,1.50
2013.07.26 12:31:59.765,7.86178,7.86349,1.50,1.50
2013.07.26 12:31:59.943,7.86183,7.86357,1.50,1.69
2013.07.26 12:32:00.885,7.86183,7.86357,1.50,1.69
2013.07.26 12:32:01.304,7.86183,7.86357,1.50,1.69
2013.07.26 12:32:02.503,7.86183,7.86357,1.50,1.69
2013.07.26 12:32:02.743,7.86183,7.86357,1.50,1.69
2013.07.26 12:32:02.863,7.86175,7.8635,1.50,1.69
2013.07.26 12:32:03.390,7.86175,7.86346,1.50,1.69
2013.07.26 12:32:03.703,7.86175,7.86346,1.50,1.69
2013.07.26 12:32:04.617,7.86175,7.86347,1.50,1.69
2013.07.26 12:32:05.513,7.86175,7.86344,1.50,1.69
2013.07.26 12:32:06.933,7.86175,7.86337,1.50,1.69
2013.07.26 12:32:09.372,7.86169,7.86337,1.50,2.44
2013.07.26 12:32:09.436,7.86169,7.86323,1.50,1.69
2013.07.26 12:32:09.993,7.86137,7.86298,2.25,1.69
2013.07.26 12:32:10.113,7.86098,7.8627,1.50,1.69
2013.07.26 12:32:10.233,7.86098,7.8627,1.50,1.69
2013.07.26 12:32:10.434,7.86098,7.8627,1.50,1.69
2013.07.26 12:32:10.735,7.86098,7.8627,1.50,1.69
2013.07.26 12:32:10.793,7.86114,7.86288,1.50,1.69
2013.07.26 12:32:10.853,7.86134,7.86298,1.50,1.69
2013.07.26 12:32:11.213,7.86134,7.86308,1.50,1.69
2013.07.26 12:32:11.663,7.86134,7.8629,1.50,1.69
2013.07.26 12:32:11.783,7.86115,7.86288,1.50,1.69
2013.07.26 12:32:11.843,7.86114,7.86271,1.50,1.69
2013.07.26 12:32:11.903,7.86089,7.86271,1.50,1.69
2013.07.26 12:32:12.656,7.86089,7.86264,1.50,1.69
2013.07.26 12:32:13.214,7.86089,7.86264,1.50,1.69
2013.07.26 12:32:13.753,7.86089,7.86262,1.50,1.69
2013.07.26 12:32:14.173,7.86089,7.86264,1.50,1.69
2013.07.26 12:32:14.534,7.86077,7.86243,1.50,1.69
2013.07.26 12:32:14.594,7.86077,7.86233,1.50,1.69
2013.07.26 12:32:14.654,7.86071,7.86231,1.50,1.69
2013.07.26 12:32:15.175,7.86071,7.86227,1.50,1.50
2013.07.26 12:32:15.355,7.8606,7.86227,1.50,1.50
2013.07.26 12:32:15.715,7.86048,7.86222,1.50,1.69
2013.07.26 12:32:16.054,7.86048,7.86216,1.50,1.69
2013.07.26 12:32:17.264,7.86041,7.86201,1.50,1.69
2013.07.26 12:32:17.324,7.86012,7.86186,1.50,1.69
2013.07.26 12:32:17.443,7.86,7.86175,1.50,1.69
2013.07.26 12:32:17.684,7.86,7.86163,1.50,1.69
2013.07.26 12:32:18.045,7.85974,7.86103,1.50,1.69
2013.07.26 12:32:18.388,7.85916,7.8609,1.50,1.69
2013.07.26 12:32:18.453,7.85916,7.8609,1.50,1.69
2013.07.26 12:32:19.003,7.85916,7.86089,1.50,1.69
2013.07.26 12:32:19.243,7.85906,7.86081,1.50,1.69
2013.07.26 12:32:19.423,7.85897,7.86081,2.25,1.69
2013.07.26 12:32:19.663,7.85937,7.86081,1.35,1.69
2013.07.26 12:32:19.963,7.85983,7.86159,1.50,1.80
2013.07.26 12:32:20.024,7.85983,7.86094,1.50,1.69
2013.07.26 12:32:20.088,7.85983,7.86094,1.50,1.69
2013.07.26 12:32:20.153,7.85973,7.8608,2.25,1.69
2013.07.26 12:32:20.213,7.85911,7.86086,1.50,1.69
2013.07.26 12:32:20.274,7.85904,7.8608,1.50,1.69
2013.07.26 12:32:20.463,7.85913,7.8608,1.50,1.69
2013.07.26 12:32:20.773,7.85913,7.8608,1.50,1.69
2013.07.26 12:32:21.233,7.85894,7.86088,1.50,1.69
2013.07.26 12:32:21.353,7.8589,7.86088,1.50,1.69
2013.07.26 12:32:21.873,7.85882,7.86076,1.50,1.69
2013.07.26 12:32:22.294,7.85871,7.86056,2.25,1.69
2013.07.26 12:32:22.353,7.85861,7.86052,1.50,1.69
2013.07.26 12:32:22.595,7.85859,7.86046,1.50,1.69
2013.07.26 12:32:22.653,7.85859,7.8604,1.50,1.69
2013.07.26 12:32:23.613,7.85851,7.8604,1.50,1.69
2013.07.26 12:32:23.674,7.85852,7.8604,1.50,1.69
2013.07.26 12:32:23.733,7.85852,7.86045,1.50,1.69
2013.07.26 12:32:24.185,7.85871,7.86065,1.50,1.69
2013.07.26 12:32:25.223,7.85871,7.86067,1.50,1.69
2013.07.26 12:32:25.343,7.85859,7.86068,1.50,1.69
2013.07.26 12:32:25.470,7.85875,7.86068,1.50,1.69
2013.07.26 12:32:25.994,7.85882,7.86068,1.50,1.69
2013.07.26 12:32:26.054,7.85901,7.86086,1.50,2.44
2013.07.26 12:32:26.115,7.85901,7.86095,1.50,1.69
2013.07.26 12:32:26.492,7.85907,7.86109,1.50,1.69
2013.07.26 12:32:27.033,7.85914,7.86113,2.25,1.69
2013.07.26 12:32:27.094,7.85924,7.8612,1.50,1.69
2013.07.26 12:32:31.564,7.85948,7.86127,1.50,1.69
2013.07.26 12:32:39.517,7.85948,7.86127,1.50,2.44
2013.07.26 12:32:43.455,7.85948,7.86127,1.50,1.69
2013.07.26 12:32:52.460,7.85948,7.86116,1.50,1.69
2013.07.26 12:32:57.585,7.85948,7.86126,1.50,1.69
2013.07.26 12:33:05.233,7.85948,7.86127,1.50,1.69
2013.07.26 12:33:08.164,7.85948,7.8611,1.50,1.69
2013.07.26 12:33:25.015,7.85948,7.86113,1.50,1.69
2013.07.26 12:33:27.336,7.85948,7.86121,1.50,1.69
2013.07.26 12:33:34.503,7.85931,7.86125,1.50,1.69
2013.07.26 12:33:36.973,7.85947,7.86125,1.50,1.69
2013.07.26 12:33:38.126,7.85951,7.86125,1.50,1.69
2013.07.26 12:33:44.060,7.85948,7.86125,1.50,1.69
2013.07.26 12:33:44.184,7.85951,7.86121,1.50,1.69
2013.07.26 12:33:44.601,7.85948,7.86121,1.50,2.44
2013.07.26 12:33:45.114,7.85954,7.86125,1.50,1.69
2013.07.26 12:33:47.786,7.85958,7.8612,1.50,1.69
2013.07.26 12:33:52.463,7.85954,7.86125,1.50,1.69
2013.07.26 12:34:05.105,7.85957,7.86111,1.50,1.69
2013.07.26 12:34:07.304,7.85957,7.86125,1.50,1.69
2013.07.26 12:34:26.314,7.85957,7.86125,1.50,1.69
2013.07.26 12:34:44.994,7.85947,7.86132,1.50,1.69
2013.07.26 12:35:05.931,7.8592,7.86134,1.50,1.69
2013.07.26 12:35:06.073,7.85935,7.86131,1.50,1.69
2013.07.26 12:35:07.094,7.85935,7.86112,1.50,1.69
2013.07.26 12:35:08.204,7.85928,7.86121,1.50,1.69
2013.07.26 12:35:08.263,7.85946,7.86108,1.50,1.69
2013.07.26 12:35:08.704,7.85938,7.86108,1.50,1.69
2013.07.26 12:35:10.004,7.85938,7.86108,1.50,1.69
2013.07.26 12:35:16.713,7.85928,7.86108,1.50,1.69
2013.07.26 12:35:17.380,7.85928,7.86089,1.50,1.69
2013.07.26 12:35:18.767,7.85928,7.86088,1.50,1.69
2013.07.26 12:35:19.155,7.85928,7.86088,1.50,1.69
2013.07.26 12:35:19.514,7.85902,7.86088,1.50,1.69
2013.07.26 12:35:19.633,7.85891,7.86064,1.50,1.69
2013.07.26 12:35:21.695,7.85884,7.86056,1.50,1.69
2013.07.26 12:35:23.248,7.85884,7.86049,1.50,1.69
2013.07.26 12:35:24.026,7.85877,7.86033,1.50,1.69
2013.07.26 12:35:24.524,7.85855,7.86029,1.50,1.69
2013.07.26 12:35:31.627,7.85855,7.86029,1.50,1.69
2013.07.26 12:35:36.434,7.85838,7.86009,1.50,1.50
2013.07.26 12:35:36.493,7.85838,7.85991,1.50,1.50
2013.07.26 12:35:36.796,7.85793,7.85958,1.50,1.69
2013.07.26 12:35:36.866,7.85797,7.85958,1.50,1.69
2013.07.26 12:35:37.173,7.85771,7.85956,1.50,3.19
2013.07.26 12:35:37.294,7.85768,7.85945,1.50,2.44
2013.07.26 12:35:38.504,7.85772,7.85946,1.50,2.44
2013.07.26 12:35:41.886,7.85772,7.85946,1.50,1.69
2013.07.26 12:35:58.954,7.85776,7.85951,1.50,1.69
2013.07.26 12:35:59.222,7.85776,7.85946,1.50,1.69
2013.07.26 12:36:00.729,7.85776,7.85939,1.50,1.69
2013.07.26 12:36:01.734,7.85776,7.8594,1.50,1.69
2013.07.26 12:36:17.934,7.85776,7.85951,1.50,1.69
2013.07.26 12:36:37.420,7.85767,7.85951,1.50,1.69
2013.07.26 12:36:41.409,7.85763,7.85953,1.50,1.50
2013.07.26 12:36:41.895,7.85763,7.85952,1.50,1.69
2013.07.26 12:36:42.214,7.85817,7.85952,1.50,1.69
2013.07.26 12:36:42.334,7.85817,7.8597,2.25,1.50
2013.07.26 12:36:42.393,7.85852,7.86013,1.50,1.50
2013.07.26 12:36:42.453,7.85852,7.86013,1.50,2.25
2013.07.26 12:36:42.945,7.85852,7.86006,1.50,1.69
2013.07.26 12:36:43.136,7.8583,7.85983,1.50,1.69
2013.07.26 12:36:43.359,7.8581,7.85983,1.50,1.69
2013.07.26 12:36:45.947,7.8581,7.85983,1.50,2.44
2013.07.26 12:36:49.660,7.8581,7.85983,1.50,2.44
2013.07.26 12:36:50.604,7.8581,7.85985,1.50,1.69
2013.07.26 12:36:50.664,7.8581,7.85985,1.50,1.50
2013.07.26 12:36:50.784,7.85825,7.86,1.50,1.50
2013.07.26 12:36:50.966,7.85863,7.86038,1.50,1.69
2013.07.26 12:36:52.474,7.8588,7.86038,1.50,1.69
2013.07.26 12:36:52.773,7.8588,7.86043,1.50,1.69
2013.07.26 12:36:55.803,7.8588,7.86034,1.50,1.69
2013.07.26 12:36:57.781,7.8588,7.86043,1.50,1.69
2013.07.26 12:37:00.499,7.8588,7.86043,1.50,1.69
2013.07.26 12:37:16.164,7.85881,7.86035,1.50,1.69
2013.07.26 12:37:17.845,7.85881,7.86043,1.50,1.69
2013.07.26 12:37:20.994,7.85881,7.86035,1.50,1.69
2013.07.26 12:37:28.243,7.8586,7.86017,1.50,1.69
2013.07.26 12:37:28.435,7.85836,7.85999,1.50,1.69
2013.07.26 12:37:30.054,7.85836,7.85999,1.50,1.69
2013.07.26 12:37:38.285,7.85828,7.85999,1.50,1.50
2013.07.26 12:37:46.687,7.85828,7.86003,1.50,1.50
2013.07.26 12:37:47.676,7.85828,7.86003,1.50,1.50
2013.07.26 12:37:54.864,7.85828,7.85999,1.50,1.50
2013.07.26 12:37:57.264,7.85828,7.85997,1.50,1.69
2013.07.26 12:37:58.936,7.8583,7.85999,1.50,1.50
2013.07.26 12:38:17.534,7.85843,7.85999,1.50,1.50
2013.07.26 12:38:18.556,7.85831,7.85999,1.50,1.50
2013.07.26 12:38:18.745,7.85838,7.85999,1.50,1.50
2013.07.26 12:38:23.944,7.85838,7.85999,1.69,1.50
2013.07.26 12:38:24.304,7.85895,7.86066,1.50,1.50
2013.07.26 12:38:24.424,7.85895,7.86069,1.50,1.69
2013.07.26 12:38:24.545,7.85917,7.86085,1.50,1.69
2013.07.26 12:38:24.606,7.85917,7.86088,1.50,1.50
2013.07.26 12:38:25.423,7.85917,7.86088,1.50,1.50
2013.07.26 12:38:26.304,7.85937,7.86093,1.50,1.69
2013.07.26 12:38:41.474,7.85941,7.86097,1.50,1.50
2013.07.26 12:38:41.714,7.85945,7.86098,1.50,1.50
2013.07.26 12:38:41.833,7.85945,7.86098,1.50,1.50
2013.07.26 12:38:42.465,7.85945,7.86102,1.50,1.69
2013.07.26 12:38:42.834,7.8594,7.86102,1.50,1.69
2013.07.26 12:38:43.273,7.85936,7.86104,1.50,1.69
2013.07.26 12:38:43.455,7.85941,7.86106,1.50,1.69
2013.07.26 12:38:43.813,7.85945,7.86107,1.50,1.69
2013.07.26 12:38:44.714,7.85936,7.86107,1.50,1.69
2013.07.26 12:38:45.013,7.8594,7.86107,1.50,1.69
2013.07.26 12:38:45.254,7.85946,7.86107,1.50,1.69
2013.07.26 12:38:46.214,7.85936,7.86107,1.50,1.69
2013.07.26 12:38:46.454,7.8594,7.86107,1.50,1.69
2013.07.26 12:38:46.754,7.85946,7.86107,1.50,1.69
2013.07.26 12:38:47.654,7.85946,7.86107,1.50,1.69
2013.07.26 12:38:47.775,7.85937,7.86107,1.50,1.69
2013.07.26 12:38:47.954,7.8594,7.86107,1.50,1.69
2013.07.26 12:38:48.164,7.85946,7.86107,1.50,1.69
2013.07.26 12:38:48.984,7.8597,7.86128,1.50,1.69
2013.07.26 12:38:49.043,7.8597,7.86128,1.50,1.50
2013.07.26 12:38:49.165,7.85985,7.86153,1.50,1.50
2013.07.26 12:38:49.404,7.85992,7.86153,1.50,1.50
2013.07.26 12:38:49.534,7.86001,7.86155,1.50,1.50
2013.07.26 12:38:56.218,7.86005,7.86155,1.73,1.50
2013.07.26 12:38:56.527,7.86061,7.86217,2.25,2.25
2013.07.26 12:38:56.646,7.86086,7.86269,2.25,1.69
2013.07.26 12:38:56.706,7.86116,7.8627,1.50,1.50
2013.07.26 12:38:57.004,7.86122,7.8629,1.50,1.50
2013.07.26 12:38:57.184,7.86132,7.86297,1.50,1.50
2013.07.26 12:38:57.305,7.86132,7.86307,1.50,1.50
2013.07.26 12:38:57.485,7.86149,7.86311,1.50,1.50
2013.07.26 12:38:57.604,7.86149,7.86315,1.50,1.50
2013.07.26 12:38:57.994,7.8615,7.8632,1.50,1.50
2013.07.26 12:38:58.315,7.8615,7.86322,1.50,2.70
2013.07.26 12:38:58.375,7.86158,7.86352,1.50,1.69
2013.07.26 12:38:58.734,7.86154,7.8635,1.50,1.50
2013.07.26 12:38:58.914,7.86199,7.86354,1.50,1.69
2013.07.26 12:38:59.204,7.86179,7.86371,1.50,1.69
2013.07.26 12:38:59.323,7.86179,7.86351,1.50,1.88
2013.07.26 12:38:59.684,7.86179,7.86341,1.50,2.63
2013.07.26 12:39:00.004,7.86179,7.86331,1.50,1.73
2013.07.26 12:39:00.303,7.86177,7.86331,1.50,1.73
2013.07.26 12:39:00.363,7.86157,7.86333,1.50,1.50
2013.07.26 12:39:00.666,7.86152,7.86328,1.50,1.50
2013.07.26 12:39:00.726,7.86141,7.86328,2.25,1.69
2013.07.26 12:39:00.786,7.8613,7.86334,1.50,1.69
2013.07.26 12:39:01.095,7.86167,7.8634,1.50,2.67
2013.07.26 12:39:01.216,7.86167,7.8634,1.50,2.67
2013.07.26 12:39:01.334,7.86167,7.86341,1.50,1.69
2013.07.26 12:39:01.654,7.86167,7.86341,1.50,1.69
2013.07.26 12:39:02.206,7.86167,7.86341,1.50,1.69
2013.07.26 12:39:02.924,7.86167,7.86361,1.50,1.69
2013.07.26 12:39:03.585,7.86159,7.86353,1.50,1.69
2013.07.26 12:39:03.644,7.86159,7.86353,1.50,1.69
2013.07.26 12:39:03.944,7.8615,7.86333,1.50,1.69
2013.07.26 12:39:04.379,7.8615,7.86333,1.50,1.50
2013.07.26 12:39:04.814,7.86158,7.86333,1.50,1.50
2013.07.26 12:39:05.256,7.86169,7.86344,1.50,1.50
2013.07.26 12:39:05.508,7.86169,7.86347,1.50,1.50
2013.07.26 12:39:06.353,7.86137,7.8636,1.50,1.69
2013.07.26 12:39:08.285,7.86131,7.8637,1.69,1.69
2013.07.26 12:39:08.584,7.86144,7.8637,1.50,1.69
2013.07.26 12:39:09.094,7.86144,7.86363,1.50,1.69
2013.07.26 12:39:09.454,7.86141,7.86363,1.50,1.69
2013.07.26 12:39:09.802,7.86119,7.86353,2.25,1.69
2013.07.26 12:39:10.354,7.86119,7.86351,2.25,2.44
2013.07.26 12:39:10.594,7.86129,7.86353,1.50,1.69
2013.07.26 12:39:12.073,7.86134,7.8636,1.50,1.69
2013.07.26 12:39:13.564,7.86142,7.8636,1.50,1.69
2013.07.26 12:39:13.874,7.86142,7.86371,1.50,1.69
2013.07.26 12:39:14.413,7.86132,7.86361,1.50,1.69
2013.07.26 12:39:14.794,7.86132,7.86351,1.50,1.69
2013.07.26 12:39:15.564,7.86137,7.86358,1.50,1.69
2013.07.26 12:39:15.804,7.86134,7.86358,1.50,1.69
2013.07.26 12:39:16.764,7.86147,7.86362,1.50,1.69
2013.07.26 12:39:19.094,7.86122,7.86346,1.50,1.69
2013.07.26 12:39:19.475,7.86123,7.86337,1.50,1.69
2013.07.26 12:39:20.614,7.86121,7.86347,1.50,1.69
2013.07.26 12:39:21.574,7.86121,7.86335,1.50,1.69
2013.07.26 12:39:23.975,7.86121,7.86335,1.50,1.69
2013.07.26 12:39:24.094,7.86113,7.86329,1.50,1.69
2013.07.26 12:39:24.213,7.86118,7.86312,1.50,1.69
2013.07.26 12:39:27.477,7.86111,7.86305,1.50,1.69
2013.07.26 12:39:28.064,7.86085,7.86299,1.50,1.69
2013.07.26 12:39:35.413,7.86085,7.86299,1.50,1.69
2013.07.26 12:39:35.593,7.86077,7.86291,1.50,1.69
2013.07.26 12:39:37.234,7.8608,7.86284,1.50,1.69
2013.07.26 12:39:38.573,7.8608,7.86276,1.50,1.69
2013.07.26 12:39:47.083,7.86074,7.86268,1.50,1.69
2013.07.26 12:39:50.843,7.86074,7.86268,1.50,1.69
2013.07.26 12:39:50.974,7.86052,7.86256,1.50,1.69
2013.07.26 12:39:57.494,7.86053,7.86247,1.50,1.69
2013.07.26 12:40:02.774,7.86046,7.8624,1.50,1.69
2013.07.26 12:40:07.004,7.86036,7.8622,2.25,1.50
2013.07.26 12:40:07.124,7.86069,7.86275,1.50,1.50
2013.07.26 12:40:07.245,7.86068,7.8628,1.65,1.50
2013.07.26 12:40:07.485,7.86078,7.86264,1.50,1.50
2013.07.26 12:40:08.205,7.86078,7.8628,1.50,1.50
2013.07.26 12:40:11.413,7.86079,7.86291,1.50,1.69
2013.07.26 12:40:17.418,7.86077,7.86291,1.50,1.69
2013.07.26 12:40:19.223,7.86077,7.8629,1.50,2.44
2013.07.26 12:40:20.333,7.86075,7.86281,1.50,1.69
2013.07.26 12:40:22.514,7.86075,7.86281,1.50,1.69
2013.07.26 12:40:23.864,7.86078,7.86274,1.50,1.69
2013.07.26 12:40:23.924,7.86074,7.86268,1.50,2.44
2013.07.26 12:40:23.985,7.86054,7.86258,1.50,1.69
2013.07.26 12:40:27.514,7.86051,7.86247,1.50,1.69
2013.07.26 12:40:28.146,7.86051,7.86247,1.50,1.69
2013.07.26 12:40:31.474,7.86051,7.86247,1.50,1.69
2013.07.26 12:40:31.534,7.86043,7.86239,1.50,1.69
2013.07.26 12:40:34.433,7.86043,7.86239,1.50,1.69
2013.07.26 12:40:38.203,7.86035,7.86231,1.50,1.69
2013.07.26 12:40:38.323,7.86035,7.86231,1.50,1.69
2013.07.26 12:40:39.514,7.86029,7.86223,1.50,3.19
2013.07.26 12:40:53.935,7.86018,7.86214,1.50,1.69
2013.07.26 12:40:54.253,7.8601,7.86206,1.50,1.69
2013.07.26 12:40:55.574,7.86007,7.86193,1.50,1.69
2013.07.26 12:40:57.835,7.86008,7.86193,1.50,1.69
2013.07.26 12:41:00.584,7.85999,7.86193,1.50,1.69
2013.07.26 12:41:05.204,7.85998,7.86186,1.50,1.69
2013.07.26 12:41:13.216,7.85998,7.86164,1.50,2.29
2013.07.26 12:41:20.175,7.85998,7.86165,1.50,1.92
2013.07.26 12:41:21.134,7.85998,7.86159,1.50,1.69
2013.07.26 12:41:21.194,7.85998,7.86159,1.50,1.69
2013.07.26 12:41:26.325,7.85998,7.86159,1.50,1.50
2013.07.26 12:41:26.597,7.85998,7.86162,1.50,1.69
2013.07.26 12:41:34.845,7.86005,7.86162,1.50,1.69
2013.07.26 12:42:02.075,7.8601,7.86164,1.50,1.50
2013.07.26 12:42:02.135,7.8601,7.86164,1.50,1.69
2013.07.26 12:42:07.942,7.8601,7.86164,1.50,1.50
2013.07.26 12:42:12.165,7.86021,7.86173,1.50,2.33
2013.07.26 12:42:12.344,7.86021,7.86184,1.50,1.69
2013.07.26 12:42:12.874,7.86027,7.86184,1.50,1.69
2013.07.26 12:42:13.474,7.86027,7.86183,1.50,1.69
2013.07.26 12:42:13.534,7.86027,7.86183,1.50,1.69
2013.07.26 12:42:13.836,7.8601,7.86166,1.50,1.50
2013.07.26 12:42:14.484,7.8601,7.86173,1.50,1.69
2013.07.26 12:42:14.844,7.8601,7.86166,1.50,1.50
2013.07.26 12:42:15.204,7.86047,7.86203,1.50,1.50
2013.07.26 12:42:15.745,7.86047,7.86178,1.50,2.89
2013.07.26 12:42:15.804,7.8603,7.86178,1.50,2.89
2013.07.26 12:42:15.867,7.86027,7.86171,1.50,1.69
2013.07.26 12:42:16.386,7.86024,7.86184,1.50,1.69
2013.07.26 12:42:16.445,7.86024,7.86187,1.50,1.69
2013.07.26 12:42:16.876,7.86035,7.86187,1.50,1.69
2013.07.26 12:42:16.937,7.86035,7.86188,1.50,1.50
2013.07.26 12:42:17.005,7.86039,7.86205,1.50,1.69
2013.07.26 12:42:17.125,7.8606,7.86216,1.50,1.50
2013.07.26 12:42:17.184,7.8606,7.86228,1.50,1.69
2013.07.26 12:42:17.244,7.86073,7.86228,1.50,1.69
2013.07.26 12:42:17.365,7.86095,7.86238,1.50,2.52
2013.07.26 12:42:17.424,7.86095,7.8625,1.50,2.82
2013.07.26 12:42:17.995,7.86104,7.8625,1.50,2.82
2013.07.26 12:42:18.115,7.86104,7.8625,1.50,2.82
2013.07.26 12:42:18.235,7.86115,7.8625,1.50,2.82
2013.07.26 12:42:18.295,7.86115,7.86262,1.50,1.92
2013.07.26 12:42:18.675,7.86102,7.86252,1.50,1.50
2013.07.26 12:42:18.797,7.86109,7.86247,1.50,1.50
2013.07.26 12:42:18.864,7.861,7.86247,1.50,1.50
2013.07.26 12:42:19.105,7.86092,7.86247,1.50,1.69
2013.07.26 12:42:19.417,7.86092,7.86233,1.50,1.50
2013.07.26 12:42:21.515,7.86079,7.86233,1.50,1.69
2013.07.26 12:42:21.694,7.86088,7.86239,1.50,1.69
2013.07.26 12:42:22.054,7.86092,7.86243,1.50,1.50
2013.07.26 12:42:22.175,7.86092,7.86243,1.50,1.50
2013.07.26 12:42:22.465,7.86092,7.86252,1.50,1.50
2013.07.26 12:42:22.525,7.86108,7.86262,1.50,1.65
2013.07.26 12:42:22.946,7.86127,7.86262,1.50,1.65
2013.07.26 12:42:23.154,7.86127,7.86255,1.50,2.03
2013.07.26 12:42:23.394,7.86127,7.86257,1.50,2.40
2013.07.26 12:42:23.575,7.8613,7.8626,1.50,2.48
2013.07.26 12:42:23.825,7.86135,7.86265,1.50,2.78
2013.07.26 12:42:23.944,7.86137,7.86265,1.50,2.78
2013.07.26 12:42:24.248,7.86143,7.86273,1.50,1.88
2013.07.26 12:42:25.036,7.86143,7.86274,1.50,2.48
2013.07.26 12:42:25.274,7.86143,7.86276,1.50,1.95
2013.07.26 12:42:25.514,7.86143,7.86279,1.50,1.65
2013.07.26 12:42:25.814,7.86143,7.86283,1.50,2.10
2013.07.26 12:42:26.174,7.86171,7.86331,1.50,1.92
2013.07.26 12:42:26.605,7.86171,7.86321,1.50,1.95
2013.07.26 12:42:26.966,7.86175,7.86302,1.50,1.88
2013.07.26 12:42:27.325,7.86175,7.863,1.50,1.88
2013.07.26 12:42:27.385,7.86175,7.86304,1.50,1.88
2013.07.26 12:42:27.684,7.86175,7.86309,1.50,2.18
2013.07.26 12:42:27.925,7.86175,7.86335,1.50,2.18
2013.07.26 12:42:28.165,7.86209,7.86338,1.50,2.70
2013.07.26 12:42:28.224,7.86209,7.86343,1.50,2.48
2013.07.26 12:42:29.024,7.86209,7.86344,1.50,1.50
2013.07.26 12:42:29.266,7.86209,7.86381,1.50,1.99
2013.07.26 12:42:29.505,7.86209,7.86381,1.50,1.80
2013.07.26 12:42:29.746,7.86229,7.86381,1.50,1.80
2013.07.26 12:42:30.375,7.86229,7.86423,1.50,1.69
2013.07.26 12:42:30.615,7.86229,7.86359,1.50,1.50
2013.07.26 12:42:30.735,7.8617,7.86354,1.50,1.69
2013.07.26 12:42:31.769,7.8617,7.86354,1.50,1.69
2013.07.26 12:42:31.834,7.8617,7.86355,1.50,2.74
2013.07.26 12:42:32.014,7.86172,7.86381,1.50,2.44
2013.07.26 12:42:32.314,7.86173,7.86371,2.25,1.69
2013.07.26 12:42:32.616,7.86173,7.8636,1.50,2.82
2013.07.26 12:42:32.796,7.86172,7.8636,1.50,2.82
2013.07.26 12:42:33.204,7.86172,7.8636,1.50,2.82
2013.07.26 12:42:33.524,7.86172,7.8636,1.50,2.82
2013.07.26 12:42:33.584,7.86168,7.86358,2.25,1.69
2013.07.26 12:42:34.124,7.86171,7.86363,1.50,1.69
2013.07.26 12:42:34.725,7.86171,7.86358,1.50,2.07
2013.07.26 12:42:35.835,7.86176,7.86356,1.50,2.74
2013.07.26 12:42:35.895,7.86176,7.86372,1.50,1.69
2013.07.26 12:42:36.435,7.86176,7.86357,1.50,1.84
2013.07.26 12:42:36.995,7.86176,7.86357,1.50,1.84
2013.07.26 12:42:37.731,7.86176,7.86357,1.50,1.65
2013.07.26 12:42:37.807,7.86186,7.86377,1.50,1.69
2013.07.26 12:42:38.405,7.86183,7.8637,1.50,3.04
2013.07.26 12:42:38.726,7.86183,7.8637,1.50,3.04
2013.07.26 12:42:39.435,7.86194,7.86374,1.50,1.69
2013.07.26 12:42:39.614,7.86169,7.86371,1.50,1.69
2013.07.26 12:42:39.674,7.86171,7.86371,1.50,1.69
2013.07.26 12:42:39.975,7.86178,7.86368,1.50,1.69
2013.07.26 12:42:41.035,7.86173,7.86354,1.50,2.37
2013.07.26 12:42:41.095,7.86173,7.86354,1.50,2.37
2013.07.26 12:42:41.394,7.86173,7.8635,1.50,2.37
2013.07.26 12:42:41.708,7.86173,7.86345,1.50,1.88
2013.07.26 12:42:42.137,7.86173,7.86345,1.50,2.07
2013.07.26 12:42:42.475,7.86173,7.86345,1.50,1.88
2013.07.26 12:42:42.595,7.86179,7.86371,1.50,1.69
2013.07.26 12:42:42.655,7.86179,7.86378,1.50,1.69
2013.07.26 12:42:43.015,7.86173,7.86352,1.50,2.59
2013.07.26 12:42:43.314,7.86171,7.86352,1.50,2.59
2013.07.26 12:42:44.134,7.86171,7.86342,1.50,2.78
2013.07.26 12:42:44.255,7.86171,7.86372,1.50,1.69
2013.07.26 12:42:44.503,7.8616,7.86352,2.25,2.93
2013.07.26 12:42:44.568,7.8614,7.86352,2.40,3.12
2013.07.26 12:42:44.755,7.8614,7.86351,2.40,1.69
2013.07.26 12:42:45.176,7.86134,7.86341,2.93,2.07
2013.07.26 12:42:45.365,7.86137,7.86342,2.10,2.74
2013.07.26 12:42:45.726,7.86142,7.86342,2.55,1.92
2013.07.26 12:42:45.904,7.86139,7.86334,1.88,2.44
2013.07.26 12:42:46.046,7.86139,7.86334,1.88,2.44
2013.07.26 12:42:46.565,7.86134,7.8633,2.33,2.74
2013.07.26 12:42:46.806,7.86129,7.86321,1.50,1.84
2013.07.26 12:42:47.684,7.86147,7.86363,2.78,1.69
2013.07.26 12:42:47.805,7.86139,7.86351,1.73,2.14
2013.07.26 12:42:48.104,7.86136,7.86342,1.50,2.67
2013.07.26 12:42:48.654,7.86136,7.86342,1.50,2.67
2013.07.26 12:42:49.134,7.86149,7.8636,1.58,1.69
2013.07.26 12:42:49.434,7.86139,7.86344,2.70,1.69
2013.07.26 12:42:49.936,7.86139,7.86342,2.70,1.69
2013.07.26 12:42:50.115,7.86133,7.86341,2.78,1.69
2013.07.26 12:42:50.715,7.86133,7.86342,2.78,2.89
2013.07.26 12:42:50.775,7.86151,7.8636,2.33,1.69
2013.07.26 12:42:51.348,7.86139,7.86352,2.10,1.92
2013.07.26 12:42:51.668,7.86137,7.86341,1.50,2.14
2013.07.26 12:42:51.985,7.86134,7.86341,1.73,2.14
2013.07.26 12:42:52.415,7.86134,7.86341,1.73,2.14
2013.07.26 12:42:52.655,7.86151,7.86361,2.40,1.69
2013.07.26 12:42:52.774,7.86139,7.86352,2.70,2.52
2013.07.26 12:42:52.835,7.86139,7.86345,2.70,1.69
2013.07.26 12:42:53.195,7.86135,7.86341,1.50,2.52
2013.07.26 12:42:53.938,7.86135,7.86341,1.50,2.52
2013.07.26 12:42:54.184,7.8615,7.86359,2.33,1.69
2013.07.26 12:42:54.424,7.86139,7.86345,2.55,1.69
2013.07.26 12:42:54.605,7.86133,7.86342,2.03,2.29
2013.07.26 12:42:55.404,7.86133,7.86342,2.03,2.29
2013.07.26 12:42:55.585,7.86151,7.86363,2.40,1.69
2013.07.26 12:42:55.946,7.86139,7.86347,1.80,1.69
2013.07.26 12:42:56.187,7.86133,7.86342,2.85,2.14
2013.07.26 12:42:56.904,7.86133,7.86342,2.85,2.14
2013.07.26 12:42:57.144,7.86154,7.86353,1.80,1.69
2013.07.26 12:42:57.705,7.86153,7.86353,2.40,1.69
2013.07.26 12:42:57.949,7.86139,7.86351,1.73,1.69
2013.07.26 12:42:58.015,7.86135,7.86341,2.63,2.29
2013.07.26 12:42:58.894,7.86136,7.86341,1.50,2.29
2013.07.26 12:42:59.134,7.8615,7.86362,2.40,1.69
2013.07.26 12:42:59.374,7.86139,7.86352,1.95,3.04
2013.07.26 12:42:59.699,7.86133,7.86342,1.73,1.77
2013.07.26 12:43:00.445,7.86133,7.86342,1.73,1.77
2013.07.26 12:43:00.567,7.86151,7.86364,2.70,1.69
2013.07.26 12:43:00.875,7.86144,7.86345,1.50,1.69
2013.07.26 12:43:01.255,7.86144,7.86332,1.50,1.69
2013.07.26 12:43:01.915,7.86155,7.86337,2.85,1.69
2013.07.26 12:43:02.424,7.86155,7.8634,2.85,1.69
2013.07.26 12:43:02.974,7.86154,7.86347,1.88,1.69
2013.07.26 12:43:03.035,7.86154,7.86367,1.88,1.69
2013.07.26 12:43:03.094,7.86149,7.86361,1.88,1.69
2013.07.26 12:43:03.584,7.86143,7.86362,2.10,2.52
2013.07.26 12:43:04.087,7.86138,7.86352,2.85,1.69
2013.07.26 12:43:04.765,7.86131,7.86331,2.10,1.95
2013.07.26 12:43:05.125,7.86125,7.86321,2.70,2.52
2013.07.26 12:43:07.377,7.86129,7.86326,1.88,2.97
2013.07.26 12:43:09.395,7.86129,7.86326,1.88,2.97
2013.07.26 12:43:09.966,7.86154,7.86342,2.48,1.69
2013.07.26 12:43:10.026,7.86154,7.86352,2.48,1.69
2013.07.26 12:43:10.386,7.86144,7.86351,2.78,3.12
2013.07.26 12:43:10.624,7.86139,7.86341,2.33,2.89
2013.07.26 12:43:11.115,7.86139,7.86336,2.33,1.69
2013.07.26 12:43:11.355,7.86129,7.86336,1.50,1.69
2013.07.26 12:43:11.475,7.8615,7.86343,2.18,1.69
2013.07.26 12:43:11.535,7.8615,7.86355,2.18,1.69
2013.07.26 12:43:11.717,7.86139,7.86343,2.40,1.69
2013.07.26 12:43:11.925,7.8613,7.86331,2.48,2.37
2013.07.26 12:43:12.495,7.86129,7.86322,1.50,2.89
2013.07.26 12:43:13.034,7.86129,7.86322,1.50,2.89
2013.07.26 12:43:13.545,7.8615,7.86363,2.18,1.69
2013.07.26 12:43:13.665,7.8614,7.86343,1.50,1.69
2013.07.26 12:43:13.911,7.8614,7.86341,1.50,1.69
2013.07.26 12:43:14.774,7.86151,7.86348,1.88,1.69
2013.07.26 12:43:14.955,7.86151,7.86358,1.88,1.69
2013.07.26 12:43:15.578,7.86148,7.86348,2.03,1.69
2013.07.26 12:43:15.884,7.86103,7.86265,2.18,1.50
2013.07.26 12:43:16.248,7.86103,7.86262,2.18,1.69
2013.07.26 12:43:16.614,7.86103,7.86262,2.18,3.00
2013.07.26 12:43:16.673,7.86081,7.86252,2.10,1.50
2013.07.26 12:43:18.291,7.86048,7.86207,1.50,2.33
2013.07.26 12:43:18.595,7.86038,7.86076,1.50,1.50
2013.07.26 12:43:18.656,7.85998,7.86063,1.50,1.50
2013.07.26 12:43:18.717,7.85888,7.86042,1.50,1.69
2013.07.26 12:43:18.775,7.85888,7.86042,1.50,1.69
2013.07.26 12:43:18.894,7.85876,7.86042,1.50,1.69
2013.07.26 12:43:19.075,7.85853,7.86027,1.50,1.69
2013.07.26 12:43:19.495,7.85843,7.86004,2.93,1.69
2013.07.26 12:43:19.965,7.85838,7.86004,1.50,1.69
2013.07.26 12:43:20.896,7.85838,7.86013,1.50,1.69
2013.07.26 12:43:21.967,7.85838,7.86013,1.50,1.69
2013.07.26 12:43:23.475,7.85838,7.86011,1.50,1.69
2013.07.26 12:43:23.595,7.85828,7.86,1.50,1.69
2013.07.26 12:43:23.836,7.85813,7.85978,1.50,1.50
2013.07.26 12:43:30.855,7.85813,7.85978,1.50,1.69
2013.07.26 12:43:31.345,7.85813,7.85978,1.50,1.50
2013.07.26 12:43:31.584,7.8582,7.85978,1.50,1.50
2013.07.26 12:43:33.564,7.8582,7.85978,1.50,1.69
2013.07.26 12:43:33.918,7.85811,7.85978,1.50,1.69
2013.07.26 12:43:35.095,7.8586,7.85987,2.03,1.50
2013.07.26 12:43:35.335,7.85861,7.85997,2.10,1.50
2013.07.26 12:43:36.165,7.85871,7.86027,1.50,3.00
2013.07.26 12:43:36.225,7.85893,7.86047,2.33,1.69
2013.07.26 12:43:36.284,7.85893,7.86047,2.33,1.50
2013.07.26 12:43:37.020,7.85895,7.86069,1.50,1.69
2013.07.26 12:43:37.084,7.85895,7.86079,1.50,1.69
2013.07.26 12:43:37.351,7.85895,7.86079,1.50,1.50
2013.07.26 12:43:38.125,7.85896,7.86079,1.50,1.50
2013.07.26 12:43:39.516,7.85896,7.86079,1.50,1.69
2013.07.26 12:43:40.772,7.85896,7.86079,1.50,1.69
2013.07.26 12:43:42.126,7.85893,7.86084,2.33,1.69
2013.07.26 12:43:42.427,7.85895,7.86079,1.50,1.50
2013.07.26 12:43:42.924,7.85895,7.86079,1.50,1.69
2013.07.26 12:43:44.379,7.85893,7.86079,2.33,1.69
2013.07.26 12:43:45.704,7.85894,7.86079,1.50,1.69
2013.07.26 12:43:46.495,7.85894,7.8608,3.23,1.69
2013.07.26 12:43:47.245,7.85894,7.8608,3.23,1.69
2013.07.26 12:43:49.156,7.85894,7.8608,3.23,1.69
2013.07.26 12:43:49.705,7.85894,7.8608,2.48,1.69
2013.07.26 12:43:51.035,7.85894,7.8608,2.48,1.69
2013.07.26 12:43:52.467,7.85899,7.86086,2.18,1.69
2013.07.26 12:43:52.825,7.859,7.86083,1.50,1.69
2013.07.26 12:43:53.157,7.85909,7.86083,1.50,1.69
2013.07.26 12:43:54.075,7.85909,7.86083,1.50,1.69
2013.07.26 12:43:54.195,7.85909,7.86086,1.50,1.69
2013.07.26 12:43:54.436,7.85899,7.86086,2.18,1.69
2013.07.26 12:43:55.474,7.85899,7.86086,2.18,1.69
2013.07.26 12:43:56.918,7.85899,7.86086,2.18,1.69
2013.07.26 12:43:57.554,7.85924,7.861,1.58,1.69
2013.07.26 12:43:57.615,7.85924,7.86103,1.58,1.69
2013.07.26 12:43:57.675,7.85931,7.86103,1.50,1.69
2013.07.26 12:43:58.034,7.85931,7.86099,1.50,1.69
2013.07.26 12:43:58.506,7.85935,7.86099,2.25,1.69
2013.07.26 12:43:59.234,7.85943,7.86099,1.58,1.69
2013.07.26 12:44:00.555,7.85951,7.86099,2.03,1.50
2013.07.26 12:44:00.622,7.85951,7.86115,2.03,1.69
2013.07.26 12:44:01.366,7.85951,7.86099,2.03,1.50
2013.07.26 12:44:01.664,7.85905,7.8608,1.50,1.50
2013.07.26 12:44:01.785,7.85899,7.86073,2.03,1.50
2013.07.26 12:44:02.144,7.85899,7.86068,2.03,1.50
2013.07.26 12:44:02.204,7.85886,7.86062,1.50,1.50
2013.07.26 12:44:03.304,7.85925,7.86059,2.55,1.50
2013.07.26 12:44:03.424,7.85925,7.86093,2.55,1.69
2013.07.26 12:44:05.010,7.85925,7.86096,2.55,1.69
2013.07.26 12:44:05.255,7.85948,7.86103,1.88,1.69
2013.07.26 12:44:05.795,7.85949,7.86113,1.95,1.69
2013.07.26 12:44:06.365,7.8595,7.86113,2.85,1.69
2013.07.26 12:44:06.555,7.8595,7.86122,2.85,1.69
2013.07.26 12:44:06.794,7.85967,7.86123,1.50,1.69
2013.07.26 12:44:07.274,7.85961,7.86135,1.50,1.69
2013.07.26 12:44:07.394,7.85969,7.8614,1.50,1.69
2013.07.26 12:44:07.576,7.8598,7.86149,1.50,1.69
2013.07.26 12:44:07.636,7.85974,7.86149,1.50,1.69
2013.07.26 12:44:07.995,7.8598,7.86156,1.50,1.69
2013.07.26 12:44:08.175,7.85986,7.86162,1.50,1.69
2013.07.26 12:44:08.298,7.85998,7.86171,1.50,2.37
2013.07.26 12:44:08.628,7.86012,7.86184,1.50,1.69
2013.07.26 12:44:09.055,7.86024,7.862,1.50,1.69
2013.07.26 12:44:09.114,7.86032,7.86206,1.50,1.69
2013.07.26 12:44:09.415,7.86046,7.86212,1.50,1.69
2013.07.26 12:44:09.675,7.86046,7.86221,1.50,1.69
2013.07.26 12:44:09.794,7.86075,7.86241,1.50,1.69
2013.07.26 12:44:10.285,7.86075,7.8625,1.50,1.69
2013.07.26 12:44:10.464,7.86075,7.8625,1.50,1.69
2013.07.26 12:44:10.525,7.86075,7.86251,1.50,1.69
2013.07.26 12:44:10.828,7.86098,7.86269,1.50,1.69
2013.07.26 12:44:11.160,7.86104,7.86269,1.50,1.69
2013.07.26 12:44:11.504,7.86121,7.86282,2.48,1.69
2013.07.26 12:44:11.625,7.86121,7.86292,2.48,1.69
2013.07.26 12:44:12.045,7.86131,7.86294,1.50,1.69
2013.07.26 12:44:12.164,7.86131,7.86312,1.50,1.69
2013.07.26 12:44:12.345,7.86148,7.86314,2.85,1.69
2013.07.26 12:44:12.704,7.86155,7.86322,2.33,1.69
2013.07.26 12:44:13.514,7.86164,7.86339,1.50,1.69
2013.07.26 12:44:13.576,7.86165,7.86341,1.50,1.69
2013.07.26 12:44:13.635,7.86197,7.86359,2.03,2.44
2013.07.26 12:44:13.875,7.86194,7.86361,1.50,1.69
2013.07.26 12:44:14.114,7.86194,7.86361,1.50,1.69
2013.07.26 12:44:14.606,7.86194,7.86365,1.50,1.69
2013.07.26 12:44:14.724,7.86196,7.86373,1.50,1.69
2013.07.26 12:44:14.845,7.8621,7.86373,1.50,1.69
2013.07.26 12:44:14.904,7.8621,7.8637,1.50,1.69
2013.07.26 12:44:14.964,7.86207,7.8638,2.78,2.44
2013.07.26 12:44:15.024,7.86217,7.86391,1.50,1.69
2013.07.26 12:44:15.084,7.86219,7.86391,1.50,1.69
2013.07.26 12:44:15.444,7.86222,7.86391,1.50,1.69
2013.07.26 12:44:16.004,7.86222,7.864,1.50,1.69
2013.07.26 12:44:16.065,7.86245,7.86409,1.65,1.69
2013.07.26 12:44:16.184,7.86248,7.86418,1.50,2.44
2013.07.26 12:44:16.244,7.86255,7.86432,1.50,1.69
2013.07.26 12:44:16.945,7.86268,7.86432,1.50,1.69
2013.07.26 12:44:17.185,7.86268,7.86446,1.50,1.69
2013.07.26 12:44:17.245,7.86269,7.86446,1.50,2.44
2013.07.26 12:44:17.304,7.86269,7.86446,1.50,2.44
2013.07.26 12:44:17.426,7.86272,7.86446,1.50,1.69
2013.07.26 12:44:17.846,7.86284,7.8645,1.50,1.69
2013.07.26 12:44:17.904,7.86284,7.86459,1.50,1.69
2013.07.26 12:44:18.084,7.86284,7.86459,1.50,1.69
2013.07.26 12:44:18.449,7.86312,7.86476,1.50,1.69
2013.07.26 12:44:18.514,7.86312,7.86487,1.50,1.69
2013.07.26 12:44:18.637,7.86336,7.86497,1.50,1.69
2013.07.26 12:44:18.705,7.86336,7.86513,1.50,2.44
2013.07.26 12:44:19.268,7.86343,7.86515,1.50,1.69
2013.07.26 12:44:19.337,7.86343,7.8652,1.50,1.69
2013.07.26 12:44:19.398,7.86364,7.86526,2.93,1.69
2013.07.26 12:44:20.637,7.86364,7.86541,2.70,1.69
2013.07.26 12:44:20.755,7.86374,7.86541,1.50,1.69
2013.07.26 12:44:20.934,7.86379,7.86554,1.50,1.69
2013.07.26 12:44:21.055,7.86379,7.86555,1.50,1.69
2013.07.26 12:44:21.414,7.86403,7.86574,1.50,1.69
2013.07.26 12:44:21.816,7.86424,7.86574,1.73,1.69
2013.07.26 12:44:21.935,7.86434,7.86621,1.50,1.69
2013.07.26 12:44:22.054,7.86441,7.86621,1.50,1.69
2013.07.26 12:44:22.295,7.86457,7.86632,1.50,1.69
2013.07.26 12:44:22.354,7.86461,7.86638,1.50,1.69
2013.07.26 12:44:22.705,7.86477,7.86639,1.50,1.69
2013.07.26 12:44:22.946,7.86477,7.86653,1.50,1.69
2013.07.26 12:44:23.068,7.86477,7.86654,1.50,2.14
2013.07.26 12:44:23.138,7.86505,7.86675,1.50,1.69
2013.07.26 12:44:23.265,7.8651,7.86682,1.50,2.44
2013.07.26 12:44:23.577,7.86525,7.86687,1.50,1.69
2013.07.26 12:44:23.945,7.86525,7.867,1.50,1.69
2013.07.26 12:44:24.365,7.86554,7.86719,1.50,1.69
2013.07.26 12:44:24.545,7.86559,7.86742,1.50,1.69
2013.07.26 12:44:24.904,7.86578,7.86755,1.50,1.69
2013.07.26 12:44:25.445,7.86584,7.86761,1.50,2.44
2013.07.26 12:44:25.504,7.86605,7.86779,2.25,2.44
2013.07.26 12:44:26.065,7.86615,7.86779,1.50,2.44
2013.07.26 12:44:26.186,7.86604,7.86779,2.70,1.69
2013.07.26 12:44:26.512,7.86604,7.86783,2.70,1.69
2013.07.26 12:44:26.634,7.86614,7.86783,1.50,1.69
2013.07.26 12:44:27.004,7.86624,7.86783,1.50,1.69
2013.07.26 12:44:27.245,7.8662,7.86799,2.40,1.69
2013.07.26 12:44:28.080,7.8662,7.86784,2.40,1.69
2013.07.26 12:44:28.144,7.86578,7.86765,2.55,1.69
2013.07.26 12:44:28.894,7.86576,7.86762,3.23,1.69
2013.07.26 12:44:29.075,7.86576,7.86718,2.48,1.69
2013.07.26 12:44:29.134,7.86529,7.86726,1.50,1.69
2013.07.26 12:44:29.315,7.86548,7.86728,2.40,1.69
2013.07.26 12:44:29.435,7.86548,7.86747,2.40,1.69
2013.07.26 12:44:29.495,7.86548,7.86771,2.40,1.69
2013.07.26 12:44:29.674,7.86557,7.86771,2.10,2.44
2013.07.26 12:44:29.915,7.86543,7.8675,1.58,1.69
2013.07.26 12:44:30.098,7.86536,7.86742,1.88,2.44
2013.07.26 12:44:30.284,7.86536,7.86742,1.88,2.44
2013.07.26 12:44:30.644,7.86518,7.86739,2.10,1.69
2013.07.26 12:44:30.887,7.8653,7.86739,2.93,1.69
2013.07.26 12:44:31.427,7.86527,7.86722,1.58,2.29
2013.07.26 12:44:32.005,7.86527,7.86722,1.58,2.29
2013.07.26 12:44:32.185,7.86475,7.86722,1.50,2.67
2013.07.26 12:44:33.240,7.86489,7.86727,1.50,1.69
2013.07.26 12:44:39.925,7.86478,7.86722,1.50,1.69
2013.07.26 12:44:40.264,7.86482,7.867,1.50,1.69
2013.07.26 12:44:40.384,7.86474,7.867,1.50,1.69
2013.07.26 12:44:41.204,7.86477,7.867,1.50,1.69
2013.07.26 12:44:41.393,7.86477,7.86711,1.50,1.50
2013.07.26 12:44:41.514,7.86477,7.86692,1.50,1.69
2013.07.26 12:44:41.696,7.8644,7.86625,1.50,1.99
2013.07.26 12:44:41.815,7.86437,7.86615,1.50,1.69
2013.07.26 12:44:41.875,7.86417,7.86604,2.33,1.69
2013.07.26 12:44:41.934,7.86417,7.86604,1.58,1.69
2013.07.26 12:44:42.914,7.86417,7.86592,1.58,1.69
2013.07.26 12:44:43.215,7.86384,7.86561,2.48,2.44
2013.07.26 12:44:43.954,7.86384,7.86538,2.48,1.69
2013.07.26 12:44:44.413,7.86298,7.8647,1.50,1.69
2013.07.26 12:44:44.657,7.86284,7.86459,1.50,1.69
2013.07.26 12:44:44.774,7.86283,7.86459,1.50,1.69
2013.07.26 12:44:45.195,7.86283,7.86439,1.50,1.69
2013.07.26 12:44:45.374,7.8624,7.86395,1.50,2.44
2013.07.26 12:44:45.494,7.8624,7.86395,1.50,2.44
2013.07.26 12:44:46.954,7.86232,7.86395,1.50,2.44
2013.07.26 12:44:47.454,7.86232,7.86395,1.50,2.44
2013.07.26 12:44:47.994,7.86214,7.86401,1.50,2.97
2013.07.26 12:44:48.054,7.86215,7.86401,1.50,2.97
2013.07.26 12:44:48.412,7.86226,7.864,1.50,1.69
2013.07.26 12:44:48.774,7.86226,7.864,1.50,1.69
2013.07.26 12:44:49.022,7.86214,7.86381,1.50,1.50
2013.07.26 12:44:49.144,7.86204,7.86382,1.50,1.69
2013.07.26 12:44:49.264,7.86212,7.8639,2.25,1.69
2013.07.26 12:44:50.445,7.86221,7.86391,1.50,1.99
2013.07.26 12:44:50.625,7.86205,7.86391,1.50,1.99
2013.07.26 12:44:50.686,7.86225,7.86391,1.50,1.99
2013.07.26 12:44:50.834,7.86209,7.86384,1.50,1.69
2013.07.26 12:44:51.904,7.86219,7.86402,1.50,1.69
2013.07.26 12:44:52.144,7.86219,7.86402,1.50,1.69
2013.07.26 12:44:53.594,7.86213,7.86402,1.95,1.69
2013.07.26 12:44:53.714,7.86223,7.86402,1.50,1.69
2013.07.26 12:44:54.135,7.86215,7.86397,1.50,1.69
2013.07.26 12:44:54.634,7.8622,7.86397,1.50,1.69
2013.07.26 12:44:54.754,7.86223,7.86397,1.50,1.69
2013.07.26 12:44:55.114,7.8623,7.86404,1.50,1.69
2013.07.26 12:44:55.734,7.86227,7.86404,1.50,2.44
2013.07.26 12:44:56.284,7.8623,7.86404,1.50,1.69
2013.07.26 12:44:56.765,7.86235,7.86404,1.50,1.69
2013.07.26 12:44:57.564,7.8623,7.86412,1.50,1.69
2013.07.26 12:44:57.684,7.8623,7.86411,1.50,1.69
2013.07.26 12:44:57.985,7.86234,7.86413,1.50,1.69
2013.07.26 12:44:58.654,7.86234,7.86406,1.50,1.69
2013.07.26 12:45:00.365,7.86226,7.86405,1.50,1.69
2013.07.26 12:45:00.485,7.86218,7.86405,1.50,1.69
2013.07.26 12:45:00.545,7.86226,7.86405,1.50,1.69
2013.07.26 12:45:01.085,7.86216,7.86405,2.63,1.69
2013.07.26 12:45:01.204,7.86226,7.86405,1.50,1.69
2013.07.26 12:45:01.564,7.85944,7.86113,1.73,2.93
2013.07.26 12:45:01.624,7.85944,7.86092,1.73,1.50
2013.07.26 12:45:01.743,7.85773,7.86055,1.50,1.13
2013.07.26 12:45:01.804,7.85825,7.86051,2.25,1.13
2013.07.26 12:45:02.107,7.85739,7.85914,1.50,1.69
2013.07.26 12:45:02.284,7.85739,7.85933,1.50,1.69
2013.07.26 12:45:02.346,7.85792,7.85967,1.50,1.69
2013.07.26 12:45:02.466,7.85792,7.85957,1.50,1.69
2013.07.26 12:45:03.035,7.85781,7.85931,1.50,1.50
2013.07.26 12:45:03.122,7.85781,7.85971,1.50,1.69
2013.07.26 12:45:03.187,7.85781,7.85988,1.50,1.69
2013.07.26 12:45:03.254,7.85784,7.85988,1.65,1.69
2013.07.26 12:45:03.735,7.8578,7.85996,3.23,1.69
2013.07.26 12:45:04.277,7.8578,7.85996,1.50,1.69
2013.07.26 12:45:04.635,7.85779,7.85985,1.50,1.69
2013.07.26 12:45:04.814,7.85779,7.85985,1.50,1.69
2013.07.26 12:45:05.285,7.85777,7.85985,1.50,1.69
2013.07.26 12:45:05.525,7.85777,7.85975,1.50,1.69
2013.07.26 12:45:05.865,7.85777,7.85973,1.50,1.69
2013.07.26 12:45:06.184,7.85789,7.85973,1.13,1.69
2013.07.26 12:45:06.304,7.85801,7.85994,2.55,1.69
2013.07.26 12:45:06.545,7.85801,7.85996,2.55,1.69
2013.07.26 12:45:06.605,7.85788,7.85996,1.50,1.69
2013.07.26 12:45:06.787,7.85785,7.85982,1.50,1.69
2013.07.26 12:45:07.236,7.85781,7.85982,1.50,1.69
2013.07.26 12:45:07.414,7.85781,7.85982,1.50,1.69
2013.07.26 12:45:07.715,7.85773,7.85968,1.50,1.69
2013.07.26 12:45:07.896,7.8576,7.85971,1.50,1.69
2013.07.26 12:45:08.015,7.85763,7.85962,1.50,1.69
2013.07.26 12:45:08.350,7.85764,7.85959,1.50,1.69
2013.07.26 12:45:08.746,7.85785,7.85959,1.50,1.69
2013.07.26 12:45:09.105,7.85798,7.85958,1.50,1.69
2013.07.26 12:45:09.284,7.85802,7.85972,1.13,1.50
2013.07.26 12:45:09.588,7.8582,7.86007,1.50,2.07
2013.07.26 12:45:10.354,7.85825,7.86009,3.45,1.69
2013.07.26 12:45:10.535,7.85825,7.86007,1.50,1.69
2013.07.26 12:45:10.774,7.85825,7.86007,1.50,1.69
2013.07.26 12:45:11.136,7.85825,7.86007,1.50,1.69
2013.07.26 12:45:12.015,7.85825,7.86004,1.50,1.69
2013.07.26 12:45:12.194,7.85789,7.85976,2.70,1.69
2013.07.26 12:45:12.556,7.85793,7.85981,2.40,1.69
2013.07.26 12:45:12.855,7.85789,7.85977,2.55,1.69
2013.07.26 12:45:13.425,7.85789,7.85977,2.55,1.69
2013.07.26 12:45:13.544,7.85781,7.85972,2.33,1.69
2013.07.26 12:45:13.725,7.85784,7.85972,2.18,1.69
2013.07.26 12:45:14.027,7.85788,7.85976,2.63,1.69
2013.07.26 12:45:14.985,7.85794,7.8598,2.78,1.69
2013.07.26 12:45:16.085,7.85781,7.85971,2.10,1.69
2013.07.26 12:45:16.265,7.85784,7.85972,2.78,1.69
2013.07.26 12:45:16.604,7.85788,7.85974,2.10,1.69
2013.07.26 12:45:17.264,7.85788,7.85971,2.10,1.69
2013.07.26 12:45:17.632,7.85793,7.85971,2.03,1.69
2013.07.26 12:45:18.065,7.8579,7.85971,2.40,1.69
2013.07.26 12:45:18.307,7.85785,7.85971,2.40,1.69
2013.07.26 12:45:18.366,7.85785,7.85971,2.40,1.69
2013.07.26 12:45:18.726,7.85789,7.85963,1.73,1.69
2013.07.26 12:45:19.286,7.85798,7.85963,2.25,1.69
2013.07.26 12:45:19.465,7.85798,7.85981,2.25,1.69
2013.07.26 12:45:19.585,7.85787,7.8598,1.50,1.69
2013.07.26 12:45:19.825,7.8579,7.8598,2.33,1.69
2013.07.26 12:45:20.008,7.8579,7.8598,2.33,1.69
2013.07.26 12:45:20.077,7.85794,7.8598,2.93,1.69
2013.07.26 12:45:20.375,7.8579,7.85986,2.03,2.59
2013.07.26 12:45:20.615,7.85787,7.85972,1.50,1.50
2013.07.26 12:45:21.114,7.85786,7.85961,1.50,1.50
2013.07.26 12:45:21.354,7.85778,7.85975,1.88,1.84
2013.07.26 12:45:21.595,7.85792,7.85988,2.63,2.67
2013.07.26 12:45:21.716,7.85788,7.85986,2.25,2.07
2013.07.26 12:45:22.016,7.85793,7.85988,2.10,2.22
2013.07.26 12:45:22.554,7.85808,7.85983,1.50,1.69
2013.07.26 12:45:22.734,7.85803,7.85978,1.50,1.69
2013.07.26 12:45:22.799,7.85807,7.85983,2.25,1.69
2013.07.26 12:45:22.986,7.85807,7.85983,2.25,1.50
2013.07.26 12:45:23.165,7.85815,7.8599,1.50,1.69
2013.07.26 12:45:23.226,7.85823,7.86,1.50,1.69
2013.07.26 12:45:24.289,7.8582,7.85995,1.50,1.50
2013.07.26 12:45:24.355,7.85842,7.86018,1.50,1.69
2013.07.26 12:45:24.414,7.85843,7.86022,1.50,1.69
2013.07.26 12:45:24.835,7.8583,7.86025,2.85,3.57
2013.07.26 12:45:25.415,7.85826,7.8602,1.50,2.52
2013.07.26 12:45:25.534,7.85826,7.8602,1.50,2.52
2013.07.26 12:45:25.777,7.85829,7.86013,1.50,1.50
2013.07.26 12:45:26.084,7.85824,7.86011,1.50,2.93
2013.07.26 12:45:26.415,7.8582,7.86005,1.50,2.33
2013.07.26 12:45:26.714,7.8582,7.86005,1.50,2.33
2013.07.26 12:45:26.774,7.85815,7.86,1.50,3.12
2013.07.26 12:45:27.222,7.85815,7.8599,1.50,1.50
2013.07.26 12:45:27.524,7.85809,7.8599,1.50,1.50
2013.07.26 12:45:27.896,7.85805,7.8599,1.50,1.50
2013.07.26 12:45:28.315,7.85808,7.8599,1.50,1.50
2013.07.26 12:45:29.119,7.85834,7.8602,1.95,2.44
2013.07.26 12:45:29.190,7.85834,7.86021,1.95,1.69
2013.07.26 12:45:29.255,7.85827,7.86021,1.50,3.87
2013.07.26 12:45:29.934,7.85827,7.86021,1.50,3.87
2013.07.26 12:45:30.054,7.85819,7.86016,2.25,2.44
2013.07.26 12:45:30.295,7.85824,7.86011,1.50,2.52
2013.07.26 12:45:30.825,7.85824,7.8601,1.50,1.69
2013.07.26 12:45:31.184,7.85815,7.86,1.50,2.78
2013.07.26 12:45:31.485,7.85809,7.85991,1.50,1.50
2013.07.26 12:45:33.025,7.85809,7.85991,1.50,1.69
2013.07.26 12:45:33.384,7.85806,7.85968,1.50,2.89
2013.07.26 12:45:33.684,7.8578,7.85965,1.50,2.52
2013.07.26 12:45:35.346,7.8578,7.85965,1.50,2.52
2013.07.26 12:45:36.430,7.8578,7.85965,1.50,2.52
2013.07.26 12:45:37.956,7.8578,7.85965,1.50,2.52
2013.07.26 12:45:40.496,7.8578,7.85965,1.50,2.52
2013.07.26 12:45:45.592,7.8578,7.85965,1.50,2.52
2013.07.26 12:45:45.656,7.85794,7.85965,1.50,2.52
2013.07.26 12:45:46.866,7.85794,7.85965,1.50,2.52
2013.07.26 12:45:47.444,7.85794,7.85961,1.50,3.12
2013.07.26 12:45:47.755,7.85791,7.85956,1.50,3.04
2013.07.26 12:45:52.486,7.85791,7.85956,1.50,3.04
2013.07.26 12:45:53.097,7.85791,7.85956,1.50,3.04
2013.07.26 12:45:53.217,7.85791,7.85956,1.50,3.04
2013.07.26 12:45:53.917,7.85784,7.85956,1.50,2.85
2013.07.26 12:45:54.105,7.85794,7.85969,1.50,1.69
2013.07.26 12:45:54.825,7.85787,7.8597,1.50,3.04
2013.07.26 12:45:56.668,7.85787,7.8597,1.50,3.04
2013.07.26 12:45:56.917,7.85779,7.8596,1.50,1.69
2013.07.26 12:45:57.105,7.85779,7.85965,1.50,2.14
2013.07.26 12:45:57.285,7.85791,7.8596,1.50,2.74
2013.07.26 12:45:57.646,7.85789,7.8596,1.50,2.74
2013.07.26 12:46:00.235,7.85789,7.8596,1.50,2.74
2013.07.26 12:46:01.456,7.85789,7.85965,1.50,1.69
2013.07.26 12:46:01.788,7.85789,7.8596,1.50,1.69
2013.07.26 12:46:02.525,7.85789,7.85951,1.50,2.29
2013.07.26 12:46:05.006,7.85782,7.85951,1.50,2.29
2013.07.26 12:46:06.866,7.85782,7.85951,1.50,2.29
2013.07.26 12:46:08.525,7.85793,7.85968,1.50,1.69
2013.07.26 12:46:08.585,7.85793,7.85968,1.50,1.69
2013.07.26 12:46:08.944,7.85796,7.85971,1.50,3.04
2013.07.26 12:46:09.835,7.85779,7.85966,1.50,2.14
2013.07.26 12:46:09.896,7.8578,7.85966,1.50,2.14
2013.07.26 12:46:10.075,7.85774,7.85961,1.50,3.64
2013.07.26 12:46:10.134,7.85764,7.85961,2.85,3.64
2013.07.26 12:46:11.304,7.85764,7.85961,2.85,2.89
2013.07.26 12:46:17.927,7.85764,7.85961,2.85,2.89
2013.07.26 12:46:19.676,7.85764,7.85961,2.85,2.89
2013.07.26 12:46:19.748,7.85774,7.85961,1.50,2.89
2013.07.26 12:46:20.076,7.8578,7.85975,1.58,2.67
2013.07.26 12:46:20.397,7.85795,7.85975,1.50,2.67
2013.07.26 12:46:20.465,7.85795,7.85975,1.50,2.67
2013.07.26 12:46:23.129,7.85795,7.85975,1.50,2.67
2013.07.26 12:46:25.495,7.85796,7.85975,1.50,2.67
2013.07.26 12:46:27.889,7.85796,7.85975,1.50,2.48
2013.07.26 12:46:31.545,7.85796,7.85957,1.50,2.93
2013.07.26 12:46:31.905,7.85797,7.8596,1.50,1.99
2013.07.26 12:46:33.025,7.85793,7.85955,1.50,2.67
2013.07.26 12:46:34.344,7.85793,7.8595,1.50,1.80
2013.07.26 12:46:34.404,7.85793,7.85987,1.50,1.50
2013.07.26 12:46:34.525,7.85793,7.85987,1.50,1.69
2013.07.26 12:46:34.645,7.85784,7.85999,1.50,1.69
2013.07.26 12:46:34.706,7.85784,7.86011,1.50,1.69
2013.07.26 12:46:35.125,7.85798,7.86011,2.40,1.69
2013.07.26 12:46:35.605,7.85803,7.86002,2.70,2.67
2013.07.26 12:46:36.426,7.85803,7.86,2.25,2.82
2013.07.26 12:46:36.616,7.85801,7.85997,1.58,2.52
2013.07.26 12:46:36.736,7.85801,7.85997,1.58,2.33
2013.07.26 12:46:36.854,7.85811,7.85997,3.00,2.33
2013.07.26 12:46:36.974,7.8584,7.86017,1.50,1.69
2013.07.26 12:46:39.747,7.8584,7.86017,1.50,1.69
2013.07.26 12:46:41.176,7.8584,7.86016,1.50,1.69
2013.07.26 12:46:41.720,7.8583,7.86004,2.03,1.69
2013.07.26 12:46:42.264,7.8583,7.86004,2.03,1.69
2013.07.26 12:46:42.324,7.85829,7.86004,1.50,1.69
2013.07.26 12:46:42.974,7.85829,7.86004,1.50,1.69
2013.07.26 12:46:46.206,7.85829,7.86004,1.50,1.69
2013.07.26 12:46:46.386,7.85829,7.86008,1.50,1.69
2013.07.26 12:46:46.446,7.85833,7.86008,1.50,1.69
2013.07.26 12:46:46.506,7.85833,7.86008,1.50,1.69
2013.07.26 12:46:46.625,7.85838,7.86012,1.50,1.69
2013.07.26 12:46:47.165,7.85837,7.86012,1.50,1.69
2013.07.26 12:46:47.864,7.85837,7.86012,1.50,1.69
2013.07.26 12:46:51.345,7.85837,7.86019,1.50,1.69
2013.07.26 12:46:51.405,7.85837,7.86019,1.50,1.69
2013.07.26 12:46:53.034,7.85834,7.86012,1.50,1.69
2013.07.26 12:46:53.415,7.85834,7.86008,1.50,1.69
2013.07.26 12:46:53.775,7.85798,7.85983,1.50,1.84
2013.07.26 12:46:53.835,7.85798,7.85972,1.50,2.07
2013.07.26 12:46:53.894,7.85798,7.85972,1.50,2.07
2013.07.26 12:46:54.538,7.85798,7.85966,1.50,2.44
2013.07.26 12:46:54.845,7.85793,7.85957,1.50,1.69
2013.07.26 12:46:55.756,7.85793,7.85945,1.50,2.74
2013.07.26 12:46:55.935,7.85785,7.85942,1.50,2.82
2013.07.26 12:46:57.248,7.85786,7.85942,2.25,2.63
2013.07.26 12:46:57.790,7.85812,7.86006,1.50,1.69
2013.07.26 12:46:57.866,7.85799,7.86021,1.50,1.99
2013.07.26 12:46:58.475,7.85808,7.85994,1.50,2.74
2013.07.26 12:46:58.985,7.85808,7.85994,1.50,2.74
2013.07.26 12:46:59.677,7.8581,7.86022,1.50,3.42
2013.07.26 12:46:59.915,7.8581,7.86022,1.50,2.67
2013.07.26 12:47:00.642,7.85817,7.86003,1.50,2.74
2013.07.26 12:47:00.944,7.85817,7.86003,1.50,2.74
2013.07.26 12:47:01.776,7.85811,7.85996,1.50,2.14
2013.07.26 12:47:01.846,7.8581,7.85996,1.50,2.14
2013.07.26 12:47:01.965,7.85805,7.8599,1.50,1.69
2013.07.26 12:47:02.894,7.85795,7.85981,1.50,3.12
2013.07.26 12:47:03.195,7.85791,7.85975,1.50,3.12
2013.07.26 12:47:03.715,7.8579,7.85975,1.50,3.12
2013.07.26 12:47:04.465,7.8579,7.85975,1.50,3.12
2013.07.26 12:47:07.275,7.8579,7.85975,1.50,3.12
2013.07.26 12:47:07.635,7.85786,7.85972,1.50,2.52
2013.07.26 12:47:08.236,7.85793,7.8597,2.25,1.69
2013.07.26 12:47:11.876,7.85793,7.8597,2.25,1.69
2013.07.26 12:47:11.997,7.85796,7.8598,2.25,2.29
2013.07.26 12:47:12.356,7.85836,7.8601,2.78,1.69
2013.07.26 12:47:12.595,7.85837,7.86011,1.50,1.69
2013.07.26 12:47:13.045,7.85834,7.86031,2.70,1.77
2013.07.26 12:47:13.528,7.8583,7.86025,2.78,1.99
2013.07.26 12:47:14.166,7.8583,7.86025,2.78,1.99
2013.07.26 12:47:14.406,7.85824,7.86021,1.88,2.97
2013.07.26 12:47:14.525,7.85819,7.86016,1.73,1.99
2013.07.26 12:47:14.827,7.85838,7.86033,1.73,2.22
2013.07.26 12:47:14.887,7.85838,7.86033,1.73,2.22
2013.07.26 12:47:14.956,7.85842,7.86023,1.50,1.69
2013.07.26 12:47:15.676,7.85842,7.86023,1.50,1.69
2013.07.26 12:47:15.735,7.85826,7.86013,1.50,2.52
2013.07.26 12:47:15.797,7.85826,7.86008,1.50,1.69
2013.07.26 12:47:15.927,7.85826,7.86013,1.50,2.52
2013.07.26 12:47:16.125,7.85816,7.86013,2.63,2.52
2013.07.26 12:47:16.376,7.85839,7.86025,2.10,1.69
2013.07.26 12:47:16.615,7.85834,7.86022,2.03,1.69
2013.07.26 12:47:17.105,7.85834,7.86022,2.03,1.69
2013.07.26 12:47:17.526,7.8583,7.86025,2.18,2.44
2013.07.26 12:47:18.315,7.8583,7.86025,2.18,2.44
2013.07.26 12:47:18.736,7.85825,7.8602,2.48,2.52
2013.07.26 12:47:19.396,7.85825,7.8602,2.48,2.52
2013.07.26 12:47:19.515,7.85835,7.8602,1.50,2.52
2013.07.26 12:47:19.696,7.85843,7.8602,1.50,2.52
2013.07.26 12:47:19.756,7.85848,7.86028,1.50,1.69
2013.07.26 12:47:19.935,7.85848,7.86023,1.50,1.69
2013.07.26 12:47:20.056,7.85849,7.86029,1.50,1.69
2013.07.26 12:47:20.660,7.85891,7.86038,2.55,1.69
2013.07.26 12:47:20.726,7.85891,7.86059,2.55,1.69
2013.07.26 12:47:20.965,7.85884,7.86071,2.93,1.69
2013.07.26 12:47:21.756,7.8588,7.86067,2.10,1.69
2013.07.26 12:47:21.827,7.8588,7.86066,2.10,1.69
2013.07.26 12:47:22.066,7.85874,7.86061,1.95,1.69
2013.07.26 12:47:22.306,7.85874,7.86061,1.95,1.69
2013.07.26 12:47:22.546,7.85859,7.86036,1.50,1.69
2013.07.26 12:47:22.725,7.85849,7.86036,2.25,1.69
2013.07.26 12:47:22.846,7.85836,7.86032,2.18,2.67
2013.07.26 12:47:23.186,7.8583,7.86026,2.78,2.67
2013.07.26 12:47:23.705,7.8583,7.86019,2.78,1.69
2013.07.26 12:47:23.825,7.85825,7.86019,2.10,1.69
2013.07.26 12:47:24.725,7.85819,7.86017,2.03,2.97
2013.07.26 12:47:24.785,7.85819,7.8601,2.03,1.69
2013.07.26 12:47:26.947,7.85819,7.86007,2.03,1.69
2013.07.26 12:47:27.953,7.85819,7.86007,2.03,1.69
2013.07.26 12:47:29.887,7.85819,7.8601,2.03,1.69
2013.07.26 12:47:30.019,7.85816,7.8601,1.50,1.69
2013.07.26 12:47:30.325,7.85815,7.85981,2.48,1.69
2013.07.26 12:47:30.386,7.8581,7.85981,2.63,1.69
2013.07.26 12:47:30.686,7.8581,7.85975,2.63,1.69
2013.07.26 12:47:30.926,7.85792,7.85969,1.50,1.69
2013.07.26 12:47:31.604,7.85774,7.85965,1.73,1.69
2013.07.26 12:47:31.937,7.85772,7.85965,1.50,2.74
2013.07.26 12:47:32.457,7.8577,7.85955,2.93,1.69
2013.07.26 12:47:33.206,7.85765,7.8595,2.78,1.69
2013.07.26 12:47:33.445,7.85768,7.85944,1.50,1.69
2013.07.26 12:47:35.635,7.85768,7.8595,1.50,1.69
2013.07.26 12:47:35.755,7.85779,7.85959,1.73,1.69
2013.07.26 12:47:38.116,7.85785,7.85952,1.50,1.69
2013.07.26 12:47:39.199,7.85785,7.8596,1.50,2.44
2013.07.26 12:47:39.595,7.85788,7.8596,2.25,2.44
2013.07.26 12:47:43.996,7.85788,7.85953,2.25,1.69
2013.07.26 12:47:44.555,7.85781,7.85949,2.78,1.69
2013.07.26 12:47:44.626,7.85777,7.85949,2.93,1.69
2013.07.26 12:47:45.425,7.85777,7.85929,2.93,1.69
2013.07.26 12:47:45.665,7.85756,7.85929,1.95,1.69
2013.07.26 12:47:46.865,7.85754,7.85929,1.50,1.69
2013.07.26 12:47:49.970,7.85751,7.85936,2.10,1.69
2013.07.26 12:47:51.105,7.85751,7.85935,2.10,1.69
2013.07.26 12:47:52.884,7.85755,7.85929,1.50,1.69
2013.07.26 12:47:52.946,7.85755,7.85936,1.50,1.69
2013.07.26 12:47:53.006,7.85767,7.85944,2.85,1.69
2013.07.26 12:47:54.446,7.85767,7.85937,2.85,1.69
2013.07.26 12:47:54.805,7.85769,7.85944,1.50,1.69
2013.07.26 12:47:54.865,7.858,7.85944,2.70,1.69
2013.07.26 12:47:54.925,7.858,7.85957,2.70,1.69
2013.07.26 12:47:55.226,7.85795,7.85957,2.78,1.69
2013.07.26 12:47:55.345,7.85789,7.85957,1.95,1.69
2013.07.26 12:47:56.657,7.85789,7.85957,1.95,1.69
2013.07.26 12:47:56.845,7.85793,7.85957,2.10,1.69
2013.07.26 12:47:57.627,7.85793,7.85965,2.10,1.69
2013.07.26 12:47:57.747,7.85793,7.85965,2.10,1.69
2013.07.26 12:48:00.744,7.85793,7.85965,2.10,1.50
2013.07.26 12:48:03.165,7.85779,7.85954,1.50,1.50
2013.07.26 12:48:04.190,7.85769,7.85946,1.50,1.50
2013.07.26 12:48:04.497,7.85772,7.85949,1.50,1.50
2013.07.26 12:48:05.375,7.85768,7.85943,1.50,1.50
2013.07.26 12:48:05.805,7.85763,7.85938,1.50,1.50
2013.07.26 12:48:09.049,7.85763,7.85938,1.50,1.50
2013.07.26 12:48:09.177,7.85763,7.85938,1.50,1.50
2013.07.26 12:48:10.095,7.85764,7.8594,1.50,2.25
2013.07.26 12:48:10.335,7.85757,7.85944,2.78,1.50
2013.07.26 12:48:10.525,7.85727,7.85902,1.50,3.04
2013.07.26 12:48:10.585,7.85714,7.85892,1.50,1.69
2013.07.26 12:48:10.645,7.85704,7.85877,1.58,1.50
2013.07.26 12:48:10.957,7.85704,7.8587,1.58,1.50
2013.07.26 12:48:11.678,7.85695,7.8587,1.50,1.50
2013.07.26 12:48:12.535,7.85694,7.85869,1.50,1.50
2013.07.26 12:48:12.835,7.85686,7.8586,1.50,1.50
2013.07.26 12:48:15.267,7.85677,7.8585,1.73,1.50
2013.07.26 12:48:36.175,7.85678,7.85852,1.50,1.50
2013.07.26 12:48:36.354,7.85678,7.85852,1.50,1.69
2013.07.26 12:48:39.324,7.85678,7.85852,1.50,1.50
2013.07.26 12:48:44.475,7.85685,7.85852,1.13,1.50
2013.07.26 12:48:44.776,7.8572,7.85885,1.88,1.50
2013.07.26 12:48:44.835,7.85727,7.85894,1.50,1.50
2013.07.26 12:48:44.895,7.85727,7.85909,1.50,1.50
2013.07.26 12:48:45.075,7.85723,7.85902,2.78,2.25
2013.07.26 12:48:45.435,7.85742,7.85885,2.55,2.25
2013.07.26 12:48:45.555,7.85697,7.85872,1.50,1.69
2013.07.26 12:48:45.615,7.85687,7.85857,1.50,2.44
2013.07.26 12:48:45.974,7.85687,7.85829,1.50,1.50
2013.07.26 12:48:46.215,7.85687,7.85829,1.50,1.50
2013.07.26 12:48:46.335,7.85664,7.85835,2.63,2.25
2013.07.26 12:48:48.515,7.85688,7.85825,1.50,1.50
2013.07.26 12:48:48.575,7.85688,7.85835,1.50,1.50
2013.07.26 12:48:48.636,7.85721,7.85882,2.03,1.50
2013.07.26 12:48:48.756,7.85721,7.85882,2.03,1.50
2013.07.26 12:48:48.875,7.85729,7.85893,1.88,1.50
2013.07.26 12:48:49.176,7.85735,7.85893,2.85,1.50
2013.07.26 12:48:49.987,7.85728,7.85893,2.03,1.50
2013.07.26 12:48:50.355,7.85722,7.85887,2.55,1.50
2013.07.26 12:49:10.884,7.85722,7.85866,2.55,1.50
2013.07.26 12:49:11.245,7.85688,7.85778,2.48,2.25
2013.07.26 12:49:11.545,7.85688,7.8583,2.48,1.50
2013.07.26 12:49:11.606,7.85684,7.85853,1.58,1.50
2013.07.26 12:49:11.728,7.85682,7.85853,1.50,1.50
2013.07.26 12:49:11.915,7.85685,7.85853,2.70,1.50
2013.07.26 12:49:27.046,7.85685,7.8584,2.70,1.50
2013.07.26 12:49:27.473,7.85654,7.85826,1.95,1.50
2013.07.26 12:49:29.535,7.85691,7.85826,2.18,1.50
2013.07.26 12:49:29.595,7.85691,7.85833,2.18,1.50
2013.07.26 12:49:30.075,7.85683,7.85851,2.18,1.50
2013.07.26 12:49:30.315,7.85678,7.85851,2.85,1.50
2013.07.26 12:49:30.435,7.85658,7.8583,2.25,1.50
2013.07.26 12:49:30.495,7.85658,7.8583,1.50,1.50
2013.07.26 12:49:30.555,7.85648,7.85824,1.50,1.69
2013.07.26 12:49:30.616,7.85645,7.85811,2.70,2.25
2013.07.26 12:49:34.837,7.85655,7.858,1.50,1.50
2013.07.26 12:49:44.866,7.85655,7.858,1.50,1.50
2013.07.26 12:49:51.105,7.85655,7.858,1.50,1.50
2013.07.26 12:49:51.165,7.85655,7.85802,1.50,1.69
2013.07.26 12:50:11.227,7.85654,7.858,1.50,1.50
2013.07.26 12:50:31.960,7.85658,7.858,1.50,1.50
2013.07.26 12:50:51.358,7.85645,7.85798,2.85,1.50
2013.07.26 12:51:00.708,7.85643,7.85798,1.73,1.50
2013.07.26 12:51:05.365,7.85646,7.85798,1.50,1.50
2013.07.26 12:51:12.636,7.85622,7.85787,1.73,1.50
2013.07.26 12:51:12.877,7.85622,7.85771,1.35,1.50
2013.07.26 12:51:12.996,7.85605,7.85771,1.50,1.50
2013.07.26 12:51:13.118,7.85598,7.85752,2.25,1.50
2013.07.26 12:51:13.425,7.85564,7.85731,1.50,1.50
2013.07.26 12:51:13.495,7.85557,7.85731,1.50,1.50
2013.07.26 12:51:13.820,7.85539,7.85714,1.50,1.50
2013.07.26 12:51:14.125,7.85531,7.85706,1.50,1.50
2013.07.26 12:51:17.526,7.85539,7.85706,1.50,1.50
2013.07.26 12:51:17.767,7.85542,7.85706,1.50,1.50
2013.07.26 12:51:17.948,7.85542,7.85706,1.50,1.50
2013.07.26 12:51:18.705,7.85544,7.85706,1.50,1.50
2013.07.26 12:51:18.945,7.85544,7.85706,1.50,1.50
2013.07.26 12:51:19.515,7.85534,7.85621,1.50,1.50
2013.07.26 12:51:19.875,7.85448,7.85582,1.50,1.50
2013.07.26 12:51:19.935,7.85448,7.85582,1.50,1.50
2013.07.26 12:51:19.996,7.85448,7.85574,1.50,1.50
2013.07.26 12:51:20.576,7.85437,7.85549,1.50,1.50
2013.07.26 12:51:20.652,7.85419,7.85523,1.50,1.50
2013.07.26 12:51:20.847,7.85409,7.85523,1.80,1.50
2013.07.26 12:51:20.906,7.85404,7.85523,1.58,1.50
2013.07.26 12:51:21.087,7.854,7.85523,2.55,1.50
2013.07.26 12:51:21.785,7.85403,7.85523,1.95,1.50
2013.07.26 12:51:21.845,7.85403,7.8553,1.95,1.50
2013.07.26 12:51:21.906,7.85403,7.85533,1.95,1.50
2013.07.26 12:51:22.145,7.854,7.85533,1.88,1.50
2013.07.26 12:51:22.695,7.854,7.85533,1.88,1.50
2013.07.26 12:51:22.755,7.85397,7.85533,2.03,1.50
2013.07.26 12:51:22.995,7.85397,7.85518,2.03,1.50
2013.07.26 12:51:23.115,7.85392,7.85518,2.55,1.50
2013.07.26 12:51:23.778,7.8539,7.85518,2.85,1.50
2013.07.26 12:51:23.896,7.8539,7.85518,2.85,1.50
2013.07.26 12:51:24.016,7.85364,7.85531,2.25,1.50
2013.07.26 12:51:24.835,7.85346,7.85531,3.00,1.50
2013.07.26 12:51:25.075,7.85346,7.85531,1.50,1.50
2013.07.26 12:51:25.315,7.85339,7.85522,1.50,1.50
2013.07.26 12:51:25.376,7.85337,7.85522,1.50,1.50
2013.07.26 12:51:25.736,7.85337,7.85522,1.50,1.50
2013.07.26 12:51:26.095,7.85333,7.85516,1.50,1.50
2013.07.26 12:51:26.955,7.85318,7.85514,1.50,1.50
2013.07.26 12:51:27.256,7.85289,7.85477,2.25,2.25
2013.07.26 12:51:27.715,7.85285,7.85468,1.50,1.50
2013.07.26 12:51:30.605,7.85282,7.8546,1.50,1.50
2013.07.26 12:51:32.115,7.85304,7.85468,2.33,1.50
2013.07.26 12:51:32.236,7.85304,7.85468,1.50,1.50
2013.07.26 12:51:33.035,7.85303,7.8546,1.50,1.50
2013.07.26 12:51:33.095,7.85293,7.85459,2.93,1.50
2013.07.26 12:51:34.446,7.85343,7.85459,2.10,1.50
2013.07.26 12:51:34.690,7.85343,7.855,2.10,2.25
2013.07.26 12:51:34.755,7.85343,7.8551,2.10,1.50
2013.07.26 12:51:35.199,7.85353,7.85538,1.50,1.69
2013.07.26 12:51:35.448,7.85348,7.85532,1.50,1.50
2013.07.26 12:51:35.816,7.85355,7.85535,1.50,1.50
2013.07.26 12:51:36.176,7.85355,7.85535,1.50,1.50
2013.07.26 12:51:36.416,7.85363,7.85546,1.50,1.50
2013.07.26 12:51:36.805,7.85373,7.85546,2.18,1.50
2013.07.26 12:51:37.235,7.85352,7.85538,1.50,1.50
2013.07.26 12:51:37.475,7.85342,7.85538,2.25,2.25
2013.07.26 12:51:37.726,7.85355,7.85538,1.50,1.50
2013.07.26 12:51:38.345,7.85355,7.85538,1.50,1.69
2013.07.26 12:51:38.405,7.85355,7.85538,1.50,1.69
2013.07.26 12:51:38.465,7.85342,7.85531,1.50,2.44
2013.07.26 12:51:39.235,7.85319,7.85513,1.50,1.50
2013.07.26 12:51:40.085,7.85338,7.85513,1.50,1.50
2013.07.26 12:51:40.805,7.85331,7.85507,1.50,1.50
2013.07.26 12:51:42.735,7.85374,7.85507,1.80,1.50
2013.07.26 12:51:42.855,7.85374,7.85507,1.80,1.50
2013.07.26 12:51:43.155,7.85378,7.85514,1.65,1.50
2013.07.26 12:51:43.345,7.85376,7.85514,2.18,1.50
2013.07.26 12:51:43.585,7.85338,7.85514,1.50,1.69
2013.07.26 12:51:43.645,7.8533,7.85498,2.33,1.50
2013.07.26 12:51:44.005,7.8533,7.85487,2.33,1.50
2013.07.26 12:51:44.907,7.85329,7.85487,1.58,1.50
2013.07.26 12:51:48.825,7.85329,7.85494,1.58,1.50
2013.07.26 12:51:48.885,7.85371,7.85513,2.55,1.50
2013.07.26 12:51:49.407,7.85372,7.85513,1.58,1.50
2013.07.26 12:51:49.966,7.85367,7.85513,1.58,1.50
2013.07.26 12:51:50.445,7.85367,7.85542,1.58,1.69
2013.07.26 12:51:51.416,7.85362,7.85542,2.18,1.69
2013.07.26 12:51:51.655,7.85358,7.85542,1.50,1.69
2013.07.26 12:51:51.776,7.85358,7.85542,1.50,1.69
2013.07.26 12:51:52.331,7.85356,7.85542,1.50,1.69
2013.07.26 12:51:53.625,7.85358,7.85542,1.50,1.50
2013.07.26 12:51:53.745,7.85356,7.85542,1.50,1.50
2013.07.26 12:51:54.105,7.85356,7.85533,1.50,1.50
2013.07.26 12:51:55.385,7.85343,7.85527,1.50,2.25
2013.07.26 12:51:55.506,7.85344,7.85517,1.50,1.50
2013.07.26 12:51:56.805,7.85336,7.85524,1.50,1.50
2013.07.26 12:51:57.225,7.8533,7.85508,1.50,1.50
2013.07.26 12:51:58.500,7.85337,7.85514,1.80,1.50
2013.07.26 12:51:58.625,7.85337,7.85526,1.80,1.69
2013.07.26 12:51:58.688,7.85334,7.85526,2.03,1.69
2013.07.26 12:51:59.045,7.85334,7.85503,2.03,1.69
2013.07.26 12:51:59.113,7.85315,7.85489,1.50,1.50
2013.07.26 12:52:00.805,7.85308,7.85482,1.50,1.50
2013.07.26 12:52:04.135,7.85315,7.8549,1.50,1.50
2013.07.26 12:52:04.907,7.85301,7.8549,1.50,1.50
2013.07.26 12:52:12.055,7.85301,7.85497,2.25,2.25
2013.07.26 12:52:12.186,7.85325,7.85497,1.50,1.50
2013.07.26 12:52:13.167,7.85324,7.85511,1.50,1.69
2013.07.26 12:52:13.472,7.85359,7.85534,1.50,1.50
2013.07.26 12:52:13.835,7.85359,7.85534,3.00,1.50
2013.07.26 12:52:13.895,7.85359,7.85551,2.25,1.50
2013.07.26 12:52:14.797,7.85359,7.85553,2.25,1.50
2013.07.26 12:52:15.467,7.85359,7.85561,2.25,1.69
2013.07.26 12:52:15.647,7.85353,7.85557,2.93,1.69
2013.07.26 12:52:15.777,7.85346,7.85552,2.40,1.69
2013.07.26 12:52:16.136,7.85338,7.85542,1.80,1.50
2013.07.26 12:52:16.617,7.85338,7.85542,1.80,1.50
2013.07.26 12:52:16.798,7.85334,7.85538,1.50,1.50
2013.07.26 12:52:17.527,7.85344,7.8555,2.33,1.69
2013.07.26 12:52:17.585,7.85344,7.8555,2.33,1.69
2013.07.26 12:52:18.076,7.85338,7.85546,2.40,1.50
2013.07.26 12:52:18.315,7.85349,7.85555,2.78,1.69
2013.07.26 12:52:18.647,7.85361,7.85555,1.50,2.44
2013.07.26 12:52:19.036,7.85359,7.85555,1.50,1.69
2013.07.26 12:52:19.095,7.8535,7.8554,1.50,1.69
2013.07.26 12:52:19.236,7.8534,7.85538,1.50,1.50
2013.07.26 12:52:19.895,7.85332,7.85538,2.10,1.50
2013.07.26 12:52:23.516,7.85348,7.85538,1.69,1.50
2013.07.26 12:52:23.695,7.85362,7.85551,1.50,1.50
2013.07.26 12:52:24.685,7.85362,7.85556,1.50,1.50
2013.07.26 12:52:24.866,7.85336,7.85538,1.69,1.50
2013.07.26 12:52:26.570,7.85336,7.85538,1.69,1.50
2013.07.26 12:52:34.278,7.85334,7.85538,2.37,1.50
2013.07.26 12:52:34.806,7.85334,7.85431,2.37,8.42
2013.07.26 12:52:34.864,7.85327,7.85399,2.25,6.39
2013.07.26 12:52:34.985,7.85327,7.85363,1.50,1.50
2013.07.26 12:52:35.045,7.85248,7.85362,2.93,1.50
2013.07.26 12:52:35.106,7.85248,7.85372,2.93,2.85
2013.07.26 12:52:35.165,7.85248,7.85362,2.93,1.50
2013.07.26 12:52:37.180,7.85248,7.85359,2.93,1.50
2013.07.26 12:52:37.736,7.85197,7.85359,1.50,1.50
2013.07.26 12:52:37.795,7.85192,7.85349,1.50,1.50
2013.07.26 12:52:37.985,7.85229,7.85386,1.50,1.50
2013.07.26 12:52:38.225,7.85229,7.85385,1.50,1.50
2013.07.26 12:52:39.006,7.85229,7.85383,1.50,1.50
2013.07.26 12:52:39.188,7.85225,7.85383,1.50,1.50
2013.07.26 12:52:39.555,7.85221,7.85383,1.50,1.50
2013.07.26 12:52:39.985,7.85216,7.85383,1.50,1.50
2013.07.26 12:52:40.345,7.85262,7.85398,1.50,1.50
2013.07.26 12:52:40.705,7.85272,7.85426,1.50,1.50
2013.07.26 12:52:41.065,7.85278,7.85429,1.50,1.50
2013.07.26 12:52:41.425,7.85333,7.85486,1.35,1.62
2013.07.26 12:52:41.665,7.85378,7.85529,1.50,1.62
2013.07.26 12:52:41.725,7.85378,7.85548,1.50,1.50
2013.07.26 12:52:41.807,7.85392,7.85548,1.17,1.50
2013.07.26 12:52:42.205,7.85378,7.85548,1.50,1.50
2013.07.26 12:52:42.505,7.85373,7.85548,1.50,1.50
2013.07.26 12:52:42.565,7.85364,7.8552,1.50,1.50
2013.07.26 12:52:42.625,7.8535,7.8554,1.88,1.50
2013.07.26 12:52:42.685,7.85329,7.85541,1.69,1.50
2013.07.26 12:52:42.985,7.85328,7.85541,1.69,1.50
2013.07.26 12:52:43.485,7.85325,7.85524,1.50,1.50
2013.07.26 12:52:43.735,7.85321,7.85524,1.69,1.50
2013.07.26 12:52:44.096,7.85312,7.85507,1.50,1.50
2013.07.26 12:52:44.275,7.85309,7.85507,2.03,1.50
2013.07.26 12:52:44.695,7.85308,7.85518,2.33,1.50
2013.07.26 12:52:45.175,7.85309,7.8551,1.88,1.69
2013.07.26 12:52:45.536,7.85362,7.85492,1.73,1.50
2013.07.26 12:52:45.658,7.85362,7.85535,1.73,1.50
2013.07.26 12:52:46.096,7.85339,7.85529,1.50,1.50
2013.07.26 12:52:46.155,7.85335,7.85516,1.50,1.50
2013.07.26 12:52:46.215,7.8533,7.85505,1.50,1.50
2013.07.26 12:52:46.396,7.85315,7.85494,1.50,1.50
2013.07.26 12:52:46.455,7.85315,7.85494,1.50,1.50
2013.07.26 12:52:47.385,7.85291,7.85494,2.63,1.50
2013.07.26 12:52:47.626,7.85268,7.85473,1.69,1.50
2013.07.26 12:52:48.216,7.85267,7.85464,1.50,1.50
2013.07.26 12:52:48.575,7.85236,7.85415,1.50,1.50
2013.07.26 12:52:48.636,7.85233,7.85415,1.50,1.50
2013.07.26 12:52:49.347,7.85233,7.85409,1.50,1.50
2013.07.26 12:52:49.646,7.8523,7.85408,1.50,1.50
2013.07.26 12:52:49.765,7.8522,7.85404,2.44,1.50
2013.07.26 12:52:49.887,7.8523,7.85408,1.50,1.50
2013.07.26 12:52:50.137,7.85217,7.85404,2.44,1.50
2013.07.26 12:52:50.316,7.85226,7.85395,1.50,1.50
2013.07.26 12:52:50.376,7.85254,7.85395,2.10,1.50
2013.07.26 12:52:50.495,7.85287,7.85431,2.03,1.50
2013.07.26 12:52:50.555,7.85312,7.85441,2.25,2.33
2013.07.26 12:52:50.918,7.85322,7.85397,1.50,2.93
2013.07.26 12:52:51.372,7.85203,7.85387,1.50,1.50
2013.07.26 12:52:51.746,7.85214,7.85387,1.69,1.50
2013.07.26 12:52:51.985,7.8524,7.85421,1.69,1.50
2013.07.26 12:52:53.053,7.85257,7.85436,1.50,1.50
2013.07.26 12:52:53.175,7.85259,7.85437,1.50,1.50
2013.07.26 12:52:53.636,7.85248,7.85438,1.69,1.50
2013.07.26 12:52:53.756,7.85248,7.85435,1.69,1.50
2013.07.26 12:52:54.366,7.85239,7.85415,1.50,1.50
2013.07.26 12:52:54.976,7.85239,7.85415,1.50,1.50
2013.07.26 12:52:55.095,7.85232,7.85411,1.69,1.50
2013.07.26 12:52:55.600,7.85232,7.8541,1.69,1.50
2013.07.26 12:52:55.936,7.85229,7.85408,1.69,1.50
2013.07.26 12:52:56.296,7.85229,7.85404,1.69,1.50
2013.07.26 12:52:56.421,7.85229,7.85396,1.69,1.50
2013.07.26 12:52:58.212,7.85218,7.85313,1.50,1.50
2013.07.26 12:52:58.395,7.85202,7.85293,1.69,1.89
2013.07.26 12:52:58.455,7.85202,7.85283,1.50,1.50
2013.07.26 12:52:58.515,7.85192,7.85283,2.18,1.50
2013.07.26 12:52:58.575,7.85192,7.85283,2.18,2.25
2013.07.26 12:52:58.634,7.85085,7.8526,1.50,1.50
2013.07.26 12:52:58.815,7.85074,7.85231,1.50,2.25
2013.07.26 12:52:58.935,7.85035,7.85221,1.50,1.50
2013.07.26 12:52:59.815,7.85018,7.852,1.69,1.50
2013.07.26 12:52:59.875,7.85018,7.852,1.50,1.50
2013.07.26 12:53:02.088,7.85018,7.85202,1.50,1.50
2013.07.26 12:53:02.447,7.85065,7.85246,1.50,1.50
2013.07.26 12:53:02.811,7.85072,7.85255,1.50,1.50
2013.07.26 12:53:03.316,7.85076,7.85261,1.50,1.50
2013.07.26 12:53:03.555,7.85076,7.85259,1.69,2.70
2013.07.26 12:53:03.736,7.85074,7.85249,1.69,1.50
2013.07.26 12:53:03.796,7.85074,7.85249,1.69,1.50
2013.07.26 12:53:07.005,7.85074,7.85249,1.69,1.50
2013.07.26 12:53:07.545,7.85074,7.85254,1.69,1.50
2013.07.26 12:53:08.695,7.85074,7.85249,1.50,1.50
2013.07.26 12:53:09.885,7.85074,7.85249,1.50,1.50
2013.07.26 12:53:10.886,7.85077,7.85245,1.50,2.70
2013.07.26 12:53:11.245,7.85074,7.85236,1.50,1.80
2013.07.26 12:53:11.425,7.85074,7.8524,1.50,2.10
2013.07.26 12:53:11.665,7.85074,7.85238,1.50,1.88
2013.07.26 12:53:11.850,7.85093,7.85258,1.50,1.50
2013.07.26 12:53:11.988,7.85093,7.85253,1.50,1.50
2013.07.26 12:53:12.058,7.85086,7.85253,2.70,1.50
2013.07.26 12:53:12.646,7.85066,7.85225,1.50,1.95
2013.07.26 12:53:12.706,7.85059,7.85225,1.50,1.95
2013.07.26 12:53:12.888,7.85054,7.85221,2.25,2.78
2013.07.26 12:53:14.046,7.85054,7.85217,1.50,2.03
2013.07.26 12:53:14.645,7.85054,7.85222,2.25,2.63
2013.07.26 12:53:15.525,7.85079,7.85222,2.44,2.63
2013.07.26 12:53:15.585,7.85109,7.85268,1.69,1.50
2013.07.26 12:53:15.645,7.85111,7.85278,1.50,2.10
2013.07.26 12:53:15.705,7.85129,7.85278,1.73,2.10
2013.07.26 12:53:16.065,7.85238,7.85384,1.65,1.50
2013.07.26 12:53:16.245,7.85236,7.85384,1.50,1.50
2013.07.26 12:53:16.845,7.85232,7.85384,1.58,1.50
2013.07.26 12:53:16.905,7.85228,7.85384,1.73,1.50
2013.07.26 12:53:17.385,7.85223,7.85384,2.93,1.50
2013.07.26 12:53:19.337,7.85223,7.8539,2.93,1.50
2013.07.26 12:53:19.578,7.85223,7.8539,2.93,1.50
2013.07.26 12:53:19.647,7.85223,7.8539,2.93,1.50
2013.07.26 12:53:19.767,7.85223,7.8539,2.93,1.50
2013.07.26 12:53:21.038,7.85221,7.85381,1.58,1.50
2013.07.26 12:53:21.216,7.85221,7.85383,1.58,1.50
2013.07.26 12:53:21.695,7.85221,7.8536,1.58,1.88
2013.07.26 12:53:21.753,7.84857,7.85291,1.50,3.23
2013.07.26 12:53:21.824,7.84882,7.85154,1.58,3.00
2013.07.26 12:53:22.214,7.84882,7.85045,1.58,1.50
2013.07.26 12:53:22.358,7.84918,7.85092,1.69,1.50
2013.07.26 12:53:22.425,7.84935,7.85114,1.32,1.50
2013.07.26 12:53:22.547,7.84944,7.85142,1.69,1.50
2013.07.26 12:53:22.787,7.84944,7.85134,1.69,2.25
2013.07.26 12:53:23.085,7.84846,7.85162,1.32,1.75
2013.07.26 12:53:23.568,7.84859,7.85087,1.69,1.50
2013.07.26 12:53:23.756,7.84859,7.85087,1.69,1.50
2013.07.26 12:53:23.940,7.84859,7.85085,1.69,1.50
2013.07.26 12:53:24.005,7.84859,7.85085,1.69,1.50
2013.07.26 12:53:24.789,7.84865,7.85093,1.69,1.50
2013.07.26 12:53:25.222,7.84858,7.8509,1.69,1.50
2013.07.26 12:53:25.407,7.84858,7.8509,1.69,1.50
2013.07.26 12:53:25.467,7.84858,7.85071,1.50,1.69
2013.07.26 12:53:25.860,7.84788,7.84984,1.69,1.50
2013.07.26 12:53:26.167,7.84772,7.84968,1.50,1.69
2013.07.26 12:53:26.526,7.84779,7.84973,1.50,2.44
2013.07.26 12:53:27.109,7.84779,7.84971,2.25,2.44
2013.07.26 12:53:27.175,7.84779,7.84973,2.25,2.44
2013.07.26 12:53:27.709,7.84775,7.84962,1.50,1.50
2013.07.26 12:53:28.015,7.84932,7.84993,1.13,4.50
2013.07.26 12:53:28.135,7.84936,7.85051,1.13,1.50
2013.07.26 12:53:28.196,7.84984,7.85105,1.50,2.85
2013.07.26 12:53:28.255,7.85008,7.85105,1.88,2.85
2013.07.26 12:53:28.375,7.85011,7.8518,1.32,1.50
2013.07.26 12:53:28.436,7.85031,7.85192,1.32,2.48
2013.07.26 12:53:28.513,7.85028,7.85192,1.69,2.48
2013.07.26 12:53:28.576,7.85063,7.85217,1.69,2.40
2013.07.26 12:53:28.636,7.85055,7.85217,1.69,2.40
2013.07.26 12:53:28.695,7.85055,7.85208,1.69,1.95
2013.07.26 12:53:29.485,7.85063,7.85208,1.50,1.95
2013.07.26 12:53:29.606,7.85057,7.85208,1.50,1.95
2013.07.26 12:53:29.921,7.85073,7.85225,1.50,2.18
2013.07.26 12:53:30.046,7.85065,7.85225,1.50,2.18
2013.07.26 12:53:30.608,7.85073,7.85225,1.50,2.18
2013.07.26 12:53:32.978,7.85074,7.85225,1.50,2.18
2013.07.26 12:53:33.835,7.85075,7.85225,1.50,2.18
2013.07.26 12:53:39.146,7.85074,7.85226,1.50,1.58
2013.07.26 12:53:39.456,7.85079,7.85226,1.50,1.58
2013.07.26 12:53:39.515,7.85079,7.85226,1.50,1.58
2013.07.26 12:53:44.166,7.85181,7.85226,2.85,1.58
2013.07.26 12:53:44.525,7.85182,7.85247,1.50,2.18
2013.07.26 12:53:44.585,7.85182,7.85258,1.50,2.03
2013.07.26 12:53:44.705,7.85119,7.85258,1.50,2.03
2013.07.26 12:53:44.826,7.85119,7.85265,1.50,2.25
2013.07.26 12:53:44.945,7.85097,7.85265,1.50,2.25
2013.07.26 12:53:45.778,7.85097,7.85258,1.50,1.50
2013.07.26 12:53:45.909,7.85096,7.85264,1.50,1.58
2013.07.26 12:53:50.667,7.8511,7.85272,1.50,1.50
2013.07.26 12:53:51.955,7.8511,7.85277,1.50,2.25
2013.07.26 12:53:52.296,7.85116,7.85277,1.50,2.25
2013.07.26 12:53:53.355,7.85116,7.85277,1.50,2.25
2013.07.26 12:53:53.416,7.85107,7.85265,1.50,1.95
2013.07.26 12:53:53.475,7.85101,7.85265,1.50,1.95
2013.07.26 12:53:53.535,7.85101,7.85259,1.50,2.93
2013.07.26 12:53:54.566,7.8509,7.85242,2.25,2.03
2013.07.26 12:53:54.625,7.85079,7.85242,1.69,2.03
2013.07.26 12:54:00.527,7.85076,7.85242,1.50,2.78
2013.07.26 12:54:00.589,7.85076,7.85237,1.69,1.50
2013.07.26 12:54:08.444,7.85077,7.85237,1.50,1.50
2013.07.26 12:54:20.286,7.85096,7.85243,1.50,1.73
2013.07.26 12:54:20.636,7.85096,7.85259,1.69,1.80
2013.07.26 12:54:30.595,7.85106,7.8527,1.50,1.50
2013.07.26 12:54:30.925,7.85133,7.8529,2.93,1.50
2013.07.26 12:54:31.236,7.85204,7.85294,2.10,1.50
2013.07.26 12:54:31.295,7.85204,7.85314,2.10,1.50
2013.07.26 12:54:31.476,7.85194,7.85333,2.85,1.50
2013.07.26 12:54:31.536,7.85204,7.85361,1.50,1.50
2013.07.26 12:54:31.595,7.85217,7.85361,1.50,1.50
2013.07.26 12:54:31.655,7.85217,7.85371,1.50,3.60
2013.07.26 12:54:31.775,7.85225,7.85379,1.50,2.70
2013.07.26 12:54:32.656,7.85247,7.85379,1.50,1.95
2013.07.26 12:54:32.776,7.85247,7.85411,2.44,1.50
2013.07.26 12:54:33.350,7.85275,7.85421,1.69,2.18
2013.07.26 12:54:34.947,7.85275,7.85421,1.50,2.18
2013.07.26 12:54:54.856,7.85267,7.85421,1.69,3.30
2013.07.26 12:54:54.976,7.85267,7.85425,2.44,1.50
2013.07.26 12:54:55.216,7.85289,7.85435,1.69,2.48
2013.07.26 12:54:55.277,7.85289,7.85445,1.69,1.50
2013.07.26 12:54:55.537,7.85289,7.85464,1.69,1.50
2013.07.26 12:55:03.576,7.85297,7.85471,1.69,1.50
2013.07.26 12:55:04.666,7.85297,7.85471,1.69,1.50
2013.07.26 12:55:04.791,7.85297,7.85451,1.50,1.88
2013.07.26 12:55:05.108,7.85301,7.85444,1.50,1.58
2013.07.26 12:55:05.968,7.85301,7.85444,1.69,1.58
2013.07.26 12:55:06.157,7.85281,7.85471,1.69,1.50
2013.07.26 12:55:06.337,7.85281,7.85452,2.44,1.65
2013.07.26 12:55:06.757,7.85289,7.85452,1.50,1.95
2013.07.26 12:55:07.676,7.85289,7.85472,1.69,1.50
2013.07.26 12:55:08.423,7.85292,7.85461,1.50,1.88
2013.07.26 12:55:09.427,7.85297,7.85471,1.69,1.50
2013.07.26 12:55:09.546,7.85299,7.85463,1.69,1.50
2013.07.26 12:55:09.726,7.853,7.85463,1.69,1.50
2013.07.26 12:55:10.716,7.853,7.85463,1.69,1.50
2013.07.26 12:55:10.776,7.85304,7.85471,1.69,1.50
2013.07.26 12:55:11.336,7.85305,7.85463,1.50,1.50
2013.07.26 12:55:12.295,7.85289,7.85463,1.69,1.50
2013.07.26 12:55:13.468,7.85292,7.85467,1.69,1.50
2013.07.26 12:55:13.726,7.85292,7.85467,1.69,1.50
2013.07.26 12:55:14.336,7.85294,7.85472,1.69,1.50
2013.07.26 12:55:15.495,7.85294,7.85472,1.69,1.50
2013.07.26 12:55:16.966,7.85297,7.85472,1.69,1.50
2013.07.26 12:55:17.286,7.85298,7.85475,1.69,1.50
2013.07.26 12:55:18.546,7.85298,7.85473,1.69,1.50
2013.07.26 12:55:20.237,7.853,7.85475,1.69,1.50
2013.07.26 12:55:24.466,7.85291,7.85468,1.69,1.50
2013.07.26 12:55:24.705,7.85308,7.85483,1.50,2.25
2013.07.26 12:55:25.985,7.8529,7.85467,1.69,1.50
2013.07.26 12:55:26.285,7.85307,7.85483,1.50,1.50
2013.07.26 12:55:27.005,7.85291,7.85466,1.69,1.50
2013.07.26 12:55:27.555,7.85291,7.85466,1.69,1.50
2013.07.26 12:55:27.675,7.85307,7.85482,1.50,1.50
2013.07.26 12:55:28.257,7.85291,7.85466,1.69,1.50
2013.07.26 12:55:28.986,7.85291,7.85466,1.69,1.50
2013.07.26 12:55:29.106,7.85304,7.85483,1.69,1.50
2013.07.26 12:55:29.165,7.85304,7.85483,1.69,1.50
2013.07.26 12:55:29.345,7.85295,7.85473,1.69,1.50
2013.07.26 12:55:29.585,7.85291,7.85466,1.69,1.50
2013.07.26 12:55:30.465,7.85291,7.85466,1.69,1.50
2013.07.26 12:55:31.066,7.85306,7.85481,1.50,1.50
2013.07.26 12:55:32.027,7.853,7.85477,1.69,1.50
2013.07.26 12:55:32.385,7.85331,7.85502,1.58,1.50
2013.07.26 12:55:33.135,7.85332,7.85502,2.10,1.50
2013.07.26 12:55:33.527,7.85335,7.85502,1.73,1.50
2013.07.26 12:55:33.648,7.85335,7.8551,2.48,1.50
2013.07.26 12:55:34.078,7.85331,7.85509,1.80,1.50
2013.07.26 12:55:35.076,7.85338,7.85509,2.48,1.50
2013.07.26 12:55:35.136,7.85338,7.85527,2.48,1.73
2013.07.26 12:55:35.315,7.85335,7.85516,2.14,1.50
2013.07.26 12:55:35.376,7.85335,7.85516,2.14,1.50
2013.07.26 12:55:35.615,7.8533,7.85515,2.14,1.50
2013.07.26 12:55:36.615,7.85338,7.85516,1.88,1.50
2013.07.26 12:55:36.855,7.85334,7.85516,2.18,1.50
2013.07.26 12:55:37.036,7.8533,7.85515,2.33,1.50
2013.07.26 12:55:37.836,7.85324,7.85511,1.69,1.50
2013.07.26 12:55:38.774,7.85322,7.85508,1.69,1.50
2013.07.26 12:55:39.439,7.85325,7.85501,1.69,1.50
2013.07.26 12:55:39.506,7.85325,7.85501,1.50,1.50
2013.07.26 12:55:39.975,7.85331,7.85507,1.50,1.50
2013.07.26 12:55:40.095,7.85335,7.85512,1.50,1.50
2013.07.26 12:55:40.436,7.85335,7.85512,1.69,1.50
2013.07.26 12:55:40.796,7.85369,7.85532,2.40,1.54
2013.07.26 12:55:41.095,7.85366,7.85533,1.50,1.52
2013.07.26 12:55:41.464,7.85366,7.85533,1.50,1.52
2013.07.26 12:55:42.095,7.85366,7.85532,1.50,1.27
2013.07.26 12:55:42.485,7.85366,7.85532,1.50,1.27
2013.07.26 12:55:43.005,7.85356,7.85541,1.58,1.27
2013.07.26 12:55:43.065,7.85404,7.85552,2.29,1.17
2013.07.26 12:55:43.125,7.85414,7.85708,1.69,1.38
2013.07.26 12:55:43.186,7.85417,7.85602,1.69,1.50
2013.07.26 12:55:43.246,7.85368,7.85602,2.44,1.69
2013.07.26 12:55:43.366,7.85417,7.85576,1.50,1.50
2013.07.26 12:55:43.426,7.85358,7.85576,1.69,1.50
2013.07.26 12:55:43.985,7.85359,7.85591,2.52,1.50
2013.07.26 12:55:44.406,7.85359,7.85591,2.33,1.69
2013.07.26 12:55:44.946,7.85358,7.85575,2.78,1.50
2013.07.26 12:55:45.306,7.85368,7.85571,2.78,1.50
2013.07.26 12:55:45.805,7.85368,7.85567,2.70,1.50
2013.07.26 12:55:46.106,7.85364,7.85562,2.37,1.50
2013.07.26 12:55:46.727,7.8535,7.85562,2.14,2.63
2013.07.26 12:55:46.906,7.85367,7.8559,1.84,1.50
2013.07.26 12:55:47.100,7.85367,7.85582,1.65,1.69
2013.07.26 12:55:47.586,7.85364,7.85572,1.58,1.50
2013.07.26 12:55:48.366,7.85354,7.85561,1.99,1.50
2013.07.26 12:55:48.727,7.8535,7.85551,1.95,1.88
2013.07.26 12:55:48.793,7.85347,7.85552,1.69,2.55
2013.07.26 12:55:49.036,7.85344,7.85551,2.67,2.48
2013.07.26 12:55:49.348,7.85344,7.85541,2.67,1.50
2013.07.26 12:55:49.526,7.85347,7.85543,1.69,1.50
2013.07.26 12:55:49.586,7.85364,7.85562,2.03,1.50
2013.07.26 12:55:50.136,7.85348,7.85562,1.80,1.50
2013.07.26 12:55:50.317,7.85352,7.85562,1.80,1.50
2013.07.26 12:55:50.496,7.85352,7.85566,1.80,1.50
2013.07.26 12:55:50.766,7.85357,7.85566,1.88,1.50
2013.07.26 12:55:51.126,7.85354,7.85561,1.88,1.50
2013.07.26 12:55:51.306,7.85349,7.85551,2.07,1.50
2013.07.26 12:55:51.508,7.85352,7.85552,1.77,1.50
2013.07.26 12:55:52.186,7.85352,7.85552,1.77,1.50
2013.07.26 12:55:52.366,7.85371,7.85578,2.74,1.50
2013.07.26 12:55:52.546,7.85349,7.85578,1.77,1.50
2013.07.26 12:55:53.356,7.85353,7.85572,2.52,1.50
2013.07.26 12:55:53.476,7.85353,7.85572,2.52,1.50
2013.07.26 12:55:53.536,7.8537,7.85572,1.50,1.50
2013.07.26 12:55:53.896,7.85383,7.8559,2.10,1.69
2013.07.26 12:55:54.316,7.8538,7.85571,2.70,1.50
2013.07.26 12:55:55.046,7.85374,7.85572,2.59,1.50
2013.07.26 12:55:55.286,7.85383,7.8559,2.10,1.50
2013.07.26 12:55:55.586,7.85378,7.85582,2.59,1.50
2013.07.26 12:55:55.826,7.85374,7.85571,1.92,1.50
2013.07.26 12:55:57.586,7.85374,7.85571,1.92,1.50
2013.07.26 12:55:58.357,7.85382,7.8559,3.04,1.50
2013.07.26 12:55:58.597,7.85379,7.85581,3.12,1.50
2013.07.26 12:55:58.716,7.85374,7.85571,2.52,1.50
2013.07.26 12:55:59.276,7.85374,7.85571,2.52,1.50
2013.07.26 12:55:59.786,7.85382,7.8559,1.92,1.50
2013.07.26 12:56:00.146,7.85378,7.85582,2.07,1.50
2013.07.26 12:56:00.952,7.85373,7.85572,1.92,1.50
2013.07.26 12:56:02.349,7.85373,7.85537,2.70,1.50
2013.07.26 12:56:02.657,7.85337,7.85516,2.93,1.50
2013.07.26 12:56:02.717,7.85337,7.85507,2.93,1.50
2013.07.26 12:56:02.896,7.85318,7.85504,2.10,1.50
2013.07.26 12:56:03.698,7.85308,7.85486,1.69,1.50
2013.07.26 12:56:03.937,7.85338,7.85524,2.93,1.50
2013.07.26 12:56:04.397,7.85338,7.85532,2.93,1.50
2013.07.26 12:56:05.026,7.85338,7.85532,3.12,1.50
2013.07.26 12:56:05.386,7.85338,7.85496,3.12,1.50
2013.07.26 12:56:05.506,7.85292,7.85476,1.50,1.50
2013.07.26 12:56:06.646,7.85328,7.85496,2.93,1.50
2013.07.26 12:56:06.725,7.85328,7.85507,3.12,1.50
2013.07.26 12:56:07.507,7.85328,7.85532,3.12,1.50
2013.07.26 12:56:08.190,7.85328,7.85532,3.12,1.50
2013.07.26 12:56:09.798,7.85328,7.85532,3.12,1.50
2013.07.26 12:56:13.936,7.85328,7.85532,2.93,1.50
2013.07.26 12:56:14.057,7.85338,7.85532,2.44,1.50
2013.07.26 12:56:14.417,7.85404,7.85541,2.63,1.50
2013.07.26 12:56:15.107,7.85399,7.85541,2.03,1.50
2013.07.26 12:56:15.757,7.85403,7.85541,1.73,1.50
2013.07.26 12:56:15.876,7.85403,7.85588,1.73,2.25
2013.07.26 12:56:16.116,7.85411,7.85588,2.03,1.50
2013.07.26 12:56:16.237,7.85411,7.85599,2.03,1.50
2013.07.26 12:56:16.296,7.85403,7.85592,2.48,1.50
2013.07.26 12:56:20.677,7.85405,7.85591,2.40,1.50
2013.07.26 12:56:25.906,7.85405,7.85597,2.40,1.50
2013.07.26 12:56:26.086,7.8542,7.85605,2.33,1.50
2013.07.26 12:56:26.546,7.85438,7.85618,1.58,1.50
2013.07.26 12:56:26.666,7.85438,7.8562,1.58,1.50
2013.07.26 12:56:27.397,7.85438,7.85629,1.58,1.50
2013.07.26 12:56:29.517,7.85438,7.85629,1.77,1.50
2013.07.26 12:56:29.877,7.8544,7.85626,1.69,1.50
2013.07.26 12:56:30.116,7.85449,7.85651,2.14,1.50
2013.07.26 12:56:30.176,7.85449,7.85651,2.14,1.50
2013.07.26 12:56:30.326,7.85449,7.85651,2.14,1.50
2013.07.26 12:56:33.856,7.8545,7.85651,2.52,1.50
2013.07.26 12:56:34.476,7.8545,7.85651,2.52,1.50
2013.07.26 12:56:36.006,7.8545,7.85651,2.52,1.50
2013.07.26 12:56:37.837,7.85457,7.85651,2.44,1.50
2013.07.26 12:56:37.896,7.85446,7.85651,3.12,2.25
2013.07.26 12:56:37.956,7.85446,7.85631,2.93,1.50
2013.07.26 12:56:38.016,7.85416,7.85585,1.50,3.04
2013.07.26 12:56:38.077,7.85398,7.85575,1.50,1.69
2013.07.26 12:56:38.138,7.85398,7.85558,1.50,1.50
2013.07.26 12:56:38.316,7.85361,7.85533,1.50,1.50
2013.07.26 12:56:38.376,7.85351,7.85523,1.65,2.25
2013.07.26 12:56:39.096,7.85334,7.85509,1.50,1.50
2013.07.26 12:56:41.016,7.8533,7.85506,1.50,1.50
2013.07.26 12:56:41.076,7.8531,7.85486,2.25,1.50
2013.07.26 12:56:41.197,7.8531,7.85485,1.50,1.50
2013.07.26 12:56:48.228,7.85312,7.85489,1.50,1.50
2013.07.26 12:56:52.323,7.85315,7.8549,1.50,1.50
2013.07.26 12:56:52.452,7.85315,7.8549,1.50,1.50
2013.07.26 12:56:56.668,7.85315,7.85469,1.50,1.50
2013.07.26 12:56:57.025,7.85288,7.85418,1.80,1.50
2013.07.26 12:56:57.086,7.85261,7.85428,2.18,1.50
2013.07.26 12:56:57.146,7.8529,7.85456,1.50,2.18
2013.07.26 12:56:57.531,7.85297,7.8545,1.50,1.80
2013.07.26 12:56:58.290,7.85297,7.85448,1.50,2.48
2013.07.26 12:57:02.078,7.85298,7.85447,1.69,2.03
2013.07.26 12:57:08.147,7.85298,7.85475,2.44,1.50
2013.07.26 12:57:08.578,7.85349,7.85526,2.44,1.50
2013.07.26 12:57:09.317,7.85383,7.85592,1.69,1.50
2013.07.26 12:57:09.436,7.85383,7.85592,1.69,1.50
2013.07.26 12:57:09.498,7.85373,7.85602,1.69,2.25
2013.07.26 12:57:10.820,7.85374,7.85602,1.69,2.25
2013.07.26 12:57:15.316,7.85377,7.85602,1.69,2.78
2013.07.26 12:57:16.092,7.85377,7.85592,1.69,1.50
2013.07.26 12:57:16.168,7.85377,7.85591,1.69,1.50
2013.07.26 12:57:16.406,7.85377,7.85542,1.50,1.69
2013.07.26 12:57:16.466,7.85367,7.85529,1.95,1.69
2013.07.26 12:57:16.827,7.85378,7.85496,2.18,1.50
2013.07.26 12:57:16.886,7.85378,7.85516,2.18,1.50
2013.07.26 12:57:17.130,7.85378,7.85505,1.58,1.50
2013.07.26 12:57:17.849,7.85378,7.85533,1.58,1.50
2013.07.26 12:57:17.916,7.85403,7.85533,2.03,1.50
2013.07.26 12:57:17.976,7.85403,7.85591,2.03,1.69
2013.07.26 12:57:18.036,7.85403,7.85569,2.03,1.50
2013.07.26 12:57:18.217,7.85403,7.85573,2.03,1.50
2013.07.26 12:57:18.935,7.85404,7.85579,1.50,1.50
2013.07.26 12:57:18.996,7.85413,7.85589,1.69,1.50
2013.07.26 12:57:19.176,7.8541,7.85595,2.22,1.50
2013.07.26 12:57:19.237,7.8541,7.85599,2.22,1.50
2013.07.26 12:57:19.356,7.85412,7.85599,2.07,1.50
2013.07.26 12:57:19.596,7.85416,7.85601,3.04,1.50
2013.07.26 12:57:19.946,7.85416,7.85611,3.04,1.95
2013.07.26 12:57:20.333,7.85413,7.85608,1.69,1.73
2013.07.26 12:57:20.576,7.85416,7.85614,2.89,3.45
2013.07.26 12:57:21.876,7.85415,7.85612,2.29,1.50
2013.07.26 12:57:26.056,7.85412,7.8561,2.82,2.48
2013.07.26 12:57:28.308,7.85412,7.8561,2.82,2.48
2013.07.26 12:57:28.798,7.85412,7.85607,2.29,2.48
2013.07.26 12:57:31.516,7.85412,7.85607,2.29,2.48
2013.07.26 12:57:33.587,7.85409,7.85604,2.97,2.70
2013.07.26 12:57:34.417,7.85412,7.85609,2.97,2.93
2013.07.26 12:57:34.477,7.85412,7.85609,2.97,2.93
2013.07.26 12:57:34.847,7.85416,7.85611,2.44,1.95
2013.07.26 12:57:35.837,7.85419,7.85614,3.12,1.50
2013.07.26 12:57:36.136,7.85423,7.85614,2.59,1.50
2013.07.26 12:57:36.317,7.85425,7.85614,2.74,1.50
2013.07.26 12:57:37.296,7.85429,7.85614,2.44,1.50
2013.07.26 12:57:37.606,7.85429,7.85614,2.44,1.50
2013.07.26 12:57:37.966,7.85434,7.85619,1.80,1.50
2013.07.26 12:57:38.756,7.85433,7.8562,2.63,1.50
2013.07.26 12:57:39.116,7.85435,7.85623,1.95,1.50
2013.07.26 12:57:39.582,7.85438,7.85625,2.55,1.50
2013.07.26 12:57:40.426,7.8544,7.85628,2.70,1.50
2013.07.26 12:57:40.667,7.85444,7.8563,2.85,1.50
2013.07.26 12:57:41.801,7.85447,7.85632,2.85,1.50
2013.07.26 12:57:42.130,7.85447,7.85629,2.85,1.50
2013.07.26 12:57:44.050,7.85444,7.85629,2.63,1.50
2013.07.26 12:57:46.339,7.85448,7.85629,1.65,1.50
2013.07.26 12:57:47.606,7.85448,7.85651,1.84,1.50
2013.07.26 12:57:47.786,7.85449,7.85644,1.99,1.50
2013.07.26 12:57:48.086,7.85449,7.85644,1.69,1.50
2013.07.26 12:57:49.320,7.85448,7.85651,2.55,1.50
2013.07.26 12:57:49.626,7.85449,7.85651,2.40,1.50
2013.07.26 12:57:50.315,7.85448,7.85651,1.88,1.50
2013.07.26 12:57:50.846,7.85458,7.85652,2.63,1.50
2013.07.26 12:57:51.866,7.85449,7.85647,1.50,1.50
2013.07.26 12:57:51.926,7.85458,7.85643,2.40,1.50
2013.07.26 12:57:53.046,7.85451,7.85639,1.50,1.50
2013.07.26 12:57:53.286,7.85446,7.85636,1.65,1.50
2013.07.26 12:57:53.787,7.85445,7.85636,2.78,1.50
2013.07.26 12:57:54.386,7.85439,7.85636,1.73,1.50
2013.07.26 12:57:54.446,7.85439,7.8562,1.73,1.50
2013.07.26 12:57:54.567,7.85434,7.8562,2.85,1.50
2013.07.26 12:57:54.990,7.85434,7.8562,2.85,3.00
2013.07.26 12:57:55.596,7.85458,7.85614,1.80,1.50
2013.07.26 12:57:55.657,7.85458,7.85634,1.80,1.50
2013.07.26 12:57:55.717,7.85458,7.85641,1.80,1.50
2013.07.26 12:57:56.996,7.85458,7.85647,1.50,1.50
2013.07.26 12:57:57.295,7.85458,7.85635,1.50,2.10
2013.07.26 12:57:57.596,7.85455,7.85552,2.25,1.50
2013.07.26 12:57:57.897,7.85424,7.85546,2.85,1.50
2013.07.26 12:57:57.956,7.85424,7.85566,2.85,1.50
2013.07.26 12:57:58.021,7.85408,7.85585,1.50,2.25
2013.07.26 12:57:58.147,7.8541,7.85585,1.50,1.50
2013.07.26 12:57:58.206,7.85398,7.85595,2.59,3.45
2013.07.26 12:57:58.800,7.85399,7.85596,1.65,2.48
2013.07.26 12:57:58.928,7.85399,7.85596,1.84,2.48
2013.07.26 12:57:59.107,7.85409,7.8561,2.67,1.50
2013.07.26 12:57:59.166,7.85409,7.8561,2.67,1.50
2013.07.26 12:57:59.467,7.85409,7.8561,2.67,1.50
2013.07.26 12:58:00.219,7.85409,7.85612,2.14,2.85
2013.07.26 12:58:00.471,7.85409,7.85612,2.14,2.85
2013.07.26 12:58:00.536,7.85409,7.85607,3.12,1.80
2013.07.26 12:58:01.109,7.85407,7.85604,2.07,1.50
2013.07.26 12:58:01.886,7.85403,7.85599,1.84,2.25
2013.07.26 12:58:02.246,7.85399,7.85591,2.74,1.50
2013.07.26 12:58:03.006,7.85399,7.85591,2.74,1.50
2013.07.26 12:58:03.066,7.85409,7.85611,1.69,2.25
2013.07.26 12:58:03.648,7.85408,7.85609,1.84,1.50
2013.07.26 12:58:04.486,7.85409,7.85603,1.92,1.50
2013.07.26 12:58:04.846,7.85399,7.85599,1.99,1.50
2013.07.26 12:58:05.189,7.85399,7.85545,1.80,1.50
2013.07.26 12:58:05.496,7.85366,7.85475,1.50,1.50
2013.07.26 12:58:05.617,7.85335,7.85467,2.18,1.50
2013.07.26 12:58:05.927,7.85335,7.85482,2.18,1.50
2013.07.26 12:58:06.046,7.85384,7.85513,2.70,2.25
2013.07.26 12:58:06.226,7.85384,7.85534,2.70,1.50
2013.07.26 12:58:06.286,7.85384,7.85581,2.70,1.50
2013.07.26 12:58:06.466,7.85378,7.85581,1.73,1.50
2013.07.26 12:58:06.826,7.85379,7.85577,1.50,2.55
2013.07.26 12:58:07.798,7.85379,7.85575,1.95,1.50
2013.07.26 12:58:11.896,7.85379,7.85582,2.10,2.93
2013.07.26 12:58:12.196,7.85379,7.85582,2.29,2.93
2013.07.26 12:58:12.318,7.85378,7.85593,2.97,1.50
2013.07.26 12:58:12.736,7.85369,7.85592,3.12,1.50
2013.07.26 12:58:12.796,7.85369,7.85592,3.12,1.50
2013.07.26 12:58:13.317,7.85368,7.85594,1.84,1.50
2013.07.26 12:58:13.436,7.85368,7.85588,1.65,1.13
2013.07.26 12:58:13.496,7.85368,7.85522,1.65,1.50
2013.07.26 12:58:13.879,7.85347,7.85483,1.50,1.50
2013.07.26 12:58:14.596,7.85311,7.85488,2.85,1.50
2013.07.26 12:58:14.656,7.85311,7.85488,2.85,1.50
2013.07.26 12:58:17.117,7.85311,7.85468,2.85,1.50
2013.07.26 12:58:18.278,7.85311,7.85468,2.85,1.50
2013.07.26 12:58:18.701,7.85309,7.85468,2.85,1.50
2013.07.26 12:58:23.321,7.85308,7.85468,2.48,1.50
2013.07.26 12:58:24.896,7.85299,7.85468,2.18,1.50
2013.07.26 12:58:30.437,7.85302,7.85482,1.50,1.50
2013.07.26 12:58:30.617,7.8531,7.85482,1.50,1.50
2013.07.26 12:58:34.196,7.8531,7.85482,1.50,1.50
2013.07.26 12:58:40.026,7.85313,7.85488,1.69,1.50
2013.07.26 12:58:40.206,7.85398,7.85566,1.58,1.50
2013.07.26 12:58:40.326,7.854,7.85566,1.80,1.50
2013.07.26 12:58:40.626,7.85385,7.85566,2.78,1.50
2013.07.26 12:58:40.746,7.85385,7.8556,3.53,1.50
2013.07.26 12:58:41.167,7.85385,7.85572,2.78,1.50
2013.07.26 12:58:41.646,7.85394,7.8558,2.55,1.50
2013.07.26 12:58:46.786,7.85394,7.85536,2.55,1.50
2013.07.26 12:58:46.906,7.85359,7.85524,1.65,1.50
2013.07.26 12:58:47.027,7.85359,7.85509,1.65,1.50
2013.07.26 12:58:48.996,7.85334,7.85502,2.78,1.50
2013.07.26 12:58:50.177,7.85334,7.85488,2.78,1.50
2013.07.26 12:58:50.556,7.85334,7.85488,1.50,1.50
2013.07.26 12:59:00.449,7.85334,7.85488,1.50,1.50
2013.07.26 12:59:00.507,7.85333,7.85488,1.50,1.50
2013.07.26 12:59:02.216,7.85333,7.85488,1.50,1.50
2013.07.26 12:59:07.117,7.85331,7.85485,1.50,1.50
2013.07.26 12:59:23.417,7.85331,7.85493,1.50,1.50
2013.07.26 12:59:23.597,7.85327,7.85493,1.50,1.50
2013.07.26 12:59:25.276,7.85327,7.85485,1.50,1.50
2013.07.26 12:59:28.036,7.85321,7.85486,1.50,1.50
2013.07.26 12:59:36.207,7.85321,7.85496,1.50,1.50
2013.07.26 12:59:36.267,7.85338,7.85513,1.50,1.50
2013.07.26 12:59:36.569,7.85367,7.85519,1.50,1.73
2013.07.26 12:59:42.449,7.85367,7.85507,1.50,2.70
2013.07.26 12:59:42.578,7.85367,7.85507,1.50,2.70
2013.07.26 12:59:42.637,7.85331,7.85497,1.50,1.50
2013.07.26 12:59:42.697,7.8532,7.85497,1.50,1.50
2013.07.26 12:59:43.706,7.85315,7.85497,1.50,1.50
2013.07.26 12:59:44.007,7.85329,7.85504,1.50,1.50
2013.07.26 12:59:44.067,7.85329,7.85504,1.50,1.50
2013.07.26 12:59:54.907,7.85332,7.85504,1.50,1.50
2013.07.26 12:59:55.087,7.85376,7.85543,1.69,2.25
2013.07.26 12:59:55.207,7.85381,7.8556,2.44,1.50
2013.07.26 12:59:55.512,7.85416,7.85563,1.50,2.78
