2018.04.23 10:00:01.468,9.62387,9.62497,1.00,1.00
2018.04.23 10:00:09.009,9.62378,9.62488,1.00,1.00
2018.04.23 10:00:13.813,9.62387,9.62497,1.00,1.00
2018.04.23 10:00:14.593,9.62378,9.62488,1.00,1.00
2018.04.23 10:00:19.893,9.62382,9.62492,1.00,1.00
2018.04.23 10:00:30.607,9.62391,9.62501,1.00,1.00
2018.04.23 10:00:37.446,9.62402,9.62514,1.00,1.00
2018.04.23 10:00:39.890,9.62398,9.62508,1.00,1.00
2018.04.23 10:00:42.155,9.62406,9.62518,1.00,1.00
2018.04.23 10:00:45.870,9.62416,9.62526,1.00,1.00
2018.04.23 10:00:51.918,9.62424,9.62536,1.00,1.00
2018.04.23 10:00:52.317,9.62434,9.62544,1.00,1.00
2018.04.23 10:00:52.621,9.62424,9.62534,1.00,1.00
2018.04.23 10:00:57.438,9.62433,9.62543,1.00,1.00
2018.04.23 10:00:57.758,9.62418,9.62528,1.00,1.00
2018.04.23 10:00:57.860,9.62405,9.62517,1.00,1.00
2018.04.23 10:00:58.486,9.62395,9.62505,1.00,1.00
2018.04.23 10:00:59.893,9.62398,9.62508,1.00,1.00
2018.04.23 10:01:02.240,9.62413,9.62523,1.00,1.00
2018.04.23 10:01:08.652,9.62423,9.62533,1.00,1.00
2018.04.23 10:01:17.815,9.62414,9.62524,1.00,1.00
2018.04.23 10:01:19.893,9.62416,9.62526,1.00,1.00
2018.04.23 10:01:20.743,9.62425,9.62535,1.00,1.00
2018.04.23 10:01:25.196,9.62415,9.62525,1.00,1.00
2018.04.23 10:01:26.143,9.62424,9.62534,1.00,1.00
2018.04.23 10:01:26.652,9.62413,9.62523,1.00,1.00
2018.04.23 10:01:31.901,9.62422,9.62532,1.00,1.00
2018.04.23 10:01:33.630,9.62413,9.62523,1.00,1.00
2018.04.23 10:01:39.892,9.62419,9.62529,1.00,1.00
2018.04.23 10:01:59.896,9.62413,9.62523,1.00,1.00
2018.04.23 10:02:01.799,9.62423,9.62533,1.00,1.00
2018.04.23 10:02:02.652,9.62414,9.62524,1.00,1.00
2018.04.23 10:02:06.416,9.62425,9.62535,1.00,1.00
2018.04.23 10:02:06.918,9.62416,9.62526,1.00,1.00
2018.04.23 10:02:10.651,9.62436,9.62546,1.00,1.00
2018.04.23 10:02:10.958,9.62451,9.62561,1.00,1.00
2018.04.23 10:02:15.138,9.62442,9.62552,1.00,1.00
2018.04.23 10:02:15.451,9.62432,9.62542,1.00,1.00
2018.04.23 10:02:17.127,9.62422,9.62532,1.00,1.00
2018.04.23 10:02:19.861,9.62421,9.62531,1.00,1.00
2018.04.23 10:02:22.315,9.62405,9.62515,1.00,1.00
2018.04.23 10:02:22.633,9.62384,9.62494,1.00,1.00
2018.04.23 10:02:27.087,9.62394,9.62494,1.00,1.00
2018.04.23 10:02:27.191,9.62413,9.62516,1.00,1.00
2018.04.23 10:02:28.687,9.62404,9.62516,1.50,1.00
2018.04.23 10:02:29.424,9.62404,9.62506,1.00,1.00
2018.04.23 10:02:29.475,9.62396,9.62506,1.00,1.00
2018.04.23 10:02:29.527,9.62406,9.62516,1.00,1.00
2018.04.23 10:02:29.837,9.62415,9.62525,1.00,1.00
2018.04.23 10:02:30.594,9.62425,9.62535,1.00,1.00
2018.04.23 10:02:39.893,9.6242,9.6253,1.00,1.00
2018.04.23 10:02:56.037,9.62403,9.62513,1.00,1.00
2018.04.23 10:02:56.343,9.62382,9.62492,1.00,1.00
2018.04.23 10:02:59.920,9.62379,9.62489,1.00,1.00
2018.04.23 10:03:02.100,9.62387,9.62497,1.00,1.00
2018.04.23 10:03:02.441,9.62378,9.62488,1.00,1.00
2018.04.23 10:03:19.879,9.62379,9.62489,1.00,1.00
2018.04.23 10:03:38.533,9.62345,9.62455,1.00,1.00
2018.04.23 10:03:38.850,9.62352,9.62462,1.00,1.00
2018.04.23 10:03:39.843,9.62349,9.62459,1.00,1.00
2018.04.23 10:03:43.347,9.62337,9.62447,1.00,1.00
2018.04.23 10:03:43.897,9.62346,9.62456,1.00,1.00
2018.04.23 10:03:50.116,9.62355,9.62467,1.00,1.00
2018.04.23 10:03:50.169,9.62343,9.62453,1.00,1.00
2018.04.23 10:03:51.547,9.62353,9.62463,1.00,1.00
2018.04.23 10:03:59.894,9.62352,9.62462,1.00,1.00
2018.04.23 10:04:02.468,9.62344,9.62454,1.00,1.00
2018.04.23 10:04:19.894,9.62341,9.62451,1.00,1.00
2018.04.23 10:04:21.590,9.62331,9.62441,1.00,1.00
2018.04.23 10:04:21.905,9.62322,9.62432,1.00,1.00
2018.04.23 10:04:22.284,9.62331,9.62441,1.00,1.00
2018.04.23 10:04:22.747,9.6232,9.6243,1.00,1.00
2018.04.23 10:04:23.415,9.62311,9.62421,1.00,1.00
2018.04.23 10:04:23.754,9.62302,9.62412,1.00,1.00
2018.04.23 10:04:24.097,9.62291,9.62401,1.00,1.00
2018.04.23 10:04:24.664,9.62281,9.62393,1.00,1.00
2018.04.23 10:04:31.878,9.62274,9.62384,1.00,1.00
2018.04.23 10:04:33.508,9.62261,9.62373,1.00,1.00
2018.04.23 10:04:35.566,9.62246,9.62356,1.00,1.00
2018.04.23 10:04:35.772,9.62218,9.6233,1.00,1.00
2018.04.23 10:04:35.925,9.62228,9.62338,1.00,1.00
2018.04.23 10:04:37.317,9.62236,9.62346,1.00,1.00
2018.04.23 10:04:39.892,9.62231,9.62341,1.00,1.00
2018.04.23 10:04:41.917,9.62239,9.62349,1.00,1.00
2018.04.23 10:04:42.221,9.6223,9.6234,1.00,1.00
2018.04.23 10:04:45.205,9.62239,9.62349,1.00,1.00
2018.04.23 10:04:50.821,9.6223,9.6234,1.00,1.00
2018.04.23 10:04:59.841,9.62237,9.62347,1.00,1.00
2018.04.23 10:05:06.580,9.62229,9.62339,1.00,1.00
2018.04.23 10:05:19.892,9.62227,9.62337,1.00,1.00
2018.04.23 10:05:22.131,9.62236,9.62346,1.00,1.00
2018.04.23 10:05:39.551,9.62226,9.62336,1.00,1.00
2018.04.23 10:05:39.875,9.62222,9.62332,1.00,1.00
2018.04.23 10:05:48.865,9.62224,9.62332,1.00,1.00
2018.04.23 10:05:50.030,9.62231,9.62341,1.00,1.00
2018.04.23 10:05:50.324,9.62234,9.62341,1.00,1.00
2018.04.23 10:05:51.809,9.62231,9.62341,1.00,1.00
2018.04.23 10:05:52.702,9.6222,9.6233,1.00,1.00
2018.04.23 10:05:53.017,9.62208,9.62318,1.00,1.00
2018.04.23 10:05:53.349,9.62227,9.62337,1.00,1.00
2018.04.23 10:05:56.132,9.62224,9.62328,1.00,1.00
2018.04.23 10:05:56.390,9.62229,9.62339,1.00,1.00
2018.04.23 10:05:56.442,9.62239,9.62351,1.00,1.00
2018.04.23 10:05:56.596,9.6223,9.62342,1.00,1.00
2018.04.23 10:05:56.949,9.62241,9.62351,1.00,1.00
2018.04.23 10:05:59.527,9.6225,9.6236,1.00,1.00
2018.04.23 10:06:00.036,9.62249,9.62359,1.00,1.00
2018.04.23 10:06:00.377,9.62257,9.62369,1.00,1.00
2018.04.23 10:06:04.786,9.62257,9.6234,1.00,2.10
2018.04.23 10:06:04.838,9.62171,9.62275,5.17,2.10
2018.04.23 10:06:04.890,9.62163,9.62273,1.00,1.00
2018.04.23 10:06:04.943,9.62154,9.62262,1.00,1.60
2018.04.23 10:06:04.995,9.6213,9.6224,1.00,1.00
2018.04.23 10:06:05.149,9.621,9.6221,1.00,1.00
2018.04.23 10:06:05.465,9.62066,9.62176,1.00,1.00
2018.04.23 10:06:19.366,9.62056,9.62166,1.00,1.00
2018.04.23 10:06:19.893,9.62061,9.62171,1.00,1.00
2018.04.23 10:06:22.490,9.62083,9.62171,1.00,1.00
2018.04.23 10:06:22.541,9.6207,9.6218,1.00,1.00
2018.04.23 10:06:24.908,9.62074,9.6218,1.00,1.00
2018.04.23 10:06:25.661,9.62093,9.6218,1.00,1.00
2018.04.23 10:06:25.714,9.62093,9.62189,1.00,1.00
2018.04.23 10:06:25.765,9.62098,9.62208,1.00,1.00
2018.04.23 10:06:25.917,9.62126,9.62236,1.00,1.00
2018.04.23 10:06:26.245,9.62137,9.62247,1.00,1.00
2018.04.23 10:06:26.556,9.62119,9.62229,1.00,1.00
2018.04.23 10:06:26.659,9.62093,9.62205,1.50,1.00
2018.04.23 10:06:26.813,9.62102,9.62214,1.00,1.00
2018.04.23 10:06:27.313,9.62094,9.62204,1.00,1.00
2018.04.23 10:06:28.164,9.62103,9.62213,1.00,1.00
2018.04.23 10:06:28.320,9.62106,9.62218,1.00,1.00
2018.04.23 10:06:28.405,9.62121,9.62233,1.00,1.00
2018.04.23 10:06:28.714,9.62196,9.62306,1.00,1.00
2018.04.23 10:06:28.818,9.62226,9.62338,1.00,1.00
2018.04.23 10:06:28.925,9.62237,9.62347,1.00,1.00
2018.04.23 10:06:29.244,9.6223,9.6234,1.00,1.00
2018.04.23 10:06:29.553,9.62216,9.62326,1.00,1.00
2018.04.23 10:06:39.863,9.62213,9.62325,1.00,1.00
2018.04.23 10:06:40.678,9.62232,9.62332,1.00,1.00
2018.04.23 10:06:40.730,9.62258,9.62368,1.00,1.00
2018.04.23 10:06:40.781,9.62243,9.62353,1.00,1.00
2018.04.23 10:06:41.088,9.6225,9.6236,1.00,1.00
2018.04.23 10:06:43.028,9.62241,9.62351,1.00,1.00
2018.04.23 10:06:47.864,9.62258,9.62361,1.00,1.00
2018.04.23 10:06:47.916,9.62294,9.62404,1.00,1.00
2018.04.23 10:06:47.968,9.62303,9.62413,1.00,1.00
2018.04.23 10:06:48.276,9.62315,9.62425,1.00,1.00
2018.04.23 10:06:48.584,9.62295,9.62405,1.00,1.00
2018.04.23 10:06:48.891,9.62258,9.62368,1.00,1.00
2018.04.23 10:06:50.664,9.62249,9.62359,1.00,1.00
2018.04.23 10:06:52.321,9.62262,9.62372,1.00,1.00
2018.04.23 10:06:52.579,9.62284,9.62396,1.00,1.00
2018.04.23 10:06:52.988,9.62275,9.62385,1.00,1.00
2018.04.23 10:06:53.381,9.62286,9.62396,1.00,1.00
2018.04.23 10:06:58.749,9.62299,9.62409,1.00,1.00
2018.04.23 10:06:59.058,9.62311,9.62421,1.00,1.00
2018.04.23 10:06:59.710,9.62321,9.62431,1.00,1.00
2018.04.23 10:07:00.014,9.62332,9.62442,1.00,1.00
2018.04.23 10:07:00.422,9.62341,9.62451,1.00,1.00
2018.04.23 10:07:01.813,9.62332,9.62442,1.00,1.00
2018.04.23 10:07:02.820,9.62341,9.62451,1.00,1.00
2018.04.23 10:07:04.138,9.62357,9.62467,1.00,1.00
2018.04.23 10:07:04.560,9.62368,9.62478,1.00,1.00
2018.04.23 10:07:05.654,9.62377,9.62487,1.00,1.00
2018.04.23 10:07:08.394,9.62387,9.62497,1.00,1.00
2018.04.23 10:07:10.763,9.62396,9.62506,1.00,1.00
2018.04.23 10:07:11.077,9.62406,9.62516,1.00,1.00
2018.04.23 10:07:11.388,9.62415,9.62525,1.00,1.00
2018.04.23 10:07:11.710,9.62425,9.62535,1.00,1.00
2018.04.23 10:07:17.350,9.62435,9.62547,1.00,1.00
2018.04.23 10:07:19.892,9.62433,9.62543,1.00,1.00
2018.04.23 10:07:23.635,9.62444,9.62554,1.00,1.00
2018.04.23 10:07:24.044,9.62434,9.62546,1.00,1.00
2018.04.23 10:07:24.288,9.62444,9.62554,1.00,1.00
2018.04.23 10:07:24.919,9.62435,9.62545,1.00,1.00
2018.04.23 10:07:33.615,9.62444,9.62554,1.00,1.00
2018.04.23 10:07:33.965,9.62475,9.62585,1.00,1.00
2018.04.23 10:07:34.385,9.62484,9.62594,1.00,1.00
2018.04.23 10:07:34.695,9.62493,9.62603,1.00,1.00
2018.04.23 10:07:38.174,9.62502,9.62612,1.00,1.00
2018.04.23 10:07:39.333,9.62513,9.62625,1.00,1.00
2018.04.23 10:07:39.893,9.62512,9.62624,1.00,1.00
2018.04.23 10:07:43.761,9.62475,9.62585,1.00,1.00
2018.04.23 10:07:44.071,9.62423,9.62533,1.00,1.00
2018.04.23 10:07:44.413,9.62413,9.62523,1.00,1.00
2018.04.23 10:07:44.736,9.62405,9.62515,1.00,1.00
2018.04.23 10:07:45.043,9.62419,9.62529,1.00,1.00
2018.04.23 10:07:45.379,9.62433,9.62543,1.00,1.00
2018.04.23 10:07:45.905,9.62442,9.62552,1.00,1.00
2018.04.23 10:07:46.637,9.62468,9.62578,1.00,1.00
2018.04.23 10:07:46.942,9.62482,9.62592,1.00,1.00
2018.04.23 10:07:47.146,9.6249,9.62602,1.00,1.00
2018.04.23 10:07:48.647,9.625,9.6261,1.00,1.00
2018.04.23 10:07:52.943,9.62513,9.62623,1.00,1.00
2018.04.23 10:07:53.250,9.6251,9.6262,1.00,1.00
2018.04.23 10:07:53.558,9.62519,9.62629,1.00,1.00
2018.04.23 10:07:54.037,9.62529,9.62641,1.00,1.00
2018.04.23 10:07:56.685,9.62537,9.62649,1.00,1.00
2018.04.23 10:07:59.887,9.62534,9.62646,1.00,1.00
2018.04.23 10:08:09.508,9.62545,9.62655,1.00,1.00
2018.04.23 10:08:10.687,9.62536,9.62646,1.00,1.00
2018.04.23 10:08:13.669,9.62527,9.62637,1.00,1.00
2018.04.23 10:08:19.854,9.62532,9.62642,1.00,1.00
2018.04.23 10:08:21.652,9.62524,9.62634,1.00,1.00
2018.04.23 10:08:22.616,9.62534,9.62644,1.00,1.00
2018.04.23 10:08:23.678,9.62524,9.62634,1.00,1.00
2018.04.23 10:08:24.645,9.62534,9.62644,1.00,1.00
2018.04.23 10:08:25.029,9.62524,9.62634,1.00,1.00
2018.04.23 10:08:26.125,9.62532,9.62642,1.00,1.00
2018.04.23 10:08:32.348,9.62574,9.62683,1.00,1.00
2018.04.23 10:08:32.400,9.6247,9.6258,1.00,1.00
2018.04.23 10:08:32.452,9.62479,9.62589,1.00,1.00
2018.04.23 10:08:32.760,9.62412,9.62522,1.00,1.00
2018.04.23 10:08:33.092,9.62421,9.62531,1.00,1.00
2018.04.23 10:08:33.397,9.62429,9.62539,1.00,1.00
2018.04.23 10:08:33.705,9.62449,9.62559,1.00,1.00
2018.04.23 10:08:34.054,9.6246,9.6257,1.00,1.00
2018.04.23 10:08:34.583,9.62474,9.62584,1.00,1.00
2018.04.23 10:08:39.849,9.62478,9.62588,1.00,1.00
2018.04.23 10:08:51.495,9.62467,9.62577,1.00,1.00
2018.04.23 10:08:57.116,9.62502,9.62612,1.00,1.00
2018.04.23 10:08:57.369,9.62539,9.62651,1.00,1.00
2018.04.23 10:08:57.422,9.62549,9.62659,1.00,1.00
2018.04.23 10:08:57.733,9.62558,9.62668,1.00,1.00
2018.04.23 10:08:58.864,9.62549,9.62659,1.00,1.00
2018.04.23 10:08:59.877,9.62544,9.62654,1.00,1.00
2018.04.23 10:09:00.709,9.62553,9.62663,1.00,1.00
2018.04.23 10:09:06.679,9.62561,9.62673,1.00,1.00
2018.04.23 10:09:11.657,9.62571,9.62681,1.00,1.00
2018.04.23 10:09:19.868,9.62566,9.62678,1.00,1.00
2018.04.23 10:09:20.114,9.62556,9.62666,1.00,1.00
2018.04.23 10:09:20.434,9.62544,9.62654,1.00,1.00
2018.04.23 10:09:21.933,9.62553,9.62663,1.00,1.00
2018.04.23 10:09:23.626,9.62507,9.62617,1.00,1.00
2018.04.23 10:09:23.884,9.62483,9.62595,1.00,1.00
2018.04.23 10:09:23.937,9.62465,9.62575,1.00,1.00
2018.04.23 10:09:24.244,9.62481,9.62591,1.00,1.00
2018.04.23 10:09:25.488,9.62489,9.62599,1.00,1.00
2018.04.23 10:09:26.185,9.62498,9.62608,1.00,1.00
2018.04.23 10:09:27.004,9.62507,9.62617,1.00,1.00
2018.04.23 10:09:27.312,9.62473,9.62583,1.00,1.00
2018.04.23 10:09:27.623,9.62498,9.62608,1.00,1.00
2018.04.23 10:09:27.952,9.62508,9.62618,1.00,1.00
2018.04.23 10:09:29.505,9.62516,9.62626,1.00,1.00
2018.04.23 10:09:29.813,9.62525,9.62635,1.00,1.00
2018.04.23 10:09:30.122,9.6247,9.6258,1.00,1.00
2018.04.23 10:09:31.052,9.62479,9.62589,1.00,1.00
2018.04.23 10:09:31.357,9.62494,9.62604,1.00,1.00
2018.04.23 10:09:34.951,9.62503,9.62613,1.00,1.00
2018.04.23 10:09:35.514,9.62512,9.62622,1.00,1.00
2018.04.23 10:09:36.659,9.62521,9.62631,1.00,1.00
2018.04.23 10:09:38.225,9.6253,9.6264,1.00,1.00
2018.04.23 10:09:39.860,9.62526,9.62636,1.00,1.00
2018.04.23 10:09:42.108,9.62535,9.62645,1.00,1.00
2018.04.23 10:09:44.149,9.62525,9.62635,1.00,1.00
2018.04.23 10:09:46.019,9.62552,9.62662,1.00,1.00
2018.04.23 10:09:46.173,9.62499,9.62611,1.00,1.00
2018.04.23 10:09:46.224,9.62544,9.62654,1.00,1.00
2018.04.23 10:09:46.276,9.62517,9.62629,1.00,1.00
2018.04.23 10:09:46.327,9.62528,9.62638,1.00,1.00
2018.04.23 10:09:59.843,9.6253,9.6264,1.00,1.00
2018.04.23 10:10:07.235,9.62539,9.62649,1.00,1.00
2018.04.23 10:10:15.802,9.62548,9.62658,1.00,1.00
2018.04.23 10:10:19.892,9.62547,9.62657,1.00,1.00
2018.04.23 10:10:55.214,9.62559,9.62669,1.00,1.00
2018.04.23 10:10:55.521,9.62569,9.62679,1.00,1.00
2018.04.23 10:10:55.832,9.62583,9.62693,1.00,1.00
2018.04.23 10:10:59.842,9.62581,9.62691,1.00,1.00
2018.04.23 10:11:07.724,9.62589,9.62701,1.00,1.00
2018.04.23 10:11:10.866,9.62581,9.62691,1.00,1.00
2018.04.23 10:11:14.911,9.62571,9.62681,1.00,1.00
2018.04.23 10:11:19.892,9.62571,9.62683,1.00,1.00
2018.04.23 10:11:29.661,9.62582,9.62692,1.00,1.00
2018.04.23 10:11:39.842,9.62581,9.62691,1.00,1.00
2018.04.23 10:11:42.115,9.62591,9.62703,1.00,1.00
2018.04.23 10:11:42.167,9.62601,9.62711,1.00,1.00
2018.04.23 10:11:42.373,9.62608,9.6272,1.00,1.00
2018.04.23 10:11:42.477,9.62617,9.62727,1.00,1.00
2018.04.23 10:11:42.825,9.62632,9.62742,1.00,1.00
2018.04.23 10:11:42.978,9.62641,9.62753,1.00,1.00
2018.04.23 10:11:50.952,9.62655,9.62765,1.00,1.00
2018.04.23 10:11:51.209,9.62686,9.62798,1.00,1.00
2018.04.23 10:11:51.363,9.62697,9.62807,1.00,1.00
2018.04.23 10:11:53.041,9.62706,9.62816,1.00,1.00
2018.04.23 10:11:56.162,9.62715,9.62825,1.00,1.00
2018.04.23 10:11:56.468,9.62705,9.62815,1.00,1.00
2018.04.23 10:11:57.577,9.62714,9.62824,1.00,1.00
2018.04.23 10:11:57.883,9.62704,9.62814,1.00,1.00
2018.04.23 10:11:58.188,9.62641,9.62751,1.00,1.00
2018.04.23 10:11:58.447,9.62602,9.62714,1.00,1.00
2018.04.23 10:11:59.724,9.62612,9.62722,1.00,1.00
2018.04.23 10:12:00.029,9.62636,9.62746,1.00,1.00
2018.04.23 10:12:01.570,9.62645,9.62755,1.00,1.00
2018.04.23 10:12:06.154,9.62636,9.62746,1.00,1.00
2018.04.23 10:12:08.863,9.62669,9.62779,1.00,1.00
2018.04.23 10:12:09.187,9.62707,9.62817,1.00,1.00
2018.04.23 10:12:09.342,9.62718,9.6283,1.00,1.00
2018.04.23 10:12:09.393,9.62729,9.62839,1.00,1.00
2018.04.23 10:12:10.586,9.62729,9.62836,1.00,1.00
2018.04.23 10:12:11.841,9.6272,9.6283,1.00,1.00
2018.04.23 10:12:12.847,9.62729,9.62836,1.00,1.00
2018.04.23 10:12:15.062,9.6272,9.6283,1.00,1.00
2018.04.23 10:12:19.893,9.62716,9.62826,1.00,1.00
2018.04.23 10:12:20.329,9.62704,9.62814,1.00,1.00
2018.04.23 10:12:20.695,9.62694,9.62804,1.00,1.00
2018.04.23 10:12:22.575,9.62684,9.62796,1.00,1.00
2018.04.23 10:12:22.985,9.62677,9.62787,1.00,1.00
2018.04.23 10:12:23.623,9.62667,9.62777,1.00,1.00
2018.04.23 10:12:23.931,9.62645,9.62755,1.00,1.00
2018.04.23 10:12:24.239,9.62663,9.62773,1.00,1.00
2018.04.23 10:12:33.695,9.62654,9.62764,1.00,1.00
2018.04.23 10:12:34.001,9.62663,9.62773,1.00,1.00
2018.04.23 10:12:35.666,9.62675,9.62785,1.00,1.00
2018.04.23 10:12:35.972,9.62695,9.62805,1.00,1.00
2018.04.23 10:12:36.285,9.62684,9.62794,1.00,1.00
2018.04.23 10:12:39.845,9.62684,9.62796,1.00,1.00
2018.04.23 10:12:47.537,9.62694,9.62804,1.00,1.00
2018.04.23 10:12:49.915,9.62678,9.62788,1.00,1.00
2018.04.23 10:12:59.004,9.62669,9.62779,1.00,1.00
2018.04.23 10:12:59.316,9.6268,9.6279,1.00,1.00
2018.04.23 10:12:59.886,9.62678,9.62788,1.00,1.00
2018.04.23 10:13:01.080,9.62669,9.62779,1.00,1.00
2018.04.23 10:13:02.034,9.62656,9.62766,1.00,1.00
2018.04.23 10:13:12.865,9.62665,9.62775,1.00,1.00
2018.04.23 10:13:13.167,9.62676,9.62786,1.00,1.00
2018.04.23 10:13:18.866,9.62667,9.62777,1.00,1.00
2018.04.23 10:13:19.856,9.6266,9.6277,1.00,1.00
2018.04.23 10:13:22.170,9.62672,9.62782,1.00,1.00
2018.04.23 10:13:23.681,9.62662,9.62774,1.00,1.00
2018.04.23 10:13:31.253,9.62653,9.62763,1.00,1.00
2018.04.23 10:13:31.560,9.62644,9.62754,1.00,1.00
2018.04.23 10:13:35.546,9.62634,9.62744,1.00,1.00
2018.04.23 10:13:36.526,9.62643,9.62753,1.00,1.00
2018.04.23 10:13:39.894,9.6264,9.62752,1.00,1.00
2018.04.23 10:13:50.133,9.62629,9.62739,1.00,1.00
2018.04.23 10:14:01.778,9.62619,9.62729,1.00,1.00
2018.04.23 10:14:09.351,9.6261,9.6272,1.00,1.00
2018.04.23 10:14:09.659,9.62585,9.62695,1.00,1.00
2018.04.23 10:14:15.131,9.62575,9.62687,1.00,1.00
2018.04.23 10:14:15.773,9.62585,9.62695,1.00,1.00
2018.04.23 10:14:16.610,9.62576,9.62686,1.00,1.00
2018.04.23 10:14:16.917,9.62558,9.62668,1.00,1.00
2018.04.23 10:14:17.224,9.62567,9.62677,1.00,1.00
2018.04.23 10:14:19.277,9.62559,9.62669,1.00,1.00
2018.04.23 10:14:19.843,9.62563,9.62673,1.00,1.00
2018.04.23 10:14:22.870,9.62549,9.62659,1.00,1.00
2018.04.23 10:14:23.180,9.62471,9.62581,1.00,1.00
2018.04.23 10:14:23.489,9.62428,9.62538,1.00,1.00
2018.04.23 10:14:23.819,9.62417,9.62527,1.00,1.00
2018.04.23 10:14:24.492,9.62408,9.62518,1.00,1.00
2018.04.23 10:14:26.984,9.62419,9.62529,1.00,1.00
2018.04.23 10:14:39.927,9.6242,9.6253,1.00,1.00
2018.04.23 10:14:59.893,9.62423,9.62533,1.00,1.00
2018.04.23 10:15:01.088,9.62413,9.62523,1.00,1.00
2018.04.23 10:15:01.478,9.62429,9.62539,1.00,1.00
2018.04.23 10:15:01.785,9.62438,9.62548,1.00,1.00
2018.04.23 10:15:10.112,9.62447,9.62557,1.00,1.00
2018.04.23 10:15:10.439,9.62439,9.62549,1.00,1.00
2018.04.23 10:15:10.771,9.62458,9.62568,1.00,1.00
2018.04.23 10:15:13.181,9.62468,9.62578,1.00,1.00
2018.04.23 10:15:14.178,9.6246,9.6257,1.00,1.00
2018.04.23 10:15:17.464,9.62452,9.62562,1.00,1.00
2018.04.23 10:15:19.882,9.62458,9.62568,1.00,1.00
2018.04.23 10:15:39.842,9.6246,9.6257,1.00,1.00
2018.04.23 10:15:43.566,9.62451,9.62561,1.00,1.00
2018.04.23 10:15:44.151,9.6246,9.6257,1.00,1.00
2018.04.23 10:15:44.493,9.62436,9.62548,1.00,1.00
2018.04.23 10:15:44.596,9.62426,9.62536,1.00,1.00
2018.04.23 10:15:44.903,9.62415,9.62525,1.00,1.00
2018.04.23 10:15:45.210,9.62424,9.62534,1.00,1.00
2018.04.23 10:15:45.584,9.62413,9.62525,1.00,1.00
2018.04.23 10:15:45.686,9.62405,9.62517,1.00,1.00
2018.04.23 10:15:45.992,9.62415,9.62527,1.00,1.00
2018.04.23 10:15:46.297,9.62425,9.62535,1.00,1.00
2018.04.23 10:15:56.015,9.62425,9.62532,1.00,1.00
2018.04.23 10:15:56.074,9.62425,9.62535,1.00,1.00
2018.04.23 10:15:57.048,9.62434,9.62544,1.00,1.00
2018.04.23 10:15:59.893,9.62433,9.62543,1.00,1.00
2018.04.23 10:16:01.018,9.62424,9.62534,1.00,1.00
2018.04.23 10:16:03.358,9.62414,9.62526,1.00,1.00
2018.04.23 10:16:12.020,9.62424,9.62534,1.00,1.00
2018.04.23 10:16:16.624,9.62424,9.62533,1.00,1.00
2018.04.23 10:16:16.727,9.62414,9.62524,1.00,1.00
2018.04.23 10:16:17.490,9.62423,9.62533,1.00,1.50
2018.04.23 10:16:19.894,9.62417,9.62527,1.00,1.00
2018.04.23 10:16:21.320,9.62426,9.62536,1.00,1.00
2018.04.23 10:16:22.023,9.62435,9.62545,1.00,1.00
2018.04.23 10:16:25.866,9.62426,9.62536,1.00,1.00
2018.04.23 10:16:27.649,9.62417,9.62527,1.00,1.00
2018.04.23 10:16:44.965,9.62425,9.62535,1.00,1.00
2018.04.23 10:16:50.195,9.62435,9.62545,1.00,1.00
2018.04.23 10:16:54.992,9.62447,9.62552,1.00,1.00
2018.04.23 10:16:59.413,9.62447,9.62557,1.00,1.00
2018.04.23 10:16:59.820,9.62458,9.62568,1.00,1.00
2018.04.23 10:16:59.995,9.62443,9.62555,1.00,1.00
2018.04.23 10:17:00.050,9.62428,9.62538,1.00,1.00
2018.04.23 10:17:00.861,9.6244,9.62552,1.00,1.00
2018.04.23 10:17:03.423,9.6243,9.6254,1.00,1.00
2018.04.23 10:17:05.243,9.62421,9.62531,1.00,1.00
2018.04.23 10:17:09.717,9.6243,9.6254,1.00,1.00
2018.04.23 10:17:15.799,9.62415,9.62525,1.00,1.00
2018.04.23 10:17:16.106,9.62367,9.62477,1.00,1.00
2018.04.23 10:17:16.786,9.62358,9.62468,1.00,1.00
2018.04.23 10:17:17.106,9.62349,9.62459,1.00,1.00
2018.04.23 10:17:19.843,9.62345,9.62457,1.00,1.00
2018.04.23 10:17:20.870,9.62337,9.62447,1.00,1.00
2018.04.23 10:17:23.412,9.62328,9.62438,1.00,1.00
2018.04.23 10:17:23.719,9.62286,9.62396,1.00,1.00
2018.04.23 10:17:32.385,9.62276,9.62386,1.00,1.00
2018.04.23 10:17:32.701,9.62271,9.62381,1.00,1.00
2018.04.23 10:17:33.005,9.62262,9.62372,1.00,1.00
2018.04.23 10:17:34.245,9.62271,9.62381,1.00,1.00
2018.04.23 10:17:35.288,9.62262,9.62372,1.00,1.00
2018.04.23 10:17:39.893,9.62264,9.62374,1.00,1.00
2018.04.23 10:17:41.934,9.62254,9.62364,1.00,1.00
2018.04.23 10:17:42.245,9.62217,9.62327,1.00,1.00
2018.04.23 10:17:42.771,9.62204,9.62314,1.00,1.00
2018.04.23 10:17:46.873,9.62216,9.62326,1.00,1.00
2018.04.23 10:17:47.331,9.62205,9.62315,1.00,1.00
2018.04.23 10:17:47.383,9.62181,9.62293,1.00,1.00
2018.04.23 10:17:47.435,9.62173,9.62283,1.00,1.00
2018.04.23 10:17:47.539,9.62046,9.62208,1.00,1.00
2018.04.23 10:17:47.592,9.62057,9.62167,1.00,1.00
2018.04.23 10:17:47.900,9.6204,9.6215,1.00,1.00
2018.04.23 10:17:51.843,9.62052,9.62162,1.00,1.00
2018.04.23 10:17:52.816,9.62064,9.62174,1.00,1.00
2018.04.23 10:17:53.584,9.62073,9.62183,1.00,1.00
2018.04.23 10:17:54.134,9.62082,9.62192,1.00,1.00
2018.04.23 10:17:54.463,9.62091,9.62201,1.00,1.00
2018.04.23 10:17:54.771,9.62098,9.62208,1.00,1.00
2018.04.23 10:17:55.910,9.62108,9.62218,1.00,1.00
2018.04.23 10:17:57.678,9.62095,9.62205,1.00,1.00
2018.04.23 10:17:58.738,9.62122,9.62232,1.00,1.00
2018.04.23 10:17:59.047,9.62206,9.62316,1.00,1.00
2018.04.23 10:17:59.854,9.62209,9.62319,1.00,1.00
2018.04.23 10:18:07.019,9.62197,9.62307,1.00,1.00
2018.04.23 10:18:07.324,9.62188,9.62298,1.00,1.00
2018.04.23 10:18:07.629,9.62179,9.62289,1.00,1.00
2018.04.23 10:18:08.269,9.62166,9.62276,1.00,1.00
2018.04.23 10:18:10.521,9.62158,9.62268,1.00,1.00
2018.04.23 10:18:11.393,9.62148,9.62258,1.00,1.00
2018.04.23 10:18:14.098,9.62138,9.6225,1.00,1.00
2018.04.23 10:18:17.685,9.6213,9.6224,1.00,1.00
2018.04.23 10:18:17.990,9.6212,9.6223,1.00,1.00
2018.04.23 10:18:19.894,9.62117,9.62227,1.00,1.00
2018.04.23 10:18:34.802,9.62126,9.62236,1.00,1.00
2018.04.23 10:18:35.321,9.62116,9.62226,1.00,1.00
2018.04.23 10:18:39.773,9.62127,9.62237,1.00,1.00
2018.04.23 10:18:40.116,9.62138,9.62248,1.00,1.00
2018.04.23 10:18:49.691,9.62149,9.62259,1.00,1.00
2018.04.23 10:18:50.075,9.62141,9.62251,1.00,1.00
2018.04.23 10:18:50.378,9.62133,9.62243,1.00,1.00
2018.04.23 10:18:50.709,9.62124,9.62234,1.00,1.00
2018.04.23 10:18:50.811,9.62111,9.62223,1.00,1.00
2018.04.23 10:18:56.939,9.62103,9.62213,1.00,1.00
2018.04.23 10:18:59.893,9.62106,9.62216,1.00,1.00
2018.04.23 10:19:00.963,9.62116,9.62226,1.00,1.00
2018.04.23 10:19:06.689,9.62106,9.62216,1.00,1.00
2018.04.23 10:19:13.325,9.62117,9.62227,1.00,1.00
2018.04.23 10:19:19.842,9.62121,9.62231,1.00,1.00
2018.04.23 10:19:28.439,9.62112,9.62222,1.00,1.00
2018.04.23 10:19:31.674,9.62103,9.62213,1.00,1.00
2018.04.23 10:19:39.893,9.62097,9.62207,1.00,1.00
2018.04.23 10:19:41.083,9.62109,9.62219,1.00,1.00
2018.04.23 10:19:41.419,9.6213,9.6224,1.00,1.00
2018.04.23 10:19:42.082,9.62129,9.62239,1.00,1.00
2018.04.23 10:19:43.531,9.62138,9.62248,1.00,1.00
2018.04.23 10:19:44.244,9.62129,9.62239,1.00,1.00
2018.04.23 10:19:44.572,9.62142,9.62252,1.00,1.00
2018.04.23 10:19:44.683,9.62133,9.62245,1.00,1.00
2018.04.23 10:19:51.674,9.62143,9.62253,1.00,1.00
2018.04.23 10:19:51.990,9.62152,9.62262,1.00,1.00
2018.04.23 10:19:53.911,9.62141,9.62253,1.00,1.00
2018.04.23 10:19:55.666,9.62159,9.62269,1.00,1.00
2018.04.23 10:19:56.004,9.62138,9.62248,1.00,1.00
2018.04.23 10:19:59.856,9.62139,9.62249,1.00,1.00
2018.04.23 10:20:02.073,9.6215,9.6226,1.00,1.00
2018.04.23 10:20:04.687,9.6214,9.6225,1.00,1.00
2018.04.23 10:20:05.139,9.62148,9.62258,1.00,1.00
2018.04.23 10:20:06.003,9.62139,9.62249,1.00,1.00
2018.04.23 10:20:08.813,9.62148,9.62258,1.00,1.00
2018.04.23 10:20:11.105,9.62157,9.62267,1.00,1.00
2018.04.23 10:20:11.463,9.62166,9.62276,1.00,1.00
2018.04.23 10:20:15.011,9.62175,9.62285,1.00,1.00
2018.04.23 10:20:15.313,9.62162,9.62272,1.00,1.00
2018.04.23 10:20:15.621,9.62153,9.62263,1.00,1.00
2018.04.23 10:20:16.819,9.62162,9.62272,1.00,1.00
2018.04.23 10:20:18.136,9.6217,9.6228,1.00,1.00
2018.04.23 10:20:22.157,9.6216,9.62272,1.00,1.00
2018.04.23 10:20:22.866,9.62151,9.62261,1.00,1.00
2018.04.23 10:20:23.174,9.62086,9.62196,1.00,1.00
2018.04.23 10:20:23.277,9.62094,9.62206,1.00,1.00
2018.04.23 10:20:23.603,9.62086,9.62196,1.00,1.00
2018.04.23 10:20:24.622,9.62095,9.62205,1.00,1.00
2018.04.23 10:20:37.639,9.62086,9.62196,1.00,1.00
2018.04.23 10:20:39.842,9.6209,9.622,1.00,1.00
2018.04.23 10:20:59.895,9.62093,9.62203,1.00,1.00
2018.04.23 10:21:19.893,9.62089,9.62199,1.00,1.00
2018.04.23 10:21:21.793,9.62079,9.62191,1.00,1.00
2018.04.23 10:21:23.631,9.62091,9.62201,1.00,1.00
2018.04.23 10:21:24.090,9.62076,9.62186,1.00,1.00
2018.04.23 10:21:24.654,9.62085,9.62195,1.00,1.00
2018.04.23 10:21:24.957,9.62076,9.62186,1.00,1.00
2018.04.23 10:21:25.967,9.62085,9.62195,1.00,1.00
2018.04.23 10:21:26.350,9.62075,9.62185,1.00,1.00
2018.04.23 10:21:26.666,9.62085,9.62195,1.00,1.00
2018.04.23 10:21:27.421,9.62077,9.62187,1.00,1.00
2018.04.23 10:21:27.798,9.62068,9.62178,1.00,1.00
2018.04.23 10:21:39.873,9.62071,9.62181,1.00,1.00
2018.04.23 10:21:41.134,9.6205,9.6216,1.00,1.00
2018.04.23 10:21:41.440,9.61983,9.62093,1.00,1.00
2018.04.23 10:21:41.747,9.62007,9.62117,1.00,1.00
2018.04.23 10:21:46.550,9.62016,9.62126,1.00,1.00
2018.04.23 10:21:51.710,9.62025,9.62135,1.00,1.00
2018.04.23 10:21:54.105,9.62034,9.62144,1.00,1.00
2018.04.23 10:21:59.875,9.62033,9.62143,1.00,1.00
2018.04.23 10:22:03.076,9.62023,9.62133,1.00,1.00
2018.04.23 10:22:07.586,9.62014,9.62124,1.00,1.00
2018.04.23 10:22:07.934,9.62023,9.62133,1.00,1.00
2018.04.23 10:22:12.363,9.61999,9.62109,1.00,1.00
2018.04.23 10:22:12.671,9.61947,9.62057,1.00,1.00
2018.04.23 10:22:17.783,9.61938,9.62048,1.00,1.00
2018.04.23 10:22:18.008,9.61918,9.6203,1.00,1.00
2018.04.23 10:22:19.887,9.61921,9.62031,1.00,1.00
2018.04.23 10:22:20.705,9.61912,9.62022,1.00,1.00
2018.04.23 10:22:21.011,9.61903,9.62013,1.00,1.00
2018.04.23 10:22:39.894,9.61902,9.62012,1.00,1.00
2018.04.23 10:22:43.678,9.61893,9.62003,1.00,1.00
2018.04.23 10:22:43.986,9.61883,9.61993,1.00,1.00
2018.04.23 10:22:50.727,9.61873,9.61983,1.00,1.00
2018.04.23 10:22:51.448,9.61883,9.61993,1.00,1.00
2018.04.23 10:22:59.868,9.61884,9.61994,1.00,1.00
2018.04.23 10:23:05.022,9.61893,9.62003,1.00,1.00
2018.04.23 10:23:10.541,9.61906,9.62016,1.00,1.00
2018.04.23 10:23:10.846,9.61897,9.62007,1.00,1.00
2018.04.23 10:23:11.431,9.61907,9.62017,1.00,1.00
2018.04.23 10:23:13.029,9.61897,9.62007,1.00,1.00
2018.04.23 10:23:13.399,9.61886,9.61996,1.00,1.00
2018.04.23 10:23:13.707,9.61877,9.61987,1.00,1.00
2018.04.23 10:23:13.809,9.61885,9.61997,1.00,1.00
2018.04.23 10:23:14.014,9.61877,9.61987,1.00,1.00
2018.04.23 10:23:15.014,9.61865,9.61975,1.00,1.00
2018.04.23 10:23:15.345,9.61867,9.61977,1.00,1.00
2018.04.23 10:23:19.899,9.61868,9.61978,1.00,1.00
2018.04.23 10:23:24.881,9.61858,9.61968,1.00,1.00
2018.04.23 10:23:26.016,9.61867,9.61977,1.00,1.00
2018.04.23 10:23:35.094,9.61877,9.61987,1.00,1.00
2018.04.23 10:23:36.581,9.61867,9.61979,1.00,1.00
2018.04.23 10:23:36.735,9.61859,9.61969,1.00,1.00
2018.04.23 10:23:38.074,9.61868,9.61978,1.00,1.00
2018.04.23 10:23:39.875,9.61865,9.61975,1.00,1.00
2018.04.23 10:23:40.949,9.61855,9.61965,1.00,1.00
2018.04.23 10:23:41.573,9.61864,9.61974,1.00,1.00
2018.04.23 10:23:53.869,9.61875,9.61985,1.00,1.00
2018.04.23 10:23:55.572,9.61866,9.61976,1.00,1.00
2018.04.23 10:23:59.842,9.61865,9.61975,1.00,1.00
2018.04.23 10:24:09.634,9.61857,9.61967,1.00,1.00
2018.04.23 10:24:09.944,9.61844,9.61954,1.00,1.00
2018.04.23 10:24:10.484,9.61835,9.61945,1.00,1.00
2018.04.23 10:24:19.896,9.61833,9.61943,1.00,1.00
2018.04.23 10:24:21.514,9.61844,9.61954,1.00,1.00
2018.04.23 10:24:22.087,9.61835,9.61945,1.00,1.00
2018.04.23 10:24:31.174,9.61826,9.61936,1.00,1.00
2018.04.23 10:24:31.619,9.61836,9.61946,1.00,1.00
2018.04.23 10:24:34.666,9.61848,9.61958,1.00,1.00
2018.04.23 10:24:34.928,9.61837,9.61949,1.00,1.00
2018.04.23 10:24:35.297,9.61848,9.61958,1.00,1.00
2018.04.23 10:24:39.892,9.61846,9.61956,1.00,1.00
2018.04.23 10:24:44.691,9.61854,9.61964,1.00,1.00
2018.04.23 10:24:45.048,9.61841,9.61951,1.00,1.00
2018.04.23 10:24:45.356,9.61853,9.61963,1.00,1.00
2018.04.23 10:24:47.660,9.61842,9.61952,1.00,1.00
2018.04.23 10:24:48.465,9.61852,9.61962,1.00,1.00
2018.04.23 10:24:52.538,9.61844,9.61954,1.00,1.00
2018.04.23 10:24:53.533,9.61853,9.61963,1.00,1.00
2018.04.23 10:24:59.893,9.61849,9.61959,1.00,1.00
2018.04.23 10:25:19.892,9.61856,9.61966,1.00,1.00
2018.04.23 10:25:20.215,9.61847,9.61957,1.00,1.00
2018.04.23 10:25:22.094,9.61857,9.61967,1.00,1.00
2018.04.23 10:25:22.433,9.61848,9.61958,1.00,1.00
2018.04.23 10:25:27.759,9.61857,9.61967,1.00,1.00
2018.04.23 10:25:30.698,9.61848,9.61958,1.00,1.00
2018.04.23 10:25:32.776,9.61857,9.61967,1.00,1.00
2018.04.23 10:25:36.484,9.61866,9.61976,1.00,1.00
2018.04.23 10:25:39.842,9.61861,9.61973,1.00,1.00
2018.04.23 10:25:53.659,9.61853,9.61963,1.00,1.00
2018.04.23 10:25:59.842,9.6185,9.6196,1.00,1.00
2018.04.23 10:26:26.915,9.61841,9.61951,1.00,1.00
2018.04.23 10:26:27.229,9.61851,9.61961,1.00,1.00
2018.04.23 10:26:31.208,9.61838,9.6195,1.00,1.00
2018.04.23 10:26:31.462,9.61848,9.61958,1.00,1.00
2018.04.23 10:26:33.495,9.61838,9.61948,1.00,1.00
2018.04.23 10:26:39.853,9.61837,9.61947,1.00,1.00
2018.04.23 10:26:40.912,9.61846,9.61956,1.00,1.00
2018.04.23 10:26:42.894,9.61837,9.61947,1.00,1.00
2018.04.23 10:26:43.315,9.61846,9.61956,1.00,1.00
2018.04.23 10:26:43.521,9.61781,9.61893,1.00,1.00
2018.04.23 10:26:43.574,9.61766,9.61876,1.00,1.00
2018.04.23 10:26:43.884,9.61746,9.61856,1.00,1.00
2018.04.23 10:26:44.193,9.61738,9.61848,1.00,1.00
2018.04.23 10:26:46.876,9.6175,9.6186,1.00,1.00
2018.04.23 10:26:46.928,9.6176,9.61872,1.00,1.00
2018.04.23 10:26:46.979,9.6177,9.6188,1.00,1.00
2018.04.23 10:26:54.904,9.61757,9.61867,1.00,1.00
2018.04.23 10:26:57.726,9.61747,9.61857,1.00,1.00
2018.04.23 10:26:59.893,9.61743,9.61853,1.00,1.00
2018.04.23 10:27:08.926,9.61734,9.61844,1.00,1.00
2018.04.23 10:27:09.272,9.61743,9.61853,1.00,1.00
2018.04.23 10:27:11.687,9.61734,9.61844,1.00,1.00
2018.04.23 10:27:11.841,9.61742,9.61854,1.00,1.00
2018.04.23 10:27:11.945,9.61734,9.61844,1.00,1.00
2018.04.23 10:27:12.509,9.61743,9.61853,1.00,1.00
2018.04.23 10:27:12.879,9.61733,9.61843,1.00,1.00
2018.04.23 10:27:13.394,9.61742,9.61852,1.00,1.00
2018.04.23 10:27:13.882,9.61733,9.61843,1.00,1.00
2018.04.23 10:27:14.438,9.61734,9.61844,1.00,1.00
2018.04.23 10:27:16.044,9.61743,9.61853,1.00,1.00
2018.04.23 10:27:16.368,9.61734,9.61844,1.00,1.00
2018.04.23 10:27:17.504,9.61743,9.61853,1.00,1.00
2018.04.23 10:27:17.867,9.61734,9.61844,1.00,1.00
2018.04.23 10:27:18.371,9.61733,9.61843,1.00,1.00
2018.04.23 10:27:18.678,9.61742,9.61852,1.00,1.00
2018.04.23 10:27:19.889,9.61744,9.61854,1.00,1.00
2018.04.23 10:27:22.364,9.61734,9.61846,1.00,1.00
2018.04.23 10:27:26.766,9.61744,9.61854,1.00,1.00
2018.04.23 10:27:35.785,9.61735,9.61845,1.00,1.00
2018.04.23 10:27:37.087,9.61744,9.61854,1.00,1.00
2018.04.23 10:27:39.880,9.61741,9.61851,1.00,1.00
2018.04.23 10:27:45.631,9.61731,9.61841,1.00,1.00
2018.04.23 10:27:46.455,9.6174,9.6185,1.00,1.00
2018.04.23 10:27:46.768,9.6173,9.6184,1.00,1.00
2018.04.23 10:27:55.662,9.61739,9.61849,1.00,1.00
2018.04.23 10:27:58.775,9.6175,9.6186,1.00,1.00
2018.04.23 10:27:59.843,9.61753,9.61863,1.00,1.00
2018.04.23 10:28:00.197,9.61771,9.61881,1.00,1.00
2018.04.23 10:28:00.503,9.61816,9.61926,1.00,1.00
2018.04.23 10:28:00.863,9.61825,9.61935,1.00,1.00
2018.04.23 10:28:01.170,9.61842,9.61952,1.00,1.00
2018.04.23 10:28:05.930,9.61852,9.61962,1.00,1.00
2018.04.23 10:28:08.651,9.61843,9.61953,1.00,1.00
2018.04.23 10:28:12.483,9.61832,9.61944,1.00,1.00
2018.04.23 10:28:12.692,9.61824,9.61934,1.00,1.00
2018.04.23 10:28:15.271,9.61812,9.61922,1.00,1.00
2018.04.23 10:28:15.374,9.61745,9.61857,1.00,1.00
2018.04.23 10:28:15.528,9.61735,9.61845,1.00,1.00
2018.04.23 10:28:15.682,9.61746,9.61858,1.00,1.00
2018.04.23 10:28:19.892,9.61741,9.61851,1.00,1.00
2018.04.23 10:28:20.090,9.61721,9.61871,1.00,1.00
2018.04.23 10:28:20.141,9.61704,9.61896,1.00,1.00
2018.04.23 10:28:26.637,9.61704,9.61888,1.00,1.00
2018.04.23 10:28:27.053,9.61704,9.61886,1.00,1.00
2018.04.23 10:28:29.815,9.6169,9.61877,1.00,1.00
2018.04.23 10:28:31.618,9.61704,9.61886,1.00,1.00
2018.04.23 10:28:41.616,9.6169,9.61876,1.00,1.00
2018.04.23 10:28:41.719,9.61704,9.61886,1.00,1.00
2018.04.23 10:28:42.193,9.61704,9.6189,1.00,1.00
2018.04.23 10:28:43.059,9.61704,9.61896,1.00,1.50
2018.04.23 10:28:57.540,9.61724,9.61899,1.00,1.00
2018.04.23 10:28:57.592,9.61712,9.61896,1.00,1.00
2018.04.23 10:28:57.643,9.61714,9.6191,1.50,1.00
2018.04.23 10:28:57.850,9.61722,9.6192,1.00,1.00
2018.04.23 10:28:57.901,9.61735,9.6192,1.00,1.00
2018.04.23 10:28:57.953,9.61744,9.6194,1.00,1.00
2018.04.23 10:28:58.007,9.61749,9.6194,1.00,1.00
2018.04.23 10:28:58.060,9.61756,9.61952,1.00,1.00
2018.04.23 10:28:58.802,9.61756,9.61946,1.00,1.00
2018.04.23 10:29:00.605,9.61762,9.61952,1.00,1.00
2018.04.23 10:29:00.810,9.61765,9.61961,1.00,1.00
2018.04.23 10:29:01.188,9.61779,9.61961,1.00,1.00
2018.04.23 10:29:01.340,9.61765,9.61951,1.00,1.00
2018.04.23 10:29:01.531,9.61779,9.61961,1.00,1.00
2018.04.23 10:29:01.842,9.61762,9.61946,1.00,1.00
2018.04.23 10:29:01.893,9.61774,9.61959,1.00,1.00
2018.04.23 10:29:01.952,9.61762,9.61947,1.00,1.00
2018.04.23 10:29:02.257,9.61769,9.61947,1.00,1.00
2018.04.23 10:29:02.714,9.61774,9.61959,1.00,1.00
2018.04.23 10:29:04.673,9.61769,9.61946,1.00,1.00
2018.04.23 10:29:04.725,9.61774,9.61958,1.00,1.00
2018.04.23 10:29:04.777,9.61774,9.61966,1.00,1.00
2018.04.23 10:29:07.333,9.61779,9.61966,1.00,1.00
2018.04.23 10:29:10.620,9.61799,9.61969,1.00,1.00
2018.04.23 10:29:11.564,9.61779,9.61969,1.50,1.00
2018.04.23 10:29:12.245,9.61779,9.61971,1.50,1.00
2018.04.23 10:29:13.242,9.61799,9.61979,1.00,1.00
2018.04.23 10:29:14.563,9.61799,9.61983,1.00,1.00
2018.04.23 10:29:14.768,9.61787,9.61971,1.50,1.00
2018.04.23 10:29:15.116,9.61799,9.61983,1.00,1.00
2018.04.23 10:29:22.194,9.61799,9.61982,1.00,1.00
2018.04.23 10:29:27.293,9.61799,9.61987,1.00,1.00
2018.04.23 10:29:34.750,9.61803,9.61987,1.00,1.00
2018.04.23 10:29:34.936,9.6181,9.62004,1.00,1.00
2018.04.23 10:29:35.296,9.61815,9.62008,1.00,1.00
2018.04.23 10:29:35.604,9.61828,9.62012,1.00,1.00
2018.04.23 10:29:36.338,9.6183,9.62012,1.00,1.00
2018.04.23 10:29:36.596,9.6183,9.62025,1.00,1.00
2018.04.23 10:29:36.750,9.61849,9.62025,1.00,1.00
2018.04.23 10:29:37.223,9.61849,9.6203,1.00,1.00
2018.04.23 10:29:37.344,9.61854,9.6203,1.00,1.00
2018.04.23 10:29:38.957,9.61849,9.62026,1.00,1.00
2018.04.23 10:29:39.009,9.61854,9.6203,1.00,1.00
2018.04.23 10:29:39.843,9.61855,9.6203,1.00,1.00
2018.04.23 10:29:39.999,9.61855,9.62035,1.00,1.00
2018.04.23 10:29:42.691,9.6186,9.62035,1.00,1.00
2018.04.23 10:29:42.844,9.61884,9.62066,1.00,1.00
2018.04.23 10:29:42.981,9.61893,9.62076,1.00,1.00
2018.04.23 10:29:44.827,9.61894,9.62076,1.00,1.50
2018.04.23 10:29:47.666,9.61914,9.62054,1.00,1.00
2018.04.23 10:29:47.983,9.61914,9.62051,1.00,1.00
2018.04.23 10:29:50.939,9.61914,9.62043,1.00,1.00
2018.04.23 10:29:51.398,9.61914,9.62046,1.00,1.00
2018.04.23 10:29:52.251,9.61914,9.62048,1.00,1.00
2018.04.23 10:29:52.944,9.61914,9.62047,1.00,1.00
2018.04.23 10:29:53.272,9.61914,9.6205,1.00,1.00
2018.04.23 10:29:54.261,9.61914,9.62049,1.00,1.00
2018.04.23 10:29:55.268,9.61914,9.62051,1.00,1.00
2018.04.23 10:29:55.477,9.61894,9.62075,1.00,1.00
2018.04.23 10:29:55.528,9.61904,9.62086,1.60,1.00
2018.04.23 10:29:55.580,9.61917,9.62102,1.60,1.00
2018.04.23 10:29:55.632,9.6196,9.62137,2.10,1.00
2018.04.23 10:29:55.683,9.61974,9.62154,1.60,1.00
2018.04.23 10:29:55.735,9.6201,9.62184,1.60,1.00
2018.04.23 10:29:55.786,9.62016,9.622,1.60,1.00
2018.04.23 10:29:55.838,9.62024,9.6222,1.60,1.50
2018.04.23 10:29:55.941,9.62036,9.6222,1.60,1.00
2018.04.23 10:29:56.044,9.62036,9.62235,1.60,1.00
2018.04.23 10:29:56.095,9.62045,9.62231,2.10,1.00
2018.04.23 10:29:56.208,9.6205,9.62243,2.10,1.00
2018.04.23 10:29:56.805,9.62047,9.62243,1.60,1.00
2018.04.23 10:29:57.329,9.62047,9.62243,1.60,1.00
2018.04.23 10:29:57.380,9.62053,9.62249,1.00,1.00
2018.04.23 10:29:58.324,9.62053,9.62249,1.60,1.00
2018.04.23 10:29:58.834,9.62053,9.62249,1.00,1.00
2018.04.23 10:29:58.943,9.62056,9.62252,1.00,1.00
2018.04.23 10:29:59.253,9.62058,9.62247,1.00,1.00
2018.04.23 10:30:00.129,9.62063,9.62259,1.00,1.00
2018.04.23 10:30:00.333,9.62063,9.62261,1.60,1.00
2018.04.23 10:30:00.710,9.62097,9.62282,1.00,1.00
2018.04.23 10:30:00.761,9.62097,9.62295,1.00,1.00
2018.04.23 10:30:02.794,9.62109,9.62305,1.00,1.50
2018.04.23 10:30:03.109,9.62037,9.62225,1.00,1.00
2018.04.23 10:30:03.363,9.6204,9.62236,1.00,1.00
2018.04.23 10:30:03.415,9.62052,9.62236,1.00,1.00
2018.04.23 10:30:05.264,9.6206,9.62236,1.00,1.00
2018.04.23 10:30:05.775,9.6206,9.62247,1.00,1.00
2018.04.23 10:30:07.068,9.62068,9.62247,1.00,1.00
2018.04.23 10:30:07.377,9.62068,9.62243,1.00,1.00
2018.04.23 10:30:09.735,9.62062,9.62243,1.00,1.00
2018.04.23 10:30:12.376,9.62062,9.62241,1.00,1.00
2018.04.23 10:30:12.708,9.62056,9.62241,1.00,1.00
2018.04.23 10:30:15.984,9.62061,9.62241,1.00,1.00
2018.04.23 10:30:17.552,9.62052,9.62233,1.00,1.00
2018.04.23 10:30:18.825,9.62052,9.62231,1.00,1.00
2018.04.23 10:30:25.209,9.62043,9.62231,1.00,1.50
2018.04.23 10:30:27.396,9.62043,9.62224,1.00,1.00
2018.04.23 10:30:27.995,9.62047,9.62221,1.00,1.00
2018.04.23 10:30:30.858,9.62057,9.62242,1.00,1.00
2018.04.23 10:30:30.910,9.62075,9.62264,1.00,1.00
2018.04.23 10:30:30.961,9.62075,9.62269,1.00,1.00
2018.04.23 10:30:31.065,9.62075,9.62265,1.00,1.00
2018.04.23 10:30:36.069,9.62082,9.62265,1.00,1.00
2018.04.23 10:30:36.405,9.62082,9.62247,1.00,1.00
2018.04.23 10:30:36.456,9.62067,9.62247,1.00,1.00
2018.04.23 10:30:36.559,9.62067,9.62256,1.00,1.00
2018.04.23 10:30:37.338,9.62067,9.62254,1.00,1.00
2018.04.23 10:30:38.870,9.62065,9.62254,1.00,1.00
2018.04.23 10:30:40.036,9.62065,9.62247,1.00,1.00
2018.04.23 10:30:40.431,9.62065,9.62251,1.00,1.00
2018.04.23 10:30:42.241,9.62065,9.62254,1.00,1.00
2018.04.23 10:30:42.426,9.62065,9.62252,1.00,1.00
2018.04.23 10:30:43.627,9.62065,9.62236,1.00,1.00
2018.04.23 10:30:44.756,9.62059,9.62247,1.00,1.00
2018.04.23 10:30:44.807,9.62059,9.62243,1.00,1.00
2018.04.23 10:30:45.606,9.62048,9.6223,1.00,1.00
2018.04.23 10:30:49.942,9.62044,9.6223,1.00,1.00
2018.04.23 10:30:56.975,9.62044,9.6223,1.00,1.60
2018.04.23 10:30:57.349,9.62052,9.6223,1.00,1.00
2018.04.23 10:31:04.342,9.62045,9.6223,1.00,1.00
2018.04.23 10:31:09.506,9.6204,9.62227,1.00,1.60
2018.04.23 10:31:09.812,9.6204,9.62223,1.00,1.00
2018.04.23 10:31:10.540,9.62019,9.62212,1.00,1.35
2018.04.23 10:31:10.592,9.62019,9.62218,1.00,1.60
2018.04.23 10:31:10.696,9.62019,9.62218,1.00,1.60
2018.04.23 10:31:12.485,9.62019,9.62215,1.00,1.00
2018.04.23 10:31:16.784,9.62027,9.62218,1.00,1.00
2018.04.23 10:31:19.899,9.62033,9.62218,1.00,1.00
2018.04.23 10:31:25.749,9.62023,9.62218,1.00,1.00
2018.04.23 10:31:26.835,9.62007,9.62208,1.00,1.00
2018.04.23 10:31:27.053,9.62007,9.62194,1.00,1.00
2018.04.23 10:31:27.618,9.62007,9.62192,1.00,1.00
2018.04.23 10:31:34.396,9.62015,9.62192,1.00,1.00
2018.04.23 10:31:43.811,9.6201,9.62192,1.00,1.00
2018.04.23 10:31:50.498,9.61997,9.62192,1.00,1.00
2018.04.23 10:31:51.788,9.62011,9.62192,1.00,1.00
2018.04.23 10:31:52.488,9.62011,9.62196,1.00,1.00
2018.04.23 10:31:55.327,9.62005,9.62196,1.00,1.00
2018.04.23 10:31:57.575,9.62005,9.62188,1.00,1.00
2018.04.23 10:31:57.912,9.62005,9.62186,1.00,1.00
2018.04.23 10:31:58.349,9.61999,9.62186,1.00,1.00
2018.04.23 10:31:59.047,9.61988,9.62186,1.00,1.50
2018.04.23 10:32:04.197,9.62001,9.62186,1.00,1.00
2018.04.23 10:32:04.883,9.62001,9.62195,1.00,1.00
2018.04.23 10:32:05.712,9.62014,9.62195,1.00,1.00
2018.04.23 10:32:06.077,9.62007,9.62195,1.00,1.00
2018.04.23 10:32:07.292,9.62013,9.62195,1.00,1.00
2018.04.23 10:32:07.614,9.62013,9.62193,1.00,1.00
2018.04.23 10:32:08.049,9.62018,9.622,1.00,1.00
2018.04.23 10:32:11.701,9.62023,9.62205,1.00,1.00
2018.04.23 10:32:17.647,9.62027,9.62217,1.00,1.00
2018.04.23 10:32:17.800,9.62027,9.62223,1.00,1.00
2018.04.23 10:32:19.219,9.6204,9.62223,1.00,1.00
2018.04.23 10:32:19.423,9.6204,9.62234,1.00,1.00
2018.04.23 10:32:20.500,9.62052,9.62234,1.00,1.00
2018.04.23 10:32:20.552,9.62052,9.62248,1.50,1.00
2018.04.23 10:32:22.548,9.62052,9.62242,1.00,1.00
2018.04.23 10:32:27.959,9.62063,9.62242,1.00,1.00
2018.04.23 10:32:28.063,9.62063,9.62259,1.50,1.00
2018.04.23 10:32:30.518,9.62071,9.62254,1.00,1.00
2018.04.23 10:32:33.328,9.62065,9.62254,1.00,1.00
2018.04.23 10:32:35.384,9.62077,9.62254,1.00,1.00
2018.04.23 10:32:37.578,9.62077,9.62264,1.00,1.00
2018.04.23 10:32:39.693,9.62072,9.62264,1.00,1.00
2018.04.23 10:32:42.665,9.62072,9.62266,1.00,1.00
2018.04.23 10:32:50.948,9.62079,9.62266,1.00,1.00
2018.04.23 10:32:51.705,9.62079,9.62252,1.00,1.00
2018.04.23 10:32:52.608,9.62079,9.62259,1.00,1.00
2018.04.23 10:33:00.776,9.62074,9.62259,1.00,1.00
2018.04.23 10:33:02.835,9.62074,9.6226,1.00,1.00
2018.04.23 10:33:03.733,9.62062,9.6226,1.00,1.00
2018.04.23 10:33:07.677,9.62062,9.62247,1.00,1.00
2018.04.23 10:33:08.180,9.62051,9.62247,1.50,1.00
2018.04.23 10:33:11.846,9.62051,9.62242,1.00,1.00
2018.04.23 10:33:12.652,9.62046,9.62242,1.00,1.00
2018.04.23 10:33:12.777,9.62044,9.62238,1.00,1.00
2018.04.23 10:33:22.673,9.62044,9.6224,1.00,1.00
2018.04.23 10:33:24.185,9.62052,9.62245,1.00,1.00
2018.04.23 10:33:24.304,9.62054,9.62248,1.00,1.00
2018.04.23 10:33:33.237,9.62052,9.62248,1.00,1.00
2018.04.23 10:33:36.664,9.6206,9.62248,1.00,1.00
2018.04.23 10:33:37.748,9.6206,9.62246,1.00,1.00
2018.04.23 10:33:42.825,9.6206,9.62248,1.00,1.00
2018.04.23 10:33:46.453,9.62061,9.62248,1.00,1.00
2018.04.23 10:33:52.260,9.62053,9.62248,1.00,1.00
2018.04.23 10:33:52.776,9.62053,9.62246,1.00,1.00
2018.04.23 10:33:56.610,9.62074,9.62246,1.00,1.00
2018.04.23 10:33:56.800,9.62062,9.62246,1.00,1.50
2018.04.23 10:33:57.603,9.62074,9.62246,1.00,1.00
2018.04.23 10:33:57.817,9.62074,9.62248,1.00,1.00
2018.04.23 10:33:58.538,9.62062,9.62246,1.00,1.00
2018.04.23 10:33:58.641,9.62074,9.62248,1.00,1.00
2018.04.23 10:33:58.830,9.62062,9.62246,1.00,1.00
2018.04.23 10:34:00.148,9.62074,9.62248,1.00,1.00
2018.04.23 10:34:05.655,9.62074,9.62256,1.00,1.00
2018.04.23 10:34:12.895,9.62074,9.6225,1.00,1.00
2018.04.23 10:34:27.918,9.62074,9.62255,1.00,1.00
2018.04.23 10:34:28.328,9.62094,9.62255,1.00,1.00
2018.04.23 10:34:28.457,9.62075,9.62255,1.00,1.00
2018.04.23 10:34:28.509,9.6209,9.62286,1.00,1.00
2018.04.23 10:34:28.561,9.62099,9.62286,1.00,1.00
2018.04.23 10:34:28.715,9.62097,9.62286,1.00,1.00
2018.04.23 10:34:28.770,9.62103,9.62299,1.00,1.00
2018.04.23 10:34:28.822,9.62107,9.62299,1.00,1.00
2018.04.23 10:34:29.102,9.62113,9.62311,1.00,1.00
2018.04.23 10:34:29.729,9.62124,9.62311,1.00,1.00
2018.04.23 10:34:35.494,9.62126,9.62316,1.00,1.00
2018.04.23 10:34:37.818,9.62132,9.62316,1.00,1.00
2018.04.23 10:34:39.181,9.62134,9.62316,1.00,1.00
2018.04.23 10:34:43.494,9.62143,9.62327,1.00,1.00
2018.04.23 10:34:43.625,9.62139,9.62327,1.00,1.00
2018.04.23 10:34:43.676,9.62149,9.62327,1.00,1.00
2018.04.23 10:34:44.352,9.62149,9.62339,1.00,1.00
2018.04.23 10:34:48.255,9.62152,9.62339,1.00,1.00
2018.04.23 10:34:50.671,9.62155,9.62341,1.00,1.00
2018.04.23 10:34:50.978,9.62169,9.62351,1.00,1.00
2018.04.23 10:34:51.222,9.62169,9.62361,1.00,1.50
2018.04.23 10:34:51.700,9.62165,9.62341,1.00,1.00
2018.04.23 10:34:52.610,9.62158,9.62345,1.00,1.00
2018.04.23 10:34:52.713,9.62154,9.62345,1.00,1.00
2018.04.23 10:34:52.863,9.62154,9.62321,1.00,1.00
2018.04.23 10:34:54.250,9.62154,9.62341,1.00,1.00
2018.04.23 10:34:54.301,9.62154,9.62321,1.00,1.00
2018.04.23 10:34:54.352,9.62154,9.62341,1.00,1.00
2018.04.23 10:34:56.509,9.62164,9.62341,1.00,1.00
2018.04.23 10:34:57.950,9.62163,9.62341,1.00,1.00
2018.04.23 10:34:58.272,9.62163,9.62321,1.00,1.00
2018.04.23 10:35:00.982,9.6214,9.62321,1.00,1.00
2018.04.23 10:35:02.459,9.62149,9.62341,1.00,1.00
2018.04.23 10:35:03.706,9.6214,9.62322,1.00,1.00
2018.04.23 10:35:03.758,9.62134,9.62322,1.00,1.00
2018.04.23 10:35:06.380,9.62149,9.62341,1.00,1.00
2018.04.23 10:35:06.535,9.62142,9.62321,1.00,1.00
2018.04.23 10:35:06.791,9.62148,9.62342,1.00,1.00
2018.04.23 10:35:06.843,9.62142,9.62321,1.00,1.00
2018.04.23 10:35:08.999,9.62149,9.62321,1.00,1.00
2018.04.23 10:35:09.660,9.62149,9.62341,1.50,1.00
2018.04.23 10:35:09.711,9.62149,9.62322,1.00,1.00
2018.04.23 10:35:10.337,9.62149,9.62321,1.00,1.00
2018.04.23 10:35:10.884,9.62149,9.62341,1.50,1.00
2018.04.23 10:35:10.935,9.62149,9.62321,1.00,1.00
2018.04.23 10:35:11.073,9.62159,9.62341,1.00,1.00
2018.04.23 10:35:11.494,9.62159,9.62357,1.00,1.00
2018.04.23 10:35:11.545,9.62176,9.62372,1.00,1.50
2018.04.23 10:35:12.962,9.62194,9.62372,1.00,1.50
2018.04.23 10:35:13.191,9.62194,9.62379,1.00,1.00
2018.04.23 10:35:15.715,9.62194,9.62386,1.00,1.50
2018.04.23 10:35:21.793,9.62194,9.6238,1.00,1.00
2018.04.23 10:35:24.314,9.62194,9.62385,1.00,1.00
2018.04.23 10:35:28.764,9.62199,9.62385,1.00,1.00
2018.04.23 10:35:32.009,9.62209,9.62386,1.00,1.00
2018.04.23 10:35:34.260,9.62199,9.62386,1.00,1.00
2018.04.23 10:35:34.640,9.62224,9.624,1.00,1.00
2018.04.23 10:35:35.396,9.62224,9.62402,1.00,1.00
2018.04.23 10:35:37.982,9.62223,9.62402,1.00,1.00
2018.04.23 10:35:45.675,9.62223,9.6241,1.00,1.00
2018.04.23 10:35:46.355,9.62236,9.62416,1.00,1.00
2018.04.23 10:35:46.653,9.62223,9.62416,1.00,1.00
2018.04.23 10:35:52.351,9.62236,9.62416,1.00,1.00
2018.04.23 10:35:52.402,9.62233,9.62416,1.00,1.00
2018.04.23 10:35:55.780,9.62223,9.62409,1.00,1.00
2018.04.23 10:35:58.513,9.62223,9.62406,1.00,1.00
2018.04.23 10:36:01.735,9.62209,9.62397,1.00,1.00
2018.04.23 10:36:01.786,9.62202,9.62396,1.00,1.50
2018.04.23 10:36:01.837,9.62202,9.62376,1.00,1.35
2018.04.23 10:36:01.939,9.62163,9.62357,1.00,1.60
2018.04.23 10:36:02.482,9.62162,9.62348,1.00,1.00
2018.04.23 10:36:04.266,9.62162,9.62316,1.00,1.00
2018.04.23 10:36:05.869,9.62164,9.62316,1.00,1.00
2018.04.23 10:36:05.921,9.62166,9.6236,1.00,1.00
2018.04.23 10:36:06.710,9.62169,9.6236,1.00,1.00
2018.04.23 10:36:08.005,9.62173,9.62361,1.00,1.00
2018.04.23 10:36:13.125,9.62169,9.62361,1.00,1.00
2018.04.23 10:36:13.277,9.62169,9.62356,1.00,1.00
2018.04.23 10:36:13.579,9.62174,9.62356,1.00,1.00
2018.04.23 10:36:14.565,9.62194,9.62364,1.00,1.00
2018.04.23 10:36:14.617,9.62194,9.62371,1.00,1.00
2018.04.23 10:36:14.669,9.62194,9.62376,1.00,1.00
2018.04.23 10:36:16.537,9.62194,9.6238,1.00,1.00
2018.04.23 10:36:16.589,9.62194,9.62386,1.00,1.00
2018.04.23 10:36:19.604,9.62219,9.62411,1.00,1.00
2018.04.23 10:36:19.914,9.62224,9.62413,1.00,1.00
2018.04.23 10:36:23.028,9.62224,9.62416,1.50,1.00
2018.04.23 10:36:24.492,9.6223,9.62416,1.00,1.00
2018.04.23 10:36:24.797,9.62216,9.62396,1.00,1.00
2018.04.23 10:36:26.309,9.62224,9.62396,1.00,1.00
2018.04.23 10:36:26.360,9.62216,9.62396,1.00,1.50
2018.04.23 10:36:27.077,9.62204,9.62396,1.00,1.50
2018.04.23 10:36:27.544,9.62224,9.62406,1.00,1.00
2018.04.23 10:36:28.627,9.62224,9.62396,1.00,1.00
2018.04.23 10:36:28.679,9.62212,9.62396,1.00,1.50
2018.04.23 10:36:28.730,9.62197,9.62386,1.00,1.00
2018.04.23 10:36:28.833,9.622,9.62386,1.00,1.00
2018.04.23 10:36:29.395,9.622,9.62376,1.00,1.00
2018.04.23 10:36:29.819,9.622,9.62367,1.00,1.00
2018.04.23 10:36:30.140,9.6219,9.62367,1.50,1.00
2018.04.23 10:36:31.267,9.62194,9.62376,1.00,1.00
2018.04.23 10:36:31.652,9.6219,9.62376,1.00,1.50
2018.04.23 10:36:31.703,9.6219,9.62366,1.00,1.00
2018.04.23 10:36:38.109,9.62199,9.62378,1.00,1.00
2018.04.23 10:36:38.261,9.62197,9.62393,1.00,1.00
2018.04.23 10:36:38.312,9.62207,9.62396,1.00,1.00
2018.04.23 10:36:38.642,9.62208,9.62403,1.00,1.00
2018.04.23 10:36:39.313,9.62224,9.62403,1.00,1.00
2018.04.23 10:36:43.146,9.62224,9.62402,1.00,1.00
2018.04.23 10:36:46.150,9.62224,9.62416,1.00,2.25
2018.04.23 10:36:48.616,9.62244,9.62416,1.00,1.00
2018.04.23 10:36:50.080,9.62232,9.62416,1.00,1.50
2018.04.23 10:36:50.131,9.62244,9.62416,1.00,1.00
2018.04.23 10:36:50.550,9.62232,9.62416,1.00,1.00
2018.04.23 10:36:52.184,9.62236,9.62416,1.00,1.00
2018.04.23 10:36:52.967,9.62244,9.62416,1.00,1.00
2018.04.23 10:36:53.138,9.62244,9.62422,1.00,1.00
2018.04.23 10:36:54.231,9.62236,9.62416,1.00,1.00
2018.04.23 10:36:54.282,9.62244,9.62422,1.00,1.00
2018.04.23 10:36:54.699,9.62236,9.62416,1.00,1.00
2018.04.23 10:36:54.751,9.62244,9.62422,1.00,1.00
2018.04.23 10:36:54.904,9.62236,9.62416,1.00,1.00
2018.04.23 10:36:54.955,9.62244,9.62422,1.00,1.00
2018.04.23 10:36:55.058,9.62244,9.62429,1.00,1.00
2018.04.23 10:36:58.175,9.62244,9.62436,1.00,1.50
2018.04.23 10:36:58.595,9.62244,9.62429,1.00,1.00
2018.04.23 10:37:10.582,9.62244,9.62436,1.00,1.00
2018.04.23 10:37:19.355,9.62244,9.62433,1.00,1.00
2018.04.23 10:37:21.663,9.62244,9.62436,1.00,1.50
2018.04.23 10:37:23.776,9.62252,9.62436,1.00,1.50
2018.04.23 10:37:24.032,9.62244,9.62436,1.00,1.00
2018.04.23 10:37:26.298,9.62247,9.62436,1.00,1.50
2018.04.23 10:37:26.673,9.6225,9.62443,1.00,1.50
2018.04.23 10:37:26.922,9.62274,9.62443,1.00,1.50
2018.04.23 10:37:27.108,9.62282,9.62456,1.00,1.00
2018.04.23 10:37:27.514,9.62274,9.62456,1.00,1.00
2018.04.23 10:37:29.392,9.6228,9.62456,1.00,1.00
2018.04.23 10:37:30.763,9.62294,9.62456,1.00,1.00
2018.04.23 10:37:31.566,9.62274,9.62456,1.00,1.00
2018.04.23 10:37:34.944,9.62277,9.62456,1.00,1.00
2018.04.23 10:37:35.389,9.62294,9.62456,1.00,1.00
2018.04.23 10:37:36.374,9.62293,9.62454,1.00,1.00
2018.04.23 10:37:36.732,9.62274,9.62454,1.00,1.00
2018.04.23 10:37:36.786,9.62274,9.62446,1.00,1.00
2018.04.23 10:37:37.908,9.62274,9.62456,1.00,1.00
2018.04.23 10:37:40.385,9.62294,9.62466,1.00,1.00
2018.04.23 10:37:40.436,9.62282,9.62483,1.00,1.00
2018.04.23 10:37:40.487,9.62299,9.62483,1.00,1.00
2018.04.23 10:37:44.753,9.62282,9.62471,1.00,1.00
2018.04.23 10:37:44.804,9.62276,9.62477,1.00,1.00
2018.04.23 10:37:44.907,9.62276,9.62464,1.00,1.00
2018.04.23 10:37:44.982,9.62256,9.6245,1.00,1.00
2018.04.23 10:37:45.033,9.62238,9.62429,1.00,1.60
2018.04.23 10:37:45.088,9.62222,9.62418,1.00,1.00
2018.04.23 10:37:45.139,9.62222,9.62405,1.00,1.00
2018.04.23 10:37:45.241,9.62209,9.62405,1.00,1.50
2018.04.23 10:37:45.851,9.62231,9.62423,1.00,1.00
2018.04.23 10:37:46.156,9.62243,9.62438,1.50,1.00
2018.04.23 10:37:46.207,9.62231,9.62429,1.00,1.00
2018.04.23 10:37:46.258,9.62221,9.62417,1.00,1.60
2018.04.23 10:37:46.672,9.62221,9.62417,1.00,1.60
2018.04.23 10:37:46.724,9.62221,9.62417,1.00,1.60
2018.04.23 10:37:47.286,9.62221,9.62396,1.00,1.00
2018.04.23 10:37:51.282,9.62224,9.62412,1.00,1.00
2018.04.23 10:37:51.333,9.62224,9.62416,1.00,1.00
2018.04.23 10:37:53.257,9.62226,9.62416,1.00,1.00
2018.04.23 10:37:53.514,9.6226,9.62451,1.00,1.00
2018.04.23 10:37:53.617,9.6226,9.62465,1.60,1.00
2018.04.23 10:37:53.953,9.6226,9.62465,1.60,1.00
2018.04.23 10:37:54.914,9.62274,9.62465,1.00,1.00
2018.04.23 10:37:55.891,9.62263,9.62455,1.00,1.00
2018.04.23 10:37:55.944,9.62201,9.62394,1.00,1.60
2018.04.23 10:37:56.256,9.62207,9.62387,1.00,1.00
2018.04.23 10:37:56.512,9.62191,9.62387,1.00,1.50
2018.04.23 10:37:57.018,9.62209,9.62387,1.00,1.00
2018.04.23 10:37:58.326,9.6221,9.62387,1.00,1.00
2018.04.23 10:38:01.021,9.62194,9.62372,1.00,1.00
2018.04.23 10:38:01.331,9.62199,9.62387,1.00,1.00
2018.04.23 10:38:01.384,9.62194,9.62371,1.00,1.00
2018.04.23 10:38:01.539,9.62199,9.62387,1.00,1.00
2018.04.23 10:38:01.590,9.62194,9.62371,1.00,1.00
2018.04.23 10:38:02.401,9.62182,9.62371,1.00,1.00
2018.04.23 10:38:02.452,9.62179,9.62368,1.50,1.00
2018.04.23 10:38:02.555,9.62184,9.6238,1.00,1.50
2018.04.23 10:38:02.692,9.62184,9.62378,1.00,1.00
2018.04.23 10:38:02.846,9.62173,9.62369,1.00,1.00
2018.04.23 10:38:03.363,9.62173,9.62347,1.00,1.00
2018.04.23 10:38:08.172,9.62163,9.62347,1.00,1.00
2018.04.23 10:38:08.665,9.62174,9.62359,1.00,1.00
2018.04.23 10:38:08.717,9.62163,9.62346,1.00,1.00
2018.04.23 10:38:08.769,9.62174,9.62359,1.00,1.00
2018.04.23 10:38:08.822,9.62163,9.62346,1.00,1.00
2018.04.23 10:38:08.873,9.62174,9.62359,1.00,1.00
2018.04.23 10:38:08.925,9.62163,9.62346,1.00,1.00
2018.04.23 10:38:09.595,9.62174,9.62359,1.00,1.00
2018.04.23 10:38:12.265,9.62163,9.62346,1.00,1.00
2018.04.23 10:38:12.317,9.62173,9.62359,1.00,1.00
2018.04.23 10:38:13.325,9.62173,9.62362,1.00,1.50
2018.04.23 10:38:15.651,9.62166,9.62346,1.00,1.00
2018.04.23 10:38:15.806,9.62174,9.62362,1.00,1.00
2018.04.23 10:38:15.858,9.62166,9.62346,1.00,1.00
2018.04.23 10:38:23.268,9.62162,9.62346,1.00,1.00
2018.04.23 10:38:27.879,9.62163,9.62346,1.00,1.00
2018.04.23 10:38:28.355,9.62166,9.62346,1.00,1.00
2018.04.23 10:38:29.382,9.62178,9.62367,1.00,1.00
2018.04.23 10:38:29.434,9.62178,9.62346,1.00,1.00
2018.04.23 10:38:33.174,9.62178,9.62366,1.00,1.00
2018.04.23 10:38:33.651,9.62178,9.62347,1.00,1.00
2018.04.23 10:38:36.811,9.62178,9.62366,1.00,1.00
2018.04.23 10:38:38.041,9.62178,9.62347,1.00,1.00
2018.04.23 10:38:38.327,9.62171,9.62347,1.00,1.00
2018.04.23 10:38:39.094,9.62174,9.62366,1.00,1.00
2018.04.23 10:38:39.146,9.62171,9.62346,1.00,1.00
2018.04.23 10:38:41.393,9.62174,9.62366,1.00,1.00
2018.04.23 10:38:42.761,9.6219,9.62366,1.00,1.00
2018.04.23 10:38:42.862,9.6218,9.62366,1.00,1.00
2018.04.23 10:38:43.024,9.62174,9.62366,1.50,1.00
2018.04.23 10:38:43.128,9.62188,9.62366,1.00,1.00
2018.04.23 10:38:43.644,9.62187,9.62366,1.00,1.00
2018.04.23 10:38:43.923,9.62177,9.62366,1.00,1.00
2018.04.23 10:38:46.335,9.62189,9.62366,1.00,1.00
2018.04.23 10:38:46.641,9.62178,9.62366,1.00,1.00
2018.04.23 10:38:57.596,9.62178,9.62346,1.00,1.00
2018.04.23 10:38:57.648,9.62164,9.62346,1.00,1.00
2018.04.23 10:38:58.442,9.62158,9.62346,1.00,1.50
2018.04.23 10:39:08.358,9.62154,9.62346,1.00,1.50
2018.04.23 10:39:13.471,9.62156,9.62346,1.00,1.00
2018.04.23 10:39:15.609,9.62156,9.62343,1.00,1.00
2018.04.23 10:39:15.941,9.62156,9.62327,1.00,1.00
2018.04.23 10:39:15.993,9.62148,9.62326,1.00,1.00
2018.04.23 10:39:16.046,9.62139,9.62326,1.00,1.00
2018.04.23 10:39:16.099,9.62129,9.62318,1.00,1.00
2018.04.23 10:39:16.150,9.62127,9.62315,1.00,1.00
2018.04.23 10:39:16.202,9.62104,9.623,1.00,1.00
2018.04.23 10:39:16.610,9.62094,9.62292,1.00,1.00
2018.04.23 10:39:17.378,9.62099,9.62291,1.00,1.00
2018.04.23 10:39:19.574,9.62094,9.62292,1.00,1.00
2018.04.23 10:39:19.625,9.62099,9.62291,1.00,1.00
2018.04.23 10:39:19.921,9.62084,9.6228,1.00,1.00
2018.04.23 10:39:20.105,9.62084,9.62271,1.00,1.00
2018.04.23 10:39:22.113,9.62079,9.62262,1.00,1.00
2018.04.23 10:39:22.430,9.62099,9.62262,1.00,1.00
2018.04.23 10:39:22.481,9.62085,9.62282,1.50,1.00
2018.04.23 10:39:23.271,9.62119,9.62282,1.00,1.00
2018.04.23 10:39:24.835,9.62119,9.62299,1.00,1.00
2018.04.23 10:39:24.886,9.62119,9.62307,1.00,1.00
2018.04.23 10:39:24.989,9.62119,9.62295,1.00,1.00
2018.04.23 10:39:25.091,9.62119,9.62307,1.00,1.00
2018.04.23 10:39:25.491,9.62119,9.62295,1.00,1.00
2018.04.23 10:39:25.635,9.62119,9.62307,1.00,1.00
2018.04.23 10:39:29.857,9.62104,9.62291,1.00,1.00
2018.04.23 10:39:31.010,9.62119,9.62304,1.00,1.00
2018.04.23 10:39:31.061,9.62104,9.62292,1.00,1.00
2018.04.23 10:39:31.600,9.62104,9.62291,1.00,1.00
2018.04.23 10:39:31.981,9.62119,9.62304,1.00,1.00
2018.04.23 10:39:32.033,9.62104,9.62291,1.00,1.00
2018.04.23 10:39:35.723,9.62119,9.62296,1.00,1.00
2018.04.23 10:39:40.505,9.62099,9.62291,1.00,1.00
2018.04.23 10:39:40.556,9.62119,9.62296,1.00,1.00
2018.04.23 10:39:46.533,9.62119,9.62304,1.00,1.00
2018.04.23 10:39:46.636,9.62119,9.62311,1.00,1.00
2018.04.23 10:39:50.701,9.62144,9.62335,1.00,1.00
2018.04.23 10:39:51.140,9.62133,9.62316,1.00,1.00
2018.04.23 10:40:01.943,9.62128,9.62316,1.00,1.00
2018.04.23 10:40:02.754,9.62127,9.62316,1.00,1.50
2018.04.23 10:40:06.586,9.62144,9.6232,1.00,1.00
2018.04.23 10:40:11.816,9.62144,9.62326,1.50,1.00
2018.04.23 10:40:11.872,9.62144,9.62311,1.50,1.00
2018.04.23 10:40:12.632,9.62144,9.62336,1.00,1.00
2018.04.23 10:40:14.972,9.62131,9.62314,1.00,1.85
2018.04.23 10:40:15.278,9.62059,9.62255,1.00,1.60
2018.04.23 10:40:15.443,9.62057,9.62245,1.00,1.60
2018.04.23 10:40:15.496,9.62037,9.62233,1.00,1.60
2018.04.23 10:40:15.548,9.62027,9.62223,1.00,1.60
2018.04.23 10:40:15.599,9.62015,9.62213,1.00,1.60
2018.04.23 10:40:15.651,9.62015,9.62213,1.00,1.60
2018.04.23 10:40:16.178,9.62015,9.62213,1.00,1.00
2018.04.23 10:40:17.362,9.62004,9.62202,1.00,1.00
2018.04.23 10:40:17.707,9.61967,9.62163,1.00,1.00
2018.04.23 10:40:18.017,9.61971,9.62168,1.00,1.00
2018.04.23 10:40:18.119,9.61961,9.62157,1.00,1.00
2018.04.23 10:40:18.487,9.61972,9.62168,1.00,1.50
2018.04.23 10:40:18.796,9.61974,9.62166,1.00,1.50
2018.04.23 10:40:19.729,9.6197,9.62166,1.00,1.00
2018.04.23 10:40:19.883,9.61958,9.62154,1.00,1.00
2018.04.23 10:40:20.211,9.61958,9.62146,1.00,1.00
2018.04.23 10:40:20.774,9.61954,9.62144,1.00,1.00
2018.04.23 10:40:23.508,9.61954,9.62142,1.00,1.00
2018.04.23 10:40:24.025,9.61954,9.62125,1.00,1.00
2018.04.23 10:40:24.127,9.61954,9.62135,1.00,1.00
2018.04.23 10:40:24.179,9.61927,9.62123,1.00,1.00
2018.04.23 10:40:24.281,9.61934,9.62123,1.00,1.00
2018.04.23 10:40:25.823,9.61938,9.62126,1.00,1.00
2018.04.23 10:40:26.389,9.6194,9.62134,1.00,1.00
2018.04.23 10:40:26.441,9.61949,9.62145,1.60,1.00
2018.04.23 10:40:26.492,9.61961,9.62157,1.00,1.00
2018.04.23 10:40:27.105,9.61974,9.62157,1.00,1.00
2018.04.23 10:40:28.595,9.61974,9.62148,1.00,1.00
2018.04.23 10:40:30.540,9.61974,9.62159,1.00,1.00
2018.04.23 10:40:30.643,9.61994,9.62159,1.00,1.00
2018.04.23 10:40:30.797,9.61974,9.62159,1.00,1.00
2018.04.23 10:40:35.680,9.61974,9.62166,1.00,1.00
2018.04.23 10:40:38.251,9.61982,9.62178,1.00,1.00
2018.04.23 10:40:38.302,9.61994,9.6219,1.00,1.00
2018.04.23 10:40:38.508,9.61996,9.62211,1.00,1.00
2018.04.23 10:40:39.120,9.62004,9.62196,1.00,1.00
2018.04.23 10:40:45.823,9.62017,9.62213,1.00,1.00
2018.04.23 10:40:45.987,9.62029,9.62213,1.00,1.00
2018.04.23 10:40:51.028,9.62029,9.62218,1.00,1.00
2018.04.23 10:40:51.079,9.62029,9.62221,1.00,1.00
2018.04.23 10:41:08.702,9.62034,9.62221,1.00,1.00
2018.04.23 10:41:12.574,9.62036,9.62221,1.00,1.00
2018.04.23 10:41:13.686,9.62038,9.62221,1.00,1.00
2018.04.23 10:41:18.731,9.62045,9.6225,1.00,1.00
2018.04.23 10:41:18.834,9.62052,9.6225,1.60,1.00
2018.04.23 10:41:18.886,9.6206,9.62261,1.60,1.00
2018.04.23 10:41:18.988,9.6208,9.62261,1.00,1.00
2018.04.23 10:41:19.295,9.62061,9.62261,1.00,1.00
2018.04.23 10:41:19.588,9.62068,9.62261,1.00,1.00
2018.04.23 10:41:19.977,9.62083,9.62261,1.00,1.00
2018.04.23 10:41:20.424,9.62099,9.62261,1.00,1.00
2018.04.23 10:41:21.967,9.62099,9.62272,1.00,1.00
2018.04.23 10:41:27.394,9.62099,9.6228,1.00,1.50
2018.04.23 10:41:27.804,9.6208,9.6228,1.00,1.50
2018.04.23 10:41:27.855,9.62094,9.6228,1.00,1.50
2018.04.23 10:41:28.165,9.6208,9.6228,1.00,1.50
2018.04.23 10:41:28.217,9.62094,9.6228,1.00,1.50
2018.04.23 10:41:28.739,9.62094,9.62277,1.00,1.00
2018.04.23 10:41:29.066,9.6208,9.62268,1.00,1.00
2018.04.23 10:41:31.626,9.62075,9.62267,1.00,1.00
2018.04.23 10:41:31.729,9.62074,9.62247,1.00,1.00
2018.04.23 10:41:33.569,9.62063,9.62247,1.00,1.00
2018.04.23 10:41:33.622,9.62065,9.62248,1.00,1.00
2018.04.23 10:41:33.993,9.62065,9.62227,1.00,1.00
2018.04.23 10:41:38.294,9.62065,9.62247,1.00,1.00
2018.04.23 10:41:38.658,9.62056,9.62247,1.00,1.00
2018.04.23 10:41:43.745,9.62069,9.62247,1.00,1.00
2018.04.23 10:41:45.805,9.62057,9.62227,1.00,1.00
2018.04.23 10:41:46.655,9.62069,9.62248,1.00,1.00
2018.04.23 10:41:51.627,9.6207,9.62248,1.00,1.00
2018.04.23 10:41:53.697,9.62074,9.62248,1.00,1.00
2018.04.23 10:41:58.776,9.6207,9.62248,1.00,1.00
2018.04.23 10:41:59.913,9.62075,9.62267,1.00,1.00
2018.04.23 10:42:00.066,9.6207,9.62272,1.00,1.00
2018.04.23 10:42:00.190,9.6208,9.62272,1.00,1.50
2018.04.23 10:42:02.679,9.6207,9.62252,1.00,1.00
2018.04.23 10:42:03.556,9.6208,9.62272,1.00,1.50
2018.04.23 10:42:07.618,9.62077,9.62252,1.00,1.00
2018.04.23 10:42:11.298,9.62082,9.62271,1.00,1.00
2018.04.23 10:42:11.350,9.62077,9.62254,1.00,1.00
2018.04.23 10:42:11.402,9.62082,9.62271,1.00,1.00
2018.04.23 10:42:12.229,9.62081,9.62271,1.00,1.00
2018.04.23 10:42:12.386,9.62081,9.62254,1.00,1.00
2018.04.23 10:42:12.973,9.62082,9.62274,1.00,1.00
2018.04.23 10:42:17.764,9.62082,9.62254,1.00,1.00
2018.04.23 10:42:19.815,9.62082,9.62275,1.00,1.00
2018.04.23 10:42:19.866,9.62082,9.62254,1.00,1.00
2018.04.23 10:42:20.145,9.62082,9.62275,1.00,1.00
2018.04.23 10:42:23.749,9.62081,9.62275,1.00,1.00
2018.04.23 10:42:27.620,9.62087,9.62275,1.00,1.00
2018.04.23 10:42:31.313,9.62095,9.62275,1.00,1.00
2018.04.23 10:42:35.143,9.62102,9.62275,1.00,1.00
2018.04.23 10:42:36.880,9.62095,9.62275,1.00,1.00
2018.04.23 10:42:42.901,9.62102,9.62294,1.00,1.00
2018.04.23 10:42:43.107,9.62105,9.62294,1.00,1.00
2018.04.23 10:42:48.235,9.62102,9.62294,1.00,1.00
2018.04.23 10:42:48.631,9.62096,9.62274,1.00,1.00
2018.04.23 10:42:48.991,9.62098,9.62274,1.00,1.00
2018.04.23 10:42:49.382,9.6211,9.62274,1.00,1.00
2018.04.23 10:42:53.396,9.62093,9.62274,1.50,1.00
2018.04.23 10:42:53.499,9.62083,9.62274,1.00,1.00
2018.04.23 10:42:53.653,9.62085,9.62274,1.00,1.00
2018.04.23 10:42:53.961,9.62082,9.62248,1.00,1.00
2018.04.23 10:42:54.905,9.62084,9.62265,1.00,1.00
2018.04.23 10:42:58.936,9.62089,9.62265,1.00,1.00
2018.04.23 10:43:00.950,9.62096,9.6227,1.00,1.00
2018.04.23 10:43:01.051,9.62105,9.62298,1.00,1.00
2018.04.23 10:43:01.570,9.62105,9.62289,1.00,1.00
2018.04.23 10:43:03.887,9.62112,9.62289,1.00,1.00
2018.04.23 10:43:03.939,9.62112,9.62313,1.00,1.00
2018.04.23 10:43:03.991,9.62146,9.62299,1.00,1.00
2018.04.23 10:43:04.192,9.62146,9.62329,1.00,1.00
2018.04.23 10:43:04.552,9.62146,9.62319,1.00,1.00
2018.04.23 10:43:05.596,9.62129,9.62319,1.00,1.00
2018.04.23 10:43:09.842,9.62148,9.62319,1.00,1.00
2018.04.23 10:43:37.291,9.62141,9.62319,1.00,1.00
2018.04.23 10:43:51.513,9.62138,9.62319,1.00,1.00
2018.04.23 10:43:52.388,9.62148,9.62319,1.00,1.00
2018.04.23 10:43:53.261,9.62148,9.623,1.00,1.00
2018.04.23 10:43:53.992,9.6214,9.623,1.00,1.00
2018.04.23 10:43:54.634,9.62137,9.623,1.00,1.00
2018.04.23 10:43:59.016,9.62142,9.623,1.00,1.00
2018.04.23 10:43:59.508,9.62142,9.62312,1.00,1.00
2018.04.23 10:44:05.447,9.62128,9.623,1.00,1.00
2018.04.23 10:44:05.499,9.62101,9.62297,1.00,1.00
2018.04.23 10:44:05.550,9.6209,9.62283,1.00,1.00
2018.04.23 10:44:05.854,9.62078,9.62265,1.00,1.00
2018.04.23 10:44:06.225,9.62078,9.62255,1.00,1.00
2018.04.23 10:44:07.063,9.62078,9.62265,1.00,1.00
2018.04.23 10:44:08.958,9.62081,9.62265,1.00,1.00
2018.04.23 10:44:09.808,9.62081,9.6226,1.00,1.00
2018.04.23 10:44:09.860,9.62071,9.6226,1.00,1.00
2018.04.23 10:44:11.737,9.62071,9.62251,1.00,1.00
2018.04.23 10:44:12.385,9.62069,9.62244,1.00,1.00
2018.04.23 10:44:14.084,9.62072,9.62244,1.00,1.00
2018.04.23 10:44:19.807,9.62072,9.62257,1.50,1.00
2018.04.23 10:44:19.858,9.62072,9.62244,1.00,1.00
2018.04.23 10:44:19.959,9.62081,9.62257,1.00,1.00
2018.04.23 10:44:20.010,9.62083,9.62264,1.00,1.00
2018.04.23 10:44:20.062,9.62083,9.62279,1.00,1.50
2018.04.23 10:44:20.114,9.62092,9.62279,1.00,1.00
2018.04.23 10:44:20.547,9.62092,9.62269,1.00,1.00
2018.04.23 10:44:22.817,9.62092,9.62249,1.00,1.00
2018.04.23 10:44:22.869,9.62092,9.62269,1.00,1.00
2018.04.23 10:44:23.380,9.62089,9.62269,1.00,1.00
2018.04.23 10:44:23.673,9.62094,9.62269,1.00,1.00
2018.04.23 10:44:24.364,9.62094,9.62268,1.00,1.00
2018.04.23 10:44:24.681,9.62094,9.6225,1.00,1.00
2018.04.23 10:44:24.732,9.62083,9.6225,1.00,1.00
2018.04.23 10:44:24.784,9.62083,9.62269,1.00,1.00
2018.04.23 10:44:24.836,9.62083,9.62249,1.00,1.00
2018.04.23 10:44:25.010,9.62083,9.62269,1.00,1.00
2018.04.23 10:44:25.061,9.62083,9.62249,1.00,1.00
2018.04.23 10:44:25.431,9.62093,9.62249,1.00,1.00
2018.04.23 10:44:25.800,9.62093,9.62269,1.00,1.00
2018.04.23 10:44:29.075,9.62094,9.62269,1.00,1.00
2018.04.23 10:44:34.008,9.62094,9.62266,1.00,1.00
2018.04.23 10:44:34.795,9.62083,9.6225,1.00,1.00
2018.04.23 10:44:35.214,9.62083,9.62266,1.00,1.50
2018.04.23 10:44:35.265,9.62083,9.62249,1.00,1.00
2018.04.23 10:44:36.966,9.62083,9.62252,1.00,1.00
2018.04.23 10:44:37.018,9.62083,9.62249,1.00,1.00
2018.04.23 10:44:41.875,9.62072,9.6223,1.00,1.00
2018.04.23 10:44:42.027,9.62072,9.62242,1.00,1.00
2018.04.23 10:44:42.430,9.62072,9.62219,1.00,1.00
2018.04.23 10:44:42.635,9.62062,9.62219,1.00,1.00
2018.04.23 10:44:42.789,9.62062,9.6223,1.00,1.00
2018.04.23 10:44:42.894,9.62062,9.62219,1.00,1.00
2018.04.23 10:44:44.107,9.62063,9.62219,1.00,1.00
2018.04.23 10:44:44.525,9.62051,9.62219,1.00,1.00
2018.04.23 10:44:47.740,9.62051,9.62241,1.50,1.00
2018.04.23 10:44:47.791,9.62066,9.62241,1.00,1.00
2018.04.23 10:44:48.954,9.62066,9.62224,1.00,1.00
2018.04.23 10:44:49.005,9.62066,9.62241,1.00,1.00
2018.04.23 10:44:50.590,9.62066,9.62244,1.00,1.00
2018.04.23 10:44:51.758,9.62066,9.62225,1.00,1.00
2018.04.23 10:44:52.893,9.62066,9.62244,1.00,1.00
2018.04.23 10:44:54.048,9.62069,9.62244,1.00,1.00
2018.04.23 10:44:55.361,9.62059,9.62244,1.00,1.00
2018.04.23 10:44:55.482,9.62069,9.62244,1.00,1.00
2018.04.23 10:44:58.332,9.62069,9.62224,1.00,1.00
2018.04.23 10:44:58.638,9.62069,9.62244,1.00,1.50
2018.04.23 10:45:09.128,9.62072,9.62244,1.00,1.50
2018.04.23 10:45:10.270,9.62059,9.62244,1.00,1.50
2018.04.23 10:45:10.577,9.62067,9.62244,1.00,1.50
2018.04.23 10:45:10.730,9.62059,9.62244,1.00,1.50
2018.04.23 10:45:10.781,9.62067,9.62244,1.00,1.50
2018.04.23 10:45:11.008,9.62059,9.6224,1.00,1.00
2018.04.23 10:45:11.635,9.62068,9.6224,1.00,1.00
2018.04.23 10:45:12.036,9.62068,9.6224,1.60,1.00
2018.04.23 10:45:12.088,9.62068,9.62244,1.00,1.00
2018.04.23 10:45:14.165,9.62072,9.62244,1.00,1.00
2018.04.23 10:45:26.725,9.62072,9.62235,1.00,1.00
2018.04.23 10:45:26.776,9.62062,9.62235,1.00,1.00
2018.04.23 10:45:26.878,9.6206,9.62235,1.00,1.00
2018.04.23 10:45:27.781,9.62052,9.62225,1.50,1.00
2018.04.23 10:45:28.252,9.62075,9.62241,1.00,1.00
2018.04.23 10:45:39.138,9.62077,9.62241,1.00,1.00
2018.04.23 10:45:44.233,9.62078,9.62241,1.00,1.00
2018.04.23 10:45:54.182,9.62079,9.62241,1.00,1.00
2018.04.23 10:45:58.576,9.62068,9.62241,1.00,1.00
2018.04.23 10:45:59.306,9.62063,9.62241,1.00,1.00
2018.04.23 10:45:59.822,9.62053,9.62241,1.00,1.00
2018.04.23 10:46:00.227,9.6206,9.62241,1.00,1.00
2018.04.23 10:46:01.221,9.62064,9.62241,1.00,1.00
2018.04.23 10:46:01.526,9.62085,9.62252,1.00,1.00
2018.04.23 10:46:03.030,9.62073,9.62252,1.00,1.00
2018.04.23 10:46:03.082,9.62064,9.62252,1.00,1.00
2018.04.23 10:46:03.133,9.62064,9.62234,1.00,1.00
2018.04.23 10:46:05.018,9.62073,9.62234,1.00,1.00
2018.04.23 10:46:05.180,9.62073,9.6224,1.00,1.00
2018.04.23 10:46:06.332,9.62082,9.6224,1.00,1.00
2018.04.23 10:46:07.222,9.62072,9.6224,1.00,1.00
2018.04.23 10:46:07.576,9.62072,9.62235,1.00,1.00
2018.04.23 10:46:09.266,9.62076,9.62235,1.00,1.00
2018.04.23 10:46:09.717,9.62084,9.62235,1.00,1.00
2018.04.23 10:46:10.391,9.62076,9.62235,1.00,1.00
2018.04.23 10:46:10.890,9.62076,9.62248,1.00,1.00
2018.04.23 10:46:10.942,9.62088,9.62248,1.00,1.00
2018.04.23 10:46:12.241,9.62077,9.62265,1.00,1.00
2018.04.23 10:46:13.112,9.62076,9.62249,1.00,1.00
2018.04.23 10:46:13.677,9.62077,9.62265,1.00,1.00
2018.04.23 10:46:15.680,9.62092,9.62265,1.00,1.00
2018.04.23 10:46:21.874,9.62081,9.62269,1.00,1.00
2018.04.23 10:46:22.692,9.62097,9.62269,1.00,1.00
2018.04.23 10:46:29.315,9.62095,9.62269,1.00,1.00
2018.04.23 10:46:39.258,9.62105,9.62269,1.00,1.00
2018.04.23 10:46:44.345,9.62091,9.62269,1.00,1.00
2018.04.23 10:46:54.305,9.62096,9.62269,1.00,1.00
2018.04.23 10:46:54.667,9.6211,9.62269,1.00,1.00
2018.04.23 10:46:58.641,9.6211,9.62266,1.00,1.00
2018.04.23 10:46:59.375,9.62107,9.62266,1.00,1.00
2018.04.23 10:47:07.955,9.62096,9.62257,1.00,1.00
2018.04.23 10:47:08.175,9.62096,9.62249,1.00,1.00
2018.04.23 10:47:08.571,9.62096,9.62257,1.00,1.00
2018.04.23 10:47:08.643,9.62096,9.62249,1.00,1.00
2018.04.23 10:47:08.793,9.62096,9.62257,1.00,1.00
2018.04.23 10:47:08.846,9.62096,9.62249,1.00,1.00
2018.04.23 10:47:09.370,9.62099,9.62249,1.00,1.00
2018.04.23 10:47:12.859,9.62099,9.62257,1.00,1.00
2018.04.23 10:47:14.430,9.621,9.62257,1.00,1.00
2018.04.23 10:47:17.870,9.621,9.62249,1.00,1.00
2018.04.23 10:47:17.922,9.621,9.62257,1.00,1.00
2018.04.23 10:47:18.672,9.621,9.62265,1.00,1.00
2018.04.23 10:47:19.953,9.621,9.62249,1.00,1.00
2018.04.23 10:47:24.378,9.62098,9.62249,1.00,1.00
2018.04.23 10:47:25.013,9.62059,9.62215,1.00,1.00
2018.04.23 10:47:25.065,9.62044,9.62215,1.00,1.00
2018.04.23 10:47:25.117,9.62036,9.62191,1.00,1.00
2018.04.23 10:47:25.168,9.62018,9.62191,1.07,1.00
2018.04.23 10:47:27.054,9.62003,9.6217,1.00,1.00
2018.04.23 10:47:27.157,9.61992,9.6217,1.00,1.00
2018.04.23 10:47:27.209,9.61982,9.62149,1.00,1.00
2018.04.23 10:47:27.313,9.6195,9.62127,1.00,1.00
2018.04.23 10:47:27.564,9.61939,9.62127,1.00,1.00
2018.04.23 10:47:27.617,9.61939,9.62116,1.00,1.00
2018.04.23 10:47:28.023,9.6195,9.62116,1.00,1.00
2018.04.23 10:47:28.332,9.61953,9.62116,1.00,1.00
2018.04.23 10:47:28.384,9.61964,9.62138,1.00,1.00
2018.04.23 10:47:28.435,9.61982,9.62145,1.00,1.00
2018.04.23 10:47:29.444,9.61976,9.62145,1.00,1.00
2018.04.23 10:47:29.783,9.61976,9.62135,1.00,1.00
2018.04.23 10:47:30.113,9.61976,9.6213,1.00,1.00
2018.04.23 10:47:31.013,9.61979,9.6213,1.00,1.00
2018.04.23 10:47:31.065,9.61976,9.6213,1.00,1.00
2018.04.23 10:47:31.117,9.61995,9.62145,1.00,1.00
2018.04.23 10:47:31.168,9.62024,9.62178,1.00,1.00
2018.04.23 10:47:31.475,9.62012,9.62157,1.00,1.00
2018.04.23 10:47:31.527,9.62001,9.62157,1.00,1.00
2018.04.23 10:47:31.578,9.62001,9.62144,1.00,1.00
2018.04.23 10:47:31.681,9.61991,9.62144,1.00,1.00
2018.04.23 10:47:32.262,9.61991,9.6214,1.00,1.00
2018.04.23 10:47:32.694,9.61983,9.6214,1.00,1.00
2018.04.23 10:47:32.798,9.61983,9.6213,1.00,1.00
2018.04.23 10:47:32.901,9.6198,9.6213,1.00,1.00
2018.04.23 10:47:39.378,9.61973,9.6213,1.10,1.00
2018.04.23 10:47:49.641,9.61974,9.6213,1.00,1.00
2018.04.23 10:47:50.178,9.61971,9.6213,1.07,1.00
2018.04.23 10:47:51.934,9.61971,9.6213,1.07,1.00
2018.04.23 10:47:52.448,9.61971,9.6213,1.07,1.00
2018.04.23 10:47:53.822,9.61971,9.62123,1.07,1.00
2018.04.23 10:47:53.874,9.61951,9.62123,1.00,1.00
2018.04.23 10:47:54.410,9.61953,9.62123,1.00,1.00
2018.04.23 10:47:56.880,9.61953,9.62129,1.00,1.00
2018.04.23 10:47:59.509,9.6195,9.62129,1.00,1.00
2018.04.23 10:48:01.562,9.6195,9.62127,1.00,1.00
2018.04.23 10:48:03.632,9.61958,9.62127,1.00,1.00
2018.04.23 10:48:05.720,9.61948,9.62127,1.00,1.00
2018.04.23 10:48:05.924,9.61954,9.62127,1.00,1.00
2018.04.23 10:48:05.975,9.61952,9.62127,1.00,1.00
2018.04.23 10:48:06.090,9.61952,9.62131,1.00,1.00
2018.04.23 10:48:06.142,9.61941,9.62131,1.00,1.00
2018.04.23 10:48:06.194,9.61941,9.62126,1.00,1.00
2018.04.23 10:48:06.500,9.61953,9.62126,1.00,1.00
2018.04.23 10:48:09.438,9.61944,9.62126,1.00,1.00
2018.04.23 10:48:10.118,9.61943,9.62126,1.00,1.00
2018.04.23 10:48:10.304,9.61943,9.62121,1.00,1.00
2018.04.23 10:48:12.661,9.61954,9.62121,1.00,1.00
2018.04.23 10:48:14.439,9.61942,9.62121,1.00,1.00
2018.04.23 10:48:16.163,9.61942,9.62107,1.00,1.00
2018.04.23 10:48:16.215,9.61921,9.62107,1.00,1.00
2018.04.23 10:48:22.980,9.61921,9.62082,1.00,1.00
2018.04.23 10:48:23.032,9.61909,9.62077,1.00,1.00
2018.04.23 10:48:23.085,9.61897,9.62062,1.00,1.00
2018.04.23 10:48:24.561,9.61888,9.62062,1.00,1.00
2018.04.23 10:48:26.435,9.61888,9.62047,1.00,1.00
2018.04.23 10:48:29.519,9.61888,9.62053,1.00,1.00
2018.04.23 10:48:30.259,9.61887,9.62053,1.00,1.00
2018.04.23 10:48:37.069,9.61887,9.62046,1.00,1.00
2018.04.23 10:48:39.509,9.61888,9.62046,1.00,1.00
2018.04.23 10:48:42.634,9.61888,9.62052,1.00,1.00
2018.04.23 10:48:44.607,9.61884,9.62052,1.00,1.00
2018.04.23 10:48:46.805,9.61884,9.62047,1.00,1.00
2018.04.23 10:48:47.951,9.61884,9.62036,1.00,1.00
2018.04.23 10:48:48.662,9.61874,9.62036,1.50,1.00
2018.04.23 10:48:48.867,9.61863,9.62036,1.00,1.00
2018.04.23 10:48:51.919,9.61854,9.62022,1.00,1.00
2018.04.23 10:48:52.906,9.61864,9.62022,1.00,1.00
2018.04.23 10:48:53.316,9.61864,9.62011,1.00,1.00
2018.04.23 10:48:54.202,9.61864,9.62024,1.00,1.00
2018.04.23 10:48:56.617,9.61864,9.62017,1.00,1.00
2018.04.23 10:48:58.860,9.61864,9.62022,1.00,1.00
2018.04.23 10:49:02.154,9.61874,9.62022,1.00,1.00
2018.04.23 10:49:02.205,9.61874,9.62032,1.00,1.00
2018.04.23 10:49:04.929,9.61864,9.62032,1.00,1.00
2018.04.23 10:49:07.038,9.61864,9.6202,1.00,1.00
2018.04.23 10:49:07.577,9.61856,9.6202,1.00,1.00
2018.04.23 10:49:09.558,9.61859,9.6202,1.00,1.00
2018.04.23 10:49:09.949,9.61851,9.62026,1.00,1.00
2018.04.23 10:49:10.000,9.61844,9.62011,1.00,1.00
2018.04.23 10:49:11.752,9.61844,9.62018,1.00,1.00
2018.04.23 10:49:15.331,9.61844,9.62009,1.00,1.00
2018.04.23 10:49:16.261,9.61843,9.62009,1.50,1.00
2018.04.23 10:49:18.119,9.61843,9.62015,1.50,1.00
2018.04.23 10:49:24.637,9.61845,9.62015,1.00,1.00
2018.04.23 10:49:29.675,9.61846,9.62015,1.00,1.00
2018.04.23 10:49:35.392,9.61847,9.62015,1.00,1.00
2018.04.23 10:49:35.965,9.61847,9.62021,1.00,1.00
2018.04.23 10:49:39.636,9.6185,9.62021,1.00,1.00
2018.04.23 10:49:44.033,9.6185,9.62015,1.00,1.00
2018.04.23 10:49:44.705,9.61846,9.62015,1.00,1.00
2018.04.23 10:49:46.914,9.61846,9.6201,1.00,1.00
2018.04.23 10:49:48.841,9.61843,9.6201,1.00,1.00
2018.04.23 10:49:49.122,9.61837,9.6201,1.00,1.00
2018.04.23 10:49:52.266,9.61837,9.62007,1.00,1.00
2018.04.23 10:49:53.068,9.61837,9.62,1.00,1.00
2018.04.23 10:49:53.121,9.61827,9.62,1.00,1.00
2018.04.23 10:49:53.173,9.61824,9.62,1.00,1.00
2018.04.23 10:49:53.512,9.61834,9.62,1.00,1.00
2018.04.23 10:49:53.564,9.61824,9.62,1.00,1.60
2018.04.23 10:49:53.615,9.61777,9.61961,1.00,1.60
2018.04.23 10:49:53.929,9.61795,9.61959,1.00,1.00
2018.04.23 10:49:54.669,9.61793,9.61959,1.00,1.00
2018.04.23 10:49:55.399,9.61793,9.61952,1.00,1.00
2018.04.23 10:49:55.654,9.61793,9.61959,1.00,1.00
2018.04.23 10:49:55.705,9.61793,9.61951,1.00,1.00
2018.04.23 10:49:55.756,9.61794,9.61959,1.00,1.00
2018.04.23 10:49:56.928,9.61793,9.61966,1.00,1.00
2018.04.23 10:49:59.068,9.61793,9.6197,1.00,1.00
2018.04.23 10:49:59.182,9.61806,9.6197,1.00,1.00
2018.04.23 10:50:04.292,9.61796,9.61963,1.00,1.00
2018.04.23 10:50:07.536,9.61796,9.61969,1.00,1.00
2018.04.23 10:50:07.588,9.61814,9.61969,1.00,1.00
2018.04.23 10:50:09.678,9.61806,9.61969,1.00,1.00
2018.04.23 10:50:12.729,9.61827,9.61976,1.00,1.00
2018.04.23 10:50:12.932,9.61827,9.61995,1.00,1.00
2018.04.23 10:50:14.765,9.61824,9.61995,1.00,1.00
2018.04.23 10:50:17.216,9.61824,9.61993,1.00,1.00
2018.04.23 10:50:21.109,9.61837,9.62001,1.00,1.00
2018.04.23 10:50:23.672,9.61837,9.62006,1.00,1.00
2018.04.23 10:50:24.573,9.61846,9.62006,1.00,1.00
2018.04.23 10:50:24.731,9.61843,9.62006,1.00,1.00
2018.04.23 10:50:26.393,9.61845,9.62015,1.00,1.00
2018.04.23 10:50:27.289,9.61845,9.62007,1.00,1.00
2018.04.23 10:50:29.938,9.61848,9.62007,1.00,1.00
2018.04.23 10:50:30.745,9.61848,9.62015,1.00,1.00
2018.04.23 10:50:34.987,9.61854,9.62023,1.00,1.00
2018.04.23 10:50:37.073,9.61854,9.62034,1.00,1.00
2018.04.23 10:50:39.744,9.61854,9.6203,1.00,1.00
2018.04.23 10:50:39.848,9.61854,9.62038,1.00,1.00
2018.04.23 10:50:40.227,9.61854,9.62051,2.10,1.00
2018.04.23 10:50:40.278,9.61854,9.62051,2.10,1.00
2018.04.23 10:50:40.330,9.61859,9.62051,1.35,1.50
2018.04.23 10:50:41.894,9.61859,9.62044,1.00,1.00
2018.04.23 10:50:44.878,9.61859,9.62038,1.00,1.00
2018.04.23 10:50:48.150,9.61859,9.62043,1.00,1.00
2018.04.23 10:50:52.264,9.61859,9.62034,1.00,1.00
2018.04.23 10:50:55.750,9.61859,9.62039,1.00,1.00
2018.04.23 10:50:57.574,9.61864,9.62039,1.00,1.00
2018.04.23 10:50:57.997,9.61879,9.62043,1.00,1.00
2018.04.23 10:51:01.572,9.61879,9.62054,1.00,1.00
2018.04.23 10:51:04.969,9.61869,9.62051,1.00,1.00
2018.04.23 10:51:09.987,9.61879,9.62054,1.00,1.00
2018.04.23 10:51:10.633,9.61869,9.62051,1.50,1.00
2018.04.23 10:51:10.684,9.61879,9.62054,1.00,1.00
2018.04.23 10:51:19.304,9.61895,9.62054,1.00,1.00
2018.04.23 10:51:24.118,9.61882,9.62065,1.00,1.00
2018.04.23 10:51:24.169,9.61899,9.62065,1.00,1.00
2018.04.23 10:51:24.221,9.61899,9.62084,1.00,1.00
2018.04.23 10:51:27.912,9.61899,9.6209,1.00,1.00
2018.04.23 10:51:38.981,9.61899,9.62079,1.00,1.00
2018.04.23 10:51:43.786,9.61925,9.62079,1.00,1.00
2018.04.23 10:51:43.838,9.61948,9.62107,1.00,1.00
2018.04.23 10:51:43.890,9.61958,9.62126,1.60,1.00
2018.04.23 10:51:43.943,9.6196,9.62126,1.60,1.00
2018.04.23 10:51:43.995,9.61974,9.62142,1.60,1.00
2018.04.23 10:51:44.048,9.61984,9.62153,1.60,1.00
2018.04.23 10:51:44.099,9.61995,9.62153,1.00,1.00
2018.04.23 10:51:44.152,9.62008,9.6217,1.60,1.00
2018.04.23 10:51:44.204,9.62008,9.6217,1.00,1.00
2018.04.23 10:51:44.337,9.61997,9.6217,1.00,1.00
2018.04.23 10:51:44.974,9.61998,9.6217,1.00,1.00
2018.04.23 10:51:46.040,9.61998,9.62162,1.00,1.00
2018.04.23 10:51:54.939,9.6199,9.62162,1.00,1.00
2018.04.23 10:51:57.159,9.6199,9.62161,1.00,1.00
2018.04.23 10:51:57.211,9.62009,9.62179,1.00,1.00
2018.04.23 10:51:57.544,9.62027,9.62179,1.00,1.00
2018.04.23 10:51:57.595,9.62027,9.62198,1.00,1.00
2018.04.23 10:51:58.050,9.62043,9.62198,1.00,1.00
2018.04.23 10:51:58.307,9.62043,9.62201,1.00,1.00
2018.04.23 10:51:58.409,9.62043,9.62195,1.00,1.00
2018.04.23 10:51:59.975,9.62044,9.62195,1.00,1.00
2018.04.23 10:52:03.121,9.62047,9.62201,1.00,1.00
2018.04.23 10:52:03.172,9.62047,9.62203,1.00,1.00
2018.04.23 10:52:04.703,9.62047,9.62206,1.00,1.00
2018.04.23 10:52:04.756,9.62047,9.62213,1.00,1.00
2018.04.23 10:52:06.984,9.62045,9.62206,1.00,1.00
2018.04.23 10:52:07.138,9.6205,9.62224,1.00,1.00
2018.04.23 10:52:07.190,9.62073,9.62254,1.00,1.00
2018.04.23 10:52:07.242,9.62084,9.6228,1.00,1.00
2018.04.23 10:52:07.345,9.62093,9.62283,1.00,1.00
2018.04.23 10:52:07.652,9.62083,9.62251,1.00,1.00
2018.04.23 10:52:09.352,9.62099,9.62251,1.00,1.00
2018.04.23 10:52:09.456,9.62085,9.62251,1.00,1.00
2018.04.23 10:52:10.260,9.62075,9.62231,1.00,1.00
2018.04.23 10:52:11.752,9.62064,9.62231,1.00,1.00
2018.04.23 10:52:15.053,9.62069,9.62231,1.00,1.00
2018.04.23 10:52:17.598,9.62063,9.62238,1.00,1.00
2018.04.23 10:52:17.650,9.62063,9.62211,1.00,1.00
2018.04.23 10:52:17.755,9.62063,9.62223,1.00,1.00
2018.04.23 10:52:17.806,9.62058,9.62223,1.00,1.00
2018.04.23 10:52:17.909,9.62058,9.62206,1.00,1.00
2018.04.23 10:52:18.245,9.62058,9.62223,1.00,1.00
2018.04.23 10:52:19.170,9.62058,9.62214,1.00,1.00
2018.04.23 10:52:22.632,9.62058,9.62213,1.00,1.00
2018.04.23 10:52:22.933,9.62063,9.62213,1.00,1.00
2018.04.23 10:52:23.126,9.62053,9.62213,1.00,1.00
2018.04.23 10:52:27.565,9.62077,9.62226,1.00,1.00
2018.04.23 10:52:27.616,9.62077,9.62246,1.00,1.00
2018.04.23 10:52:27.668,9.62093,9.6226,1.00,1.00
2018.04.23 10:52:28.189,9.62093,9.62256,1.00,1.00
2018.04.23 10:52:29.956,9.62093,9.62274,1.00,1.00
2018.04.23 10:52:30.007,9.62093,9.62256,1.00,1.00
2018.04.23 10:52:30.059,9.62085,9.62256,1.00,1.00
2018.04.23 10:52:30.503,9.62096,9.62256,1.00,1.00
2018.04.23 10:52:34.561,9.62096,9.62257,1.00,1.00
2018.04.23 10:52:34.613,9.62086,9.62257,1.00,1.00
2018.04.23 10:52:34.767,9.62097,9.62257,1.00,1.00
2018.04.23 10:52:36.868,9.62118,9.62276,1.00,1.00
2018.04.23 10:52:37.624,9.62118,9.62293,1.00,1.00
2018.04.23 10:52:39.979,9.62126,9.62293,1.00,1.00
2018.04.23 10:52:51.543,9.62126,9.62289,1.00,1.00
2018.04.23 10:52:55.009,9.62124,9.62289,1.00,1.00
2018.04.23 10:52:55.405,9.62116,9.62289,1.00,1.00
2018.04.23 10:52:56.608,9.62131,9.62289,1.00,1.00
2018.04.23 10:53:00.095,9.62129,9.62289,1.00,1.00
2018.04.23 10:53:02.717,9.62129,9.62295,1.00,1.00
2018.04.23 10:53:04.243,9.62129,9.62286,1.00,1.00
2018.04.23 10:53:05.943,9.62096,9.62286,1.00,1.00
2018.04.23 10:53:05.995,9.62062,9.62255,1.00,1.60
2018.04.23 10:53:06.150,9.62048,9.62231,1.00,1.60
2018.04.23 10:53:06.202,9.62017,9.62213,1.00,1.00
2018.04.23 10:53:07.851,9.61988,9.6217,1.00,1.00
2018.04.23 10:53:07.953,9.61989,9.62185,1.00,1.60
2018.04.23 10:53:08.004,9.61989,9.62185,1.00,1.00
2018.04.23 10:53:08.055,9.62,9.62196,1.00,1.00
2018.04.23 10:53:08.426,9.6197,9.62166,1.00,1.00
2018.04.23 10:53:08.735,9.6197,9.62166,1.00,1.60
2018.04.23 10:53:08.838,9.61955,9.62151,1.00,1.00
2018.04.23 10:53:08.889,9.61965,9.62161,1.00,1.00
2018.04.23 10:53:09.199,9.61953,9.62116,1.00,1.00
2018.04.23 10:53:09.251,9.61924,9.621,1.00,2.10
2018.04.23 10:53:09.302,9.61906,9.62096,1.00,2.10
2018.04.23 10:53:09.354,9.61884,9.62073,1.00,1.60
2018.04.23 10:53:09.672,9.61884,9.62051,1.00,1.60
2018.04.23 10:53:09.980,9.61884,9.62052,1.00,1.00
2018.04.23 10:53:10.032,9.61884,9.62068,1.00,1.00
2018.04.23 10:53:10.494,9.61873,9.62068,1.00,1.00
2018.04.23 10:53:11.817,9.61873,9.62058,1.00,1.00
2018.04.23 10:53:11.920,9.61883,9.62069,1.00,1.00
2018.04.23 10:53:11.972,9.61884,9.62072,1.00,1.00
2018.04.23 10:53:15.125,9.61883,9.62071,1.00,1.00
2018.04.23 10:53:16.710,9.61875,9.62071,1.00,1.00
2018.04.23 10:53:16.761,9.61875,9.62065,1.00,1.00
2018.04.23 10:53:18.764,9.61874,9.62065,1.50,1.00
2018.04.23 10:53:19.305,9.61874,9.62054,1.00,1.00
2018.04.23 10:53:20.353,9.61884,9.62064,1.00,1.00
2018.04.23 10:53:20.404,9.61894,9.62083,1.00,1.00
2018.04.23 10:53:20.456,9.61911,9.62083,1.00,1.00
2018.04.23 10:53:20.507,9.61901,9.62081,1.00,1.00
2018.04.23 10:53:20.559,9.61901,9.62097,1.00,1.50
2018.04.23 10:53:20.712,9.6189,9.62086,1.00,1.00
2018.04.23 10:53:22.653,9.6189,9.62083,1.00,1.00
2018.04.23 10:53:23.611,9.61908,9.62083,1.00,1.00
2018.04.23 10:53:23.714,9.61908,9.62095,1.00,1.00
2018.04.23 10:53:23.917,9.61897,9.62093,1.00,1.00
2018.04.23 10:53:24.760,9.61886,9.62082,1.00,1.00
2018.04.23 10:53:25.490,9.61896,9.62092,1.00,1.00
2018.04.23 10:53:25.797,9.61896,9.62086,1.00,1.00
2018.04.23 10:53:25.899,9.61886,9.62082,1.00,1.00
2018.04.23 10:53:27.366,9.61889,9.62085,1.00,1.00
2018.04.23 10:53:28.129,9.61889,9.6208,1.00,1.00
2018.04.23 10:53:28.436,9.61913,9.6208,1.00,1.00
2018.04.23 10:53:30.204,9.61913,9.62078,1.00,1.00
2018.04.23 10:53:31.292,9.61913,9.62065,1.00,1.00
2018.04.23 10:53:32.804,9.61884,9.62065,1.00,1.00
2018.04.23 10:53:32.908,9.61884,9.62043,1.00,1.00
2018.04.23 10:53:32.960,9.61854,9.62045,1.00,1.35
2018.04.23 10:53:33.012,9.61854,9.62026,1.00,1.35
2018.04.23 10:53:33.282,9.61771,9.61964,1.00,1.60
2018.04.23 10:53:33.333,9.61753,9.61946,1.00,1.60
2018.04.23 10:53:33.384,9.6176,9.61958,1.00,1.60
2018.04.23 10:53:33.438,9.61804,9.61992,1.00,1.60
2018.04.23 10:53:33.490,9.61804,9.61992,1.00,1.00
2018.04.23 10:53:33.541,9.61835,9.62017,1.00,1.00
2018.04.23 10:53:33.694,9.61835,9.62031,1.00,1.00
2018.04.23 10:53:33.745,9.61805,9.62001,1.00,1.00
2018.04.23 10:53:34.062,9.61785,9.61981,1.00,1.00
2018.04.23 10:53:34.390,9.61804,9.61962,1.00,1.00
2018.04.23 10:53:34.493,9.61784,9.61945,1.00,1.00
2018.04.23 10:53:36.061,9.61784,9.61944,1.00,1.00
2018.04.23 10:53:36.993,9.61794,9.61944,1.00,1.00
2018.04.23 10:53:37.044,9.61794,9.61957,1.00,1.00
2018.04.23 10:53:37.146,9.61764,9.61942,1.00,1.00
2018.04.23 10:53:37.197,9.61764,9.61953,1.00,1.00
2018.04.23 10:53:37.453,9.61757,9.61953,1.00,1.00
2018.04.23 10:53:38.094,9.61774,9.61953,1.00,1.00
2018.04.23 10:53:38.247,9.61774,9.61964,1.00,1.00
2018.04.23 10:53:40.129,9.61774,9.61961,1.00,1.00
2018.04.23 10:53:43.294,9.61784,9.61961,1.00,1.00
2018.04.23 10:53:43.396,9.61769,9.6196,1.00,1.00
2018.04.23 10:53:43.695,9.61765,9.6196,1.00,1.00
2018.04.23 10:53:45.008,9.61804,9.61972,1.00,1.00
2018.04.23 10:53:45.060,9.61804,9.6199,1.50,1.00
2018.04.23 10:53:45.112,9.61814,9.62008,1.00,1.00
2018.04.23 10:53:45.163,9.61816,9.62008,1.00,1.00
2018.04.23 10:53:45.471,9.61827,9.62008,1.00,1.00
2018.04.23 10:53:47.384,9.61827,9.62012,1.00,1.00
2018.04.23 10:53:47.702,9.61855,9.62035,1.00,1.00
2018.04.23 10:53:48.007,9.61869,9.62035,1.00,1.00
2018.04.23 10:53:49.329,9.61869,9.62044,1.00,1.00
2018.04.23 10:53:50.527,9.61869,9.62046,1.00,1.00
2018.04.23 10:53:50.579,9.61851,9.62046,1.00,1.00
2018.04.23 10:53:50.630,9.61875,9.62046,1.00,1.00
2018.04.23 10:53:50.886,9.61854,9.62046,1.00,1.00
2018.04.23 10:53:51.144,9.61854,9.62057,1.00,1.00
2018.04.23 10:53:54.342,9.61875,9.62057,1.00,1.00
2018.04.23 10:53:55.102,9.61875,9.62051,1.00,1.00
2018.04.23 10:53:55.153,9.61873,9.62056,1.00,1.00
2018.04.23 10:54:00.242,9.61872,9.62056,1.00,1.00
2018.04.23 10:54:02.297,9.61872,9.62058,1.00,1.00
2018.04.23 10:54:03.980,9.61864,9.62058,1.00,1.00
2018.04.23 10:54:04.032,9.61894,9.62061,1.00,1.00
2018.04.23 10:54:05.537,9.61894,9.62069,1.50,1.00
2018.04.23 10:54:10.510,9.61904,9.62069,1.00,1.00
2018.04.23 10:54:15.854,9.61904,9.62075,1.00,1.00
2018.04.23 10:54:16.163,9.61913,9.62096,1.00,1.00
2018.04.23 10:54:16.214,9.61924,9.62106,1.00,1.00
2018.04.23 10:54:16.266,9.61924,9.62117,1.50,1.00
2018.04.23 10:54:16.318,9.61956,9.62136,1.00,1.00
2018.04.23 10:54:16.654,9.61999,9.62166,1.00,1.00
2018.04.23 10:54:16.705,9.62009,9.62181,1.00,1.00
2018.04.23 10:54:16.857,9.6202,9.62181,1.00,1.00
2018.04.23 10:54:17.374,9.61969,9.62165,1.00,1.00
2018.04.23 10:54:17.425,9.61982,9.62169,1.00,1.00
2018.04.23 10:54:17.476,9.61962,9.62158,1.00,1.00
2018.04.23 10:54:17.528,9.61954,9.62142,1.00,1.00
2018.04.23 10:54:17.834,9.61944,9.62113,1.00,1.00
2018.04.23 10:54:18.057,9.61924,9.62113,1.00,1.00
2018.04.23 10:54:19.438,9.61924,9.62105,1.00,1.00
2018.04.23 10:54:19.743,9.61954,9.62105,1.00,1.00
2018.04.23 10:54:20.125,9.61944,9.62105,1.00,1.00
2018.04.23 10:54:22.310,9.61934,9.62105,1.00,1.00
2018.04.23 10:54:22.465,9.61919,9.62101,1.00,1.60
2018.04.23 10:54:22.516,9.61887,9.62085,1.00,2.10
2018.04.23 10:54:22.568,9.61887,9.62069,1.00,2.10
2018.04.23 10:54:22.620,9.61864,9.62048,1.00,1.60
2018.04.23 10:54:22.671,9.61864,9.62046,1.00,1.60
2018.04.23 10:54:22.723,9.61837,9.62034,1.00,1.60
2018.04.23 10:54:22.774,9.61834,9.62007,1.00,1.60
2018.04.23 10:54:22.826,9.61807,9.61996,1.00,2.85
2018.04.23 10:54:22.878,9.61823,9.61996,1.00,2.85
2018.04.23 10:54:23.811,9.61823,9.61984,1.00,1.00
2018.04.23 10:54:24.279,9.61823,9.61995,1.00,1.00
2018.04.23 10:54:24.434,9.61834,9.6199,1.00,1.00
2018.04.23 10:54:24.486,9.61834,9.62024,1.00,1.00
2018.04.23 10:54:24.611,9.61838,9.62024,1.00,1.00
2018.04.23 10:54:24.969,9.61842,9.62024,1.00,1.00
2018.04.23 10:54:25.021,9.61834,9.62024,1.00,1.00
2018.04.23 10:54:26.640,9.61834,9.62013,1.00,1.00
2018.04.23 10:54:26.691,9.61824,9.62013,1.00,1.00
2018.04.23 10:54:28.060,9.61824,9.62002,1.00,1.00
2018.04.23 10:54:29.013,9.61844,9.62002,1.00,1.00
2018.04.23 10:54:29.320,9.61844,9.61987,1.00,1.00
2018.04.23 10:54:32.859,9.61844,9.61994,1.00,1.00
2018.04.23 10:54:34.361,9.61864,9.61994,1.00,1.00
2018.04.23 10:54:34.414,9.61825,9.61994,1.40,1.00
2018.04.23 10:54:34.466,9.61855,9.62016,1.00,1.00
2018.04.23 10:54:34.517,9.61876,9.62049,1.00,1.00
2018.04.23 10:54:34.569,9.61887,9.62056,1.00,1.00
2018.04.23 10:54:37.258,9.61887,9.62049,1.00,1.00
2018.04.23 10:54:40.218,9.61884,9.62049,1.00,1.00
2018.04.23 10:54:44.618,9.61884,9.62056,1.50,1.00
2018.04.23 10:54:45.318,9.61889,9.62056,1.00,1.00
2018.04.23 10:54:52.128,9.61894,9.62063,1.00,1.00
2018.04.23 10:54:52.179,9.61904,9.62078,1.00,1.00
2018.04.23 10:54:53.941,9.61904,9.62072,1.00,1.00
2018.04.23 10:54:54.299,9.61934,9.62072,1.00,1.00
2018.04.23 10:54:54.453,9.61914,9.62085,1.00,1.00
2018.04.23 10:54:54.505,9.61917,9.62085,1.00,1.00
2018.04.23 10:54:55.258,9.61918,9.62085,1.00,1.00
2018.04.23 10:55:00.337,9.61917,9.62085,1.00,1.00
2018.04.23 10:55:00.664,9.61924,9.62085,1.00,1.00
2018.04.23 10:55:02.032,9.61917,9.62085,1.00,1.00
2018.04.23 10:55:02.541,9.61917,9.62093,1.00,1.00
2018.04.23 10:55:05.035,9.61914,9.62086,1.00,1.00
2018.04.23 10:55:06.544,9.61914,9.62075,1.00,1.00
2018.04.23 10:55:09.561,9.61904,9.6208,1.00,1.00
2018.04.23 10:55:13.021,9.61914,9.6208,1.00,1.00
2018.04.23 10:55:13.072,9.61914,9.62084,1.00,1.00
2018.04.23 10:55:14.324,9.61924,9.62084,1.00,1.00
2018.04.23 10:55:15.311,9.61924,9.62099,1.00,1.00
2018.04.23 10:55:15.412,9.61933,9.62099,1.00,1.00
2018.04.23 10:55:16.074,9.61944,9.62099,1.00,1.00
2018.04.23 10:55:16.229,9.61933,9.62099,1.00,1.00
2018.04.23 10:55:18.841,9.61936,9.62103,1.00,1.00
2018.04.23 10:55:21.320,9.61936,9.62108,1.00,1.00
2018.04.23 10:55:23.654,9.61936,9.62103,1.00,1.00
2018.04.23 10:55:25.308,9.61933,9.62103,1.00,1.00
2018.04.23 10:55:26.351,9.61933,9.62106,1.00,1.00
2018.04.23 10:55:27.406,9.61945,9.62106,1.00,1.00
2018.04.23 10:55:27.458,9.61945,9.62126,1.00,1.00
2018.04.23 10:55:30.465,9.61953,9.62126,1.00,1.00
2018.04.23 10:55:32.257,9.61953,9.62127,1.00,1.00
2018.04.23 10:55:33.429,9.61955,9.62127,1.00,1.00
2018.04.23 10:55:35.537,9.61955,9.62118,1.00,1.00
2018.04.23 10:55:35.657,9.61942,9.62118,1.00,1.00
2018.04.23 10:55:35.708,9.61941,9.62107,1.00,1.00
2018.04.23 10:55:36.676,9.61917,9.62093,1.00,1.00
2018.04.23 10:55:36.729,9.61883,9.62075,1.00,1.00
2018.04.23 10:55:36.781,9.61867,9.62058,1.00,1.00
2018.04.23 10:55:36.833,9.61864,9.62058,1.00,1.00
2018.04.23 10:55:36.884,9.61868,9.62058,1.00,1.00
2018.04.23 10:55:36.936,9.61857,9.62051,1.00,1.00
2018.04.23 10:55:36.988,9.61854,9.62042,1.50,1.00
2018.04.23 10:55:37.295,9.61854,9.62036,1.00,1.50
2018.04.23 10:55:37.636,9.61854,9.62022,1.00,1.00
2018.04.23 10:55:37.687,9.6184,9.62021,1.00,1.00
2018.04.23 10:55:38.013,9.61834,9.62012,1.00,1.00
2018.04.23 10:55:38.065,9.61828,9.62021,1.00,1.00
2018.04.23 10:55:38.117,9.61824,9.62005,1.50,1.00
2018.04.23 10:55:38.426,9.61855,9.62044,1.00,1.00
2018.04.23 10:55:38.477,9.61866,9.62044,1.00,1.00
2018.04.23 10:55:38.529,9.61866,9.62062,1.00,1.00
2018.04.23 10:55:38.580,9.61877,9.62063,1.00,1.00
2018.04.23 10:55:38.889,9.61866,9.62047,1.00,1.00
2018.04.23 10:55:40.029,9.61848,9.62046,1.00,1.00
2018.04.23 10:55:40.637,9.61848,9.6204,1.00,1.00
2018.04.23 10:55:47.993,9.61848,9.62035,1.00,1.00
2018.04.23 10:55:48.488,9.61863,9.62051,1.00,1.00
2018.04.23 10:55:49.002,9.61874,9.62051,1.00,1.00
2018.04.23 10:55:51.519,9.61874,9.62058,1.00,1.00
2018.04.23 10:55:55.368,9.61877,9.62058,1.00,1.00
2018.04.23 10:55:58.586,9.61884,9.62058,1.00,1.00
2018.04.23 10:55:58.957,9.61884,9.62052,1.00,1.00
2018.04.23 10:55:59.349,9.61877,9.62052,1.00,1.00
2018.04.23 10:56:00.259,9.61884,9.62052,1.00,1.00
2018.04.23 10:56:01.925,9.61877,9.62052,1.00,1.00
2018.04.23 10:56:02.668,9.61884,9.62052,1.00,1.00
2018.04.23 10:56:08.056,9.61877,9.62052,1.00,1.00
2018.04.23 10:56:08.764,9.61887,9.62063,1.00,1.00
2018.04.23 10:56:10.398,9.61888,9.62063,1.00,1.00
2018.04.23 10:56:12.354,9.61888,9.62072,1.00,1.00
2018.04.23 10:56:14.318,9.61905,9.62072,1.00,1.00
2018.04.23 10:56:22.149,9.61905,9.62064,1.00,1.00
2018.04.23 10:56:22.840,9.61894,9.62064,1.00,1.00
2018.04.23 10:56:23.257,9.61908,9.62098,1.00,1.00
2018.04.23 10:56:23.309,9.61902,9.62098,1.60,1.00
2018.04.23 10:56:23.411,9.61902,9.62098,1.60,1.00
2018.04.23 10:56:23.630,9.61902,9.62098,1.60,1.00
2018.04.23 10:56:23.828,9.61902,9.62098,1.35,1.00
2018.04.23 10:56:24.144,9.61904,9.62098,1.00,1.00
2018.04.23 10:56:24.580,9.61934,9.62098,1.00,1.00
2018.04.23 10:56:25.459,9.61934,9.62108,1.00,1.00
2018.04.23 10:56:28.984,9.61934,9.62116,1.00,1.00
2018.04.23 10:56:29.608,9.61941,9.62118,1.40,1.00
2018.04.23 10:56:29.821,9.61958,9.62126,1.22,1.00
2018.04.23 10:56:29.872,9.61958,9.62126,1.00,1.00
2018.04.23 10:56:30.515,9.6196,9.62126,1.00,1.00
2018.04.23 10:56:30.669,9.61934,9.62126,1.50,1.00
2018.04.23 10:56:33.911,9.61934,9.62125,1.00,1.00
2018.04.23 10:56:35.278,9.61959,9.62125,1.00,1.00
2018.04.23 10:56:36.634,9.61959,9.62128,1.00,1.00
2018.04.23 10:56:41.339,9.61955,9.62134,1.00,1.00
2018.04.23 10:56:41.392,9.61982,9.62158,1.00,1.00
2018.04.23 10:56:41.445,9.61975,9.62158,1.00,1.00
2018.04.23 10:56:41.496,9.61979,9.62158,1.00,1.00
2018.04.23 10:56:41.862,9.61994,9.62158,1.00,1.00
2018.04.23 10:56:42.362,9.61979,9.62158,1.00,1.00
2018.04.23 10:56:42.960,9.61979,9.6216,1.00,1.00
2018.04.23 10:56:43.313,9.61965,9.62152,1.00,1.00
2018.04.23 10:56:43.590,9.61979,9.6216,1.00,1.00
2018.04.23 10:56:43.895,9.61965,9.62151,1.00,1.00
2018.04.23 10:56:44.825,9.61979,9.62152,1.00,1.00
2018.04.23 10:56:44.877,9.61965,9.62151,1.00,1.00
2018.04.23 10:56:45.692,9.61979,9.62152,1.00,1.00
2018.04.23 10:56:46.655,9.61979,9.6216,1.00,1.00
2018.04.23 10:56:49.741,9.61965,9.62151,1.00,1.00
2018.04.23 10:56:49.792,9.61965,9.62148,1.00,1.00
2018.04.23 10:56:50.140,9.61979,9.62148,1.00,1.00
2018.04.23 10:56:51.105,9.61987,9.62162,1.00,1.00
2018.04.23 10:56:51.156,9.61997,9.62162,1.00,1.00
2018.04.23 10:56:54.018,9.61997,9.6217,1.00,1.00
2018.04.23 10:56:55.489,9.62,9.6217,1.00,1.00
2018.04.23 10:56:57.253,9.62,9.62171,1.00,1.00
2018.04.23 10:56:59.449,9.61973,9.62151,1.00,1.00
2018.04.23 10:57:01.650,9.61978,9.62166,1.00,1.00
2018.04.23 10:57:01.701,9.61973,9.62152,1.00,1.00
2018.04.23 10:57:03.864,9.61979,9.62166,1.00,1.00
2018.04.23 10:57:07.314,9.61979,9.6217,1.00,1.00
2018.04.23 10:57:09.861,9.62011,9.6218,1.00,1.00
2018.04.23 10:57:10.222,9.62009,9.6218,1.00,1.00
2018.04.23 10:57:15.782,9.62009,9.62173,1.00,1.00
2018.04.23 10:57:17.437,9.61983,9.62165,1.00,1.00
2018.04.23 10:57:17.562,9.61972,9.62139,1.00,1.00
2018.04.23 10:57:18.017,9.61979,9.62139,1.00,1.00
2018.04.23 10:57:19.354,9.61987,9.6215,1.00,1.00
2018.04.23 10:57:20.419,9.61984,9.6215,1.00,1.00
2018.04.23 10:57:22.104,9.61989,9.6215,1.00,1.00
2018.04.23 10:57:22.421,9.61976,9.62127,1.00,1.00
2018.04.23 10:57:25.548,9.61975,9.62127,1.00,1.00
2018.04.23 10:57:27.139,9.61975,9.62131,1.00,1.00
2018.04.23 10:57:29.068,9.61987,9.62137,1.00,1.00
2018.04.23 10:57:30.139,9.61987,9.62156,1.00,1.00
2018.04.23 10:57:30.686,9.61992,9.62156,1.00,1.00
2018.04.23 10:57:33.628,9.62009,9.62167,1.00,1.00
2018.04.23 10:57:33.680,9.61992,9.62167,1.00,1.00
2018.04.23 10:57:34.593,9.61992,9.62179,1.00,1.00
2018.04.23 10:57:36.211,9.62009,9.62179,1.00,1.00
2018.04.23 10:57:36.658,9.61992,9.62179,1.00,1.00
2018.04.23 10:57:39.770,9.62033,9.62179,1.00,1.00
2018.04.23 10:57:39.822,9.62033,9.62198,1.00,1.00
2018.04.23 10:57:39.874,9.62061,9.62223,1.00,1.00
2018.04.23 10:57:40.578,9.62059,9.62223,1.00,1.00
2018.04.23 10:57:40.874,9.62059,9.6223,1.00,1.00
2018.04.23 10:57:40.925,9.62043,9.6223,1.00,1.00
2018.04.23 10:57:41.510,9.62059,9.6223,1.00,1.00
2018.04.23 10:57:41.945,9.62077,9.62246,1.59,1.00
2018.04.23 10:57:42.049,9.62074,9.62251,1.37,1.00
2018.04.23 10:57:42.101,9.62109,9.62277,1.00,1.00
2018.04.23 10:57:42.152,9.62122,9.62314,1.00,1.00
2018.04.23 10:57:42.204,9.62133,9.62314,1.00,1.00
2018.04.23 10:57:42.559,9.62133,9.62305,1.00,1.00
2018.04.23 10:57:43.143,9.62117,9.62286,1.00,1.00
2018.04.23 10:57:43.244,9.62107,9.62281,1.00,1.00
2018.04.23 10:57:43.295,9.62095,9.62281,1.00,1.00
2018.04.23 10:57:43.399,9.62095,9.62272,1.00,1.00
2018.04.23 10:57:45.678,9.62093,9.62272,1.00,1.00
2018.04.23 10:57:51.091,9.62114,9.62272,1.00,1.00
2018.04.23 10:57:51.142,9.62114,9.62277,1.00,1.00
2018.04.23 10:57:52.509,9.62119,9.62294,1.00,1.00
2018.04.23 10:57:53.462,9.62119,9.62281,1.00,1.00
2018.04.23 10:57:53.618,9.62119,9.62294,1.00,1.00
2018.04.23 10:57:55.246,9.6214,9.62305,1.00,1.00
2018.04.23 10:57:56.157,9.6214,9.62322,1.00,1.00
2018.04.23 10:57:56.209,9.62152,9.62322,1.00,1.00
2018.04.23 10:58:00.712,9.62155,9.62322,1.00,1.00
2018.04.23 10:58:00.987,9.62155,9.62326,1.00,1.00
2018.04.23 10:58:08.752,9.62208,9.62379,1.00,1.00
2018.04.23 10:58:09.010,9.62272,9.6245,1.00,1.00
2018.04.23 10:58:09.266,9.62286,9.62454,1.00,1.00
2018.04.23 10:58:10.638,9.62281,9.62454,1.00,1.00
2018.04.23 10:58:11.292,9.62338,9.62517,1.00,1.00
2018.04.23 10:58:11.344,9.62334,9.6251,1.00,1.00
2018.04.23 10:58:11.396,9.62334,9.62524,1.00,1.00
2018.04.23 10:58:11.509,9.62339,9.62528,1.00,1.00
2018.04.23 10:58:11.815,9.62339,9.62524,1.00,1.00
2018.04.23 10:58:12.164,9.62349,9.6254,1.00,1.00
2018.04.23 10:58:12.317,9.62347,9.6254,1.00,1.00
2018.04.23 10:58:12.522,9.62356,9.6254,1.00,1.00
2018.04.23 10:58:14.684,9.62369,9.62556,1.00,1.00
2018.04.23 10:58:14.736,9.62419,9.62571,1.00,1.00
2018.04.23 10:58:14.890,9.62449,9.62629,1.60,1.00
2018.04.23 10:58:14.942,9.62459,9.62629,1.00,1.00
2018.04.23 10:58:14.994,9.62459,9.62649,1.00,1.00
2018.04.23 10:58:15.134,9.62472,9.62678,1.00,1.00
2018.04.23 10:58:15.237,9.62483,9.62674,1.00,1.00
2018.04.23 10:58:15.288,9.62472,9.62674,1.00,1.00
2018.04.23 10:58:15.747,9.62461,9.62674,1.00,1.00
2018.04.23 10:58:15.798,9.62452,9.62673,1.00,1.00
2018.04.23 10:58:15.850,9.62452,9.62673,1.00,1.60
2018.04.23 10:58:16.181,9.62452,9.62661,1.00,1.00
2018.04.23 10:58:16.528,9.62457,9.62661,1.00,1.00
2018.04.23 10:58:19.651,9.62457,9.62658,1.00,1.00
2018.04.23 10:58:20.142,9.62471,9.62658,1.00,1.00
2018.04.23 10:58:22.147,9.6245,9.62646,1.50,1.00
2018.04.23 10:58:22.403,9.6245,9.62646,1.57,1.00
2018.04.23 10:58:22.455,9.6245,9.62646,1.50,1.00
2018.04.23 10:58:23.157,9.62451,9.6264,1.00,1.00
2018.04.23 10:58:23.260,9.62451,9.62647,1.00,2.10
2018.04.23 10:58:23.311,9.62451,9.62647,1.00,2.10
2018.04.23 10:58:23.455,9.62429,9.62625,1.00,1.00
2018.04.23 10:58:23.867,9.62418,9.62614,1.00,1.00
2018.04.23 10:58:24.175,9.62385,9.62581,1.00,1.00
2018.04.23 10:58:24.483,9.62375,9.62571,1.00,1.00
2018.04.23 10:58:24.842,9.6238,9.62576,1.00,1.00
2018.04.23 10:58:25.192,9.6239,9.62582,1.00,1.00
2018.04.23 10:58:26.029,9.62379,9.62575,1.00,1.00
2018.04.23 10:58:27.382,9.62376,9.62572,1.00,1.00
2018.04.23 10:58:28.487,9.62363,9.62559,1.00,1.00
2018.04.23 10:58:30.814,9.62354,9.62552,1.00,1.00
2018.04.23 10:58:35.112,9.62371,9.6256,1.00,1.00
2018.04.23 10:58:35.419,9.62384,9.62559,1.00,1.00
2018.04.23 10:58:35.726,9.62397,9.62576,1.00,1.00
2018.04.23 10:58:37.958,9.62397,9.62582,1.00,1.00
2018.04.23 10:58:38.377,9.62397,9.62593,1.00,1.00
2018.04.23 10:58:40.311,9.62397,9.62588,1.00,1.00
2018.04.23 10:58:40.699,9.62403,9.62588,1.00,1.00
2018.04.23 10:58:42.336,9.62393,9.62587,1.00,2.10
2018.04.23 10:58:42.387,9.62393,9.62568,1.00,1.00
2018.04.23 10:58:42.489,9.62373,9.62557,1.50,1.00
2018.04.23 10:58:42.793,9.62384,9.62557,1.00,1.00
2018.04.23 10:58:42.844,9.62384,9.62563,1.00,1.00
2018.04.23 10:58:43.724,9.62404,9.62571,1.00,1.00
2018.04.23 10:58:43.827,9.62404,9.62583,1.00,1.00
2018.04.23 10:58:44.134,9.62407,9.62583,1.00,1.00
2018.04.23 10:58:48.557,9.62407,9.62594,1.00,1.00
2018.04.23 10:58:55.728,9.62401,9.62594,1.00,1.00
2018.04.23 10:58:57.213,9.62404,9.62594,1.00,1.00
2018.04.23 10:58:58.136,9.62412,9.62598,1.00,1.50
2018.04.23 10:58:58.463,9.62423,9.62613,1.00,1.00
2018.04.23 10:59:00.815,9.62418,9.62613,1.00,1.00
2018.04.23 10:59:02.272,9.62418,9.62609,1.00,1.00
2018.04.23 10:59:06.105,9.62434,9.62607,1.00,1.00
2018.04.23 10:59:06.157,9.6242,9.62607,1.00,1.00
2018.04.23 10:59:06.618,9.6242,9.62604,1.00,1.00
2018.04.23 10:59:07.315,9.62425,9.62565,1.00,1.60
2018.04.23 10:59:07.367,9.62376,9.62572,1.00,1.00
2018.04.23 10:59:07.419,9.62357,9.6256,1.00,1.00
2018.04.23 10:59:07.471,9.62359,9.62555,1.00,1.00
2018.04.23 10:59:07.782,9.62326,9.62522,1.00,1.00
2018.04.23 10:59:08.088,9.62312,9.62508,1.00,1.00
2018.04.23 10:59:08.394,9.62298,9.62494,1.00,1.00
2018.04.23 10:59:08.700,9.62259,9.62455,1.00,1.00
2018.04.23 10:59:10.758,9.6225,9.62446,1.00,1.00
2018.04.23 10:59:11.248,9.62248,9.62444,1.00,1.00
2018.04.23 10:59:12.123,9.62242,9.62434,1.00,1.00
2018.04.23 10:59:12.224,9.62237,9.62433,1.00,1.00
2018.04.23 10:59:15.462,9.62253,9.62427,1.00,1.00
2018.04.23 10:59:15.768,9.62253,9.62411,1.00,1.00
2018.04.23 10:59:15.965,9.62244,9.62411,1.00,1.00
2018.04.23 10:59:16.016,9.62244,9.62401,1.00,1.00
2018.04.23 10:59:16.677,9.62234,9.62401,1.00,1.00
2018.04.23 10:59:16.981,9.62205,9.62397,1.00,1.00
2018.04.23 10:59:17.032,9.62191,9.62387,1.00,1.00
2018.04.23 10:59:17.134,9.62191,9.62374,1.00,1.00
2018.04.23 10:59:17.237,9.62169,9.62365,1.00,1.00
2018.04.23 10:59:17.288,9.62169,9.62361,1.00,1.00
2018.04.23 10:59:17.410,9.62181,9.62374,1.00,1.00
2018.04.23 10:59:17.563,9.62195,9.62374,1.00,1.00
2018.04.23 10:59:17.614,9.62184,9.62374,1.00,1.00
2018.04.23 10:59:17.716,9.62174,9.6237,1.00,1.00
2018.04.23 10:59:17.921,9.62176,9.62372,1.00,1.00
2018.04.23 10:59:19.560,9.62176,9.62366,1.00,1.00
2018.04.23 10:59:19.869,9.62156,9.62354,1.00,1.00
2018.04.23 10:59:20.934,9.62147,9.62343,1.00,1.00
2018.04.23 10:59:21.293,9.62164,9.62357,1.00,1.00
2018.04.23 10:59:21.886,9.62164,9.62346,1.00,1.00
2018.04.23 10:59:23.129,9.62184,9.62346,1.00,1.00
2018.04.23 10:59:23.675,9.62184,9.62347,1.00,1.00
2018.04.23 10:59:24.165,9.62184,9.62336,1.00,1.00
2018.04.23 10:59:24.277,9.62174,9.62336,1.00,1.00
2018.04.23 10:59:24.329,9.62174,9.6232,1.00,1.00
2018.04.23 10:59:24.635,9.62174,9.62315,1.00,1.00
2018.04.23 10:59:24.687,9.62164,9.62315,1.00,1.00
2018.04.23 10:59:25.811,9.62164,9.6232,1.00,1.50
2018.04.23 10:59:26.469,9.62164,9.6231,1.00,1.00
2018.04.23 10:59:26.818,9.62184,9.62324,1.00,1.00
2018.04.23 10:59:27.123,9.62193,9.62324,1.00,1.00
2018.04.23 10:59:28.876,9.62193,9.62331,1.00,1.00
2018.04.23 10:59:30.282,9.62193,9.62322,1.00,1.00
2018.04.23 10:59:31.940,9.62154,9.62331,1.00,1.00
2018.04.23 10:59:32.044,9.62175,9.62365,1.60,1.00
2018.04.23 10:59:32.174,9.62175,9.62365,1.60,1.00
2018.04.23 10:59:32.244,9.62243,9.62433,1.00,1.00
2018.04.23 10:59:32.296,9.62239,9.62433,1.00,1.00
2018.04.23 10:59:32.347,9.62228,9.62424,1.00,1.00
2018.04.23 10:59:32.399,9.6224,9.62433,1.00,1.00
2018.04.23 10:59:34.288,9.6224,9.62434,1.00,1.00
2018.04.23 10:59:34.596,9.6224,9.62436,1.00,1.00
2018.04.23 10:59:35.638,9.62251,9.62444,1.00,1.00
2018.04.23 10:59:36.240,9.62251,9.62447,1.00,1.00
2018.04.23 10:59:36.292,9.62264,9.62452,1.00,1.00
2018.04.23 10:59:36.630,9.62275,9.62452,1.00,1.00
2018.04.23 10:59:37.957,9.62292,9.62475,1.00,1.00
2018.04.23 10:59:39.755,9.62281,9.62475,1.00,1.00
2018.04.23 10:59:39.858,9.62281,9.62465,1.00,1.00
2018.04.23 10:59:40.171,9.62262,9.62465,1.00,1.00
2018.04.23 10:59:40.828,9.62261,9.62457,1.00,1.00
2018.04.23 10:59:43.510,9.62264,9.62457,1.00,1.50
2018.04.23 10:59:44.365,9.62278,9.62463,1.00,1.00
2018.04.23 10:59:45.087,9.62282,9.62463,1.00,1.00
2018.04.23 10:59:47.448,9.62292,9.62463,1.00,1.00
2018.04.23 10:59:47.499,9.62292,9.62473,1.00,1.00
2018.04.23 10:59:49.014,9.62302,9.62482,1.00,1.00
2018.04.23 10:59:49.347,9.62326,9.62502,1.00,1.00
2018.04.23 10:59:49.449,9.62337,9.62523,1.00,1.00
2018.04.23 10:59:49.551,9.62327,9.62523,1.00,1.50
2018.04.23 10:59:49.653,9.62327,9.62517,1.00,1.00
2018.04.23 10:59:50.039,9.62338,9.62517,1.00,1.00
2018.04.23 10:59:51.109,9.62338,9.62534,1.00,1.50
2018.04.23 10:59:51.490,9.62348,9.62534,1.00,1.00
2018.04.23 10:59:52.032,9.62363,9.62534,1.00,1.00
2018.04.23 10:59:52.131,9.62363,9.62547,1.00,1.00
2018.04.23 10:59:52.182,9.62375,9.62547,1.00,1.00
2018.04.23 10:59:52.589,9.62375,9.62562,1.00,1.00
2018.04.23 10:59:52.751,9.62384,9.62562,1.00,1.00
2018.04.23 10:59:53.060,9.62399,9.62576,1.00,1.00
2018.04.23 10:59:55.511,9.62388,9.62571,1.00,1.00
