2014.10.29 19:00:00.175,8.4691,8.47176,1.19,1.00
2014.10.29 19:00:00.327,8.46898,8.47173,1.00,1.00
2014.10.29 19:00:00.378,8.46894,8.47154,1.87,1.00
2014.10.29 19:00:00.480,8.46844,8.47134,1.00,1.00
2014.10.29 19:00:00.531,8.46812,8.47108,1.00,1.00
2014.10.29 19:00:00.582,8.46812,8.47088,1.00,1.00
2014.10.29 19:00:00.751,8.46783,8.47063,1.00,1.00
2014.10.29 19:00:00.923,8.46774,8.47043,1.50,1.00
2014.10.29 19:00:01.678,8.46785,8.47063,1.00,1.00
2014.10.29 19:00:01.729,8.46785,8.47061,1.00,1.00
2014.10.29 19:00:01.780,8.46761,8.47041,1.00,1.00
2014.10.29 19:00:02.825,8.46761,8.47039,1.00,1.00
2014.10.29 19:00:03.028,8.46742,8.47046,1.00,1.00
2014.10.29 19:00:05.232,8.46702,8.47046,1.00,1.00
2014.10.29 19:00:05.282,8.46702,8.4702,1.00,1.00
2014.10.29 19:00:05.536,8.46702,8.47023,1.00,1.00
2014.10.29 19:00:05.688,8.46708,8.47023,1.00,1.00
2014.10.29 19:00:06.019,8.46728,8.47023,1.00,1.00
2014.10.29 19:00:07.098,8.46728,8.47045,1.00,1.00
2014.10.29 19:00:09.984,8.4673,8.47045,1.00,1.00
2014.10.29 19:00:10.298,8.4675,8.47045,1.00,1.00
2014.10.29 19:00:10.349,8.4675,8.47064,1.00,1.00
2014.10.29 19:00:11.889,8.4675,8.47044,1.00,1.00
2014.10.29 19:00:17.820,8.46728,8.47044,1.00,1.00
2014.10.29 19:00:18.618,8.46728,8.47024,1.00,1.00
2014.10.29 19:00:18.922,8.46674,8.46978,1.69,1.00
2014.10.29 19:00:19.024,8.46706,8.46998,1.00,1.00
2014.10.29 19:00:19.075,8.46706,8.47011,1.00,1.00
2014.10.29 19:00:20.266,8.46674,8.47049,1.69,1.00
2014.10.29 19:00:20.368,8.46674,8.46989,1.69,1.00
2014.10.29 19:00:20.571,8.46674,8.47026,1.69,1.00
2014.10.29 19:00:20.925,8.4673,8.47099,1.00,1.19
2014.10.29 19:00:21.343,8.4673,8.47095,1.00,1.19
2014.10.29 19:00:21.647,8.46757,8.47095,1.00,1.19
2014.10.29 19:00:22.774,8.46783,8.47095,1.00,1.19
2014.10.29 19:00:23.659,8.46783,8.47112,1.00,1.19
2014.10.29 19:00:24.648,8.46783,8.47134,1.00,1.19
2014.10.29 19:00:25.621,8.46783,8.4713,1.00,1.19
2014.10.29 19:00:26.651,8.46783,8.47135,1.00,1.19
2014.10.29 19:00:27.656,8.46783,8.47128,1.00,1.19
2014.10.29 19:00:28.660,8.46783,8.47125,1.00,1.19
2014.10.29 19:00:29.666,8.46783,8.47132,1.00,1.19
2014.10.29 19:00:30.677,8.46783,8.47115,1.00,1.19
2014.10.29 19:00:30.879,8.46783,8.47152,1.00,1.19
2014.10.29 19:00:30.930,8.46809,8.47164,1.00,1.19
2014.10.29 19:00:31.241,8.46838,8.47164,1.00,1.19
2014.10.29 19:00:31.807,8.46838,8.47206,1.00,1.69
2014.10.29 19:00:32.010,8.46861,8.47206,1.00,1.69
2014.10.29 19:00:32.314,8.46887,8.47206,1.00,1.69
2014.10.29 19:00:32.520,8.46858,8.47206,1.00,1.69
2014.10.29 19:00:32.694,8.46883,8.47206,1.00,1.69
2014.10.29 19:00:33.211,8.46883,8.47221,1.00,1.19
2014.10.29 19:00:34.600,8.46883,8.47205,1.00,1.19
2014.10.29 19:00:34.803,8.46905,8.47257,1.00,1.69
2014.10.29 19:00:35.006,8.46905,8.47257,1.19,1.69
2014.10.29 19:00:35.108,8.46949,8.47282,1.00,1.19
2014.10.29 19:00:35.434,8.46974,8.47282,1.00,1.19
2014.10.29 19:00:36.173,8.46974,8.47313,1.00,1.34
2014.10.29 19:00:36.512,8.47001,8.47313,1.00,1.34
2014.10.29 19:00:37.459,8.47001,8.47322,1.00,1.58
2014.10.29 19:00:38.481,8.47001,8.47329,1.00,1.65
2014.10.29 19:00:39.312,8.47001,8.47351,1.00,1.20
2014.10.29 19:00:39.481,8.47025,8.47351,1.00,1.20
2014.10.29 19:00:40.210,8.47025,8.47342,1.00,1.32
2014.10.29 19:00:40.717,8.47025,8.47341,1.00,1.25
2014.10.29 19:00:41.021,8.47051,8.47341,1.00,1.25
2014.10.29 19:00:41.788,8.4708,8.47341,1.00,1.14
2014.10.29 19:00:42.330,8.47112,8.47351,1.00,1.26
2014.10.29 19:00:42.888,8.4714,8.47351,1.00,1.18
2014.10.29 19:00:42.989,8.4712,8.47341,1.00,1.12
2014.10.29 19:00:43.040,8.47107,8.47341,1.00,1.12
2014.10.29 19:00:44.121,8.47107,8.47342,1.00,1.15
2014.10.29 19:00:44.224,8.47133,8.47351,1.00,1.11
2014.10.29 19:00:44.751,8.47113,8.47341,1.00,1.32
2014.10.29 19:00:44.802,8.47062,8.47341,1.00,1.32
2014.10.29 19:00:44.903,8.47111,8.47341,1.00,1.32
2014.10.29 19:00:45.421,8.4711,8.47341,1.00,1.32
2014.10.29 19:00:48.960,8.47143,8.47341,1.00,1.00
2014.10.29 19:00:50.480,8.47143,8.47362,1.00,1.16
2014.10.29 19:00:50.683,8.47143,8.47406,1.00,1.26
2014.10.29 19:00:50.784,8.47168,8.47446,1.00,1.69
2014.10.29 19:00:50.835,8.47142,8.47446,1.00,1.69
2014.10.29 19:00:50.937,8.47116,8.47446,1.00,1.69
2014.10.29 19:00:51.574,8.47096,8.47446,1.00,1.69
2014.10.29 19:00:51.625,8.47091,8.47446,1.00,1.69
2014.10.29 19:00:51.882,8.47091,8.47446,1.00,1.50
2014.10.29 19:00:52.035,8.47116,8.47446,1.00,1.50
2014.10.29 19:00:52.339,8.47141,8.47446,1.00,1.50
2014.10.29 19:00:52.871,8.47141,8.47446,1.00,1.69
2014.10.29 19:00:53.881,8.47141,8.47461,1.00,1.19
2014.10.29 19:00:54.033,8.47034,8.47461,1.50,1.19
2014.10.29 19:00:54.236,8.47081,8.47459,1.00,1.19
2014.10.29 19:00:54.596,8.47081,8.4743,1.00,1.00
2014.10.29 19:00:54.648,8.47081,8.4745,1.00,1.19
2014.10.29 19:00:54.868,8.47081,8.47455,1.00,1.19
2014.10.29 19:00:55.871,8.47081,8.47455,1.00,1.19
2014.10.29 19:00:56.917,8.47081,8.47455,1.00,1.19
2014.10.29 19:00:57.221,8.4708,8.47432,1.00,1.00
2014.10.29 19:00:58.716,8.4708,8.47451,1.00,1.19
2014.10.29 19:00:59.099,8.47106,8.47462,1.00,1.19
2014.10.29 19:00:59.457,8.47143,8.47462,1.00,1.19
2014.10.29 19:00:59.791,8.47143,8.47486,1.00,1.19
2014.10.29 19:01:00.821,8.47143,8.47497,1.00,1.19
2014.10.29 19:01:01.733,8.4716,8.47506,1.00,1.69
2014.10.29 19:01:01.834,8.47131,8.475,1.00,1.19
2014.10.29 19:01:02.739,8.47131,8.47485,1.00,1.19
2014.10.29 19:01:03.150,8.47158,8.47485,1.00,1.19
2014.10.29 19:01:03.480,8.47182,8.47485,1.00,1.19
2014.10.29 19:01:03.835,8.47206,8.47485,1.00,1.19
2014.10.29 19:01:04.038,8.4717,8.47506,1.00,1.69
2014.10.29 19:01:04.240,8.47192,8.47506,1.00,1.69
2014.10.29 19:01:04.546,8.47196,8.47506,1.00,1.69
2014.10.29 19:01:05.006,8.47176,8.47506,1.00,1.69
2014.10.29 19:01:05.058,8.47159,8.47506,1.00,1.69
2014.10.29 19:01:05.707,8.47194,8.47506,1.00,1.69
2014.10.29 19:01:06.058,8.47194,8.47506,1.00,1.69
2014.10.29 19:01:06.367,8.47229,8.47506,1.00,1.69
2014.10.29 19:01:06.427,8.47209,8.47506,1.00,1.69
2014.10.29 19:01:06.478,8.47197,8.47506,1.00,1.69
2014.10.29 19:01:07.546,8.47197,8.47506,1.00,1.69
2014.10.29 19:01:08.649,8.47197,8.47506,1.00,1.69
2014.10.29 19:01:09.677,8.47197,8.47506,1.00,1.69
2014.10.29 19:01:11.959,8.47197,8.47506,1.00,1.69
2014.10.29 19:01:12.686,8.47197,8.47506,1.00,1.50
2014.10.29 19:01:12.788,8.47197,8.47556,1.00,1.69
2014.10.29 19:01:12.940,8.47233,8.47556,1.00,1.69
2014.10.29 19:01:13.256,8.47265,8.47556,1.00,1.69
2014.10.29 19:01:13.470,8.47245,8.47556,1.00,1.69
2014.10.29 19:01:13.524,8.47238,8.47556,1.00,1.69
2014.10.29 19:01:13.676,8.47238,8.47556,1.00,1.69
2014.10.29 19:01:14.016,8.47243,8.47556,1.00,1.69
2014.10.29 19:01:14.893,8.47243,8.47556,1.00,1.50
2014.10.29 19:01:15.045,8.47243,8.47594,1.00,1.19
2014.10.29 19:01:15.146,8.47274,8.47594,1.00,1.19
2014.10.29 19:01:15.707,8.473,8.47594,1.00,1.19
2014.10.29 19:01:16.384,8.473,8.47598,1.00,1.19
2014.10.29 19:01:17.573,8.47326,8.47598,1.00,1.19
2014.10.29 19:01:17.989,8.47326,8.4763,1.00,1.19
2014.10.29 19:01:19.085,8.47326,8.47633,1.00,1.19
2014.10.29 19:01:19.660,8.47353,8.47633,1.00,1.19
2014.10.29 19:01:19.739,8.47333,8.47633,1.00,1.19
2014.10.29 19:01:19.794,8.47324,8.47633,1.00,1.19
2014.10.29 19:01:20.357,8.47324,8.47632,1.00,1.19
2014.10.29 19:01:21.325,8.47324,8.47649,1.00,1.19
2014.10.29 19:01:22.329,8.47324,8.4764,1.00,1.19
2014.10.29 19:01:23.350,8.47324,8.47635,1.00,1.19
2014.10.29 19:01:24.336,8.47324,8.4764,1.00,1.19
2014.10.29 19:01:25.340,8.47324,8.47644,1.00,1.19
2014.10.29 19:01:26.345,8.47324,8.47653,1.00,1.19
2014.10.29 19:01:26.663,8.47324,8.47659,1.00,1.19
2014.10.29 19:01:26.815,8.4735,8.47659,1.00,1.19
2014.10.29 19:01:27.170,8.4735,8.47703,1.00,1.19
2014.10.29 19:01:28.200,8.4735,8.47698,1.00,1.19
2014.10.29 19:01:28.706,8.4735,8.47706,1.00,1.19
2014.10.29 19:01:28.909,8.47323,8.47692,1.00,1.19
2014.10.29 19:01:29.010,8.47349,8.47706,1.00,1.19
2014.10.29 19:01:29.366,8.47349,8.47707,1.00,1.19
2014.10.29 19:01:30.982,8.47324,8.47693,1.00,1.19
2014.10.29 19:01:31.973,8.47324,8.47693,1.00,1.19
2014.10.29 19:01:32.973,8.47324,8.47693,1.00,1.19
2014.10.29 19:01:33.487,8.47304,8.47667,1.00,1.00
2014.10.29 19:01:33.538,8.47298,8.47667,1.00,1.00
2014.10.29 19:01:34.037,8.47327,8.47687,1.00,1.19
2014.10.29 19:01:34.973,8.47327,8.47696,1.00,1.19
2014.10.29 19:01:35.577,8.47307,8.47671,1.00,1.00
2014.10.29 19:01:35.634,8.47302,8.47671,1.00,1.00
2014.10.29 19:01:38.010,8.47302,8.47671,1.00,1.19
2014.10.29 19:01:39.578,8.47302,8.47482,1.00,2.10
2014.10.29 19:01:39.780,8.47154,8.47356,1.50,1.87
2014.10.29 19:01:39.832,8.47148,8.47356,1.00,2.06
2014.10.29 19:01:39.953,8.47084,8.47356,1.00,2.06
2014.10.29 19:01:40.004,8.47056,8.47356,1.00,2.06
2014.10.29 19:01:40.207,8.47019,8.47347,1.19,2.06
2014.10.29 19:01:40.951,8.47019,8.47347,1.19,2.06
2014.10.29 19:01:42.124,8.47019,8.47347,1.19,2.06
2014.10.29 19:01:42.327,8.4702,8.47347,1.19,1.87
2014.10.29 19:01:42.429,8.47019,8.47388,1.00,1.00
2014.10.29 19:01:42.479,8.47024,8.47388,1.50,1.00
2014.10.29 19:01:42.632,8.47129,8.47496,1.00,1.50
2014.10.29 19:01:42.784,8.47129,8.47507,1.00,1.00
2014.10.29 19:01:42.834,8.47178,8.47507,1.00,1.00
2014.10.29 19:01:42.886,8.47178,8.47543,1.00,1.00
2014.10.29 19:01:42.988,8.47193,8.47543,1.00,1.00
2014.10.29 19:01:43.292,8.47193,8.4754,1.00,1.19
2014.10.29 19:01:43.716,8.4722,8.4754,1.00,1.19
2014.10.29 19:01:44.360,8.4722,8.47542,1.00,1.19
2014.10.29 19:01:46.080,8.4722,8.47566,1.00,1.69
2014.10.29 19:01:46.283,8.47246,8.47566,1.00,1.69
2014.10.29 19:01:46.974,8.47246,8.47561,1.00,1.19
2014.10.29 19:01:47.910,8.47226,8.47561,1.00,1.19
2014.10.29 19:01:48.042,8.47209,8.47561,1.00,1.19
2014.10.29 19:01:48.456,8.47238,8.47561,1.00,1.19
2014.10.29 19:01:48.808,8.47238,8.47566,1.00,1.69
2014.10.29 19:01:50.090,8.47238,8.47578,1.00,1.19
2014.10.29 19:01:51.624,8.47238,8.4758,1.00,1.19
2014.10.29 19:01:52.811,8.47238,8.4758,1.00,1.19
2014.10.29 19:01:53.844,8.47238,8.47576,1.00,1.19
2014.10.29 19:01:54.813,8.47238,8.47574,1.00,1.19
2014.10.29 19:01:56.357,8.47238,8.47589,1.00,1.19
2014.10.29 19:01:56.408,8.47265,8.47589,1.00,1.19
2014.10.29 19:01:56.510,8.47236,8.47589,1.00,1.19
2014.10.29 19:01:57.356,8.47236,8.4759,1.00,1.19
2014.10.29 19:01:58.297,8.47236,8.47586,1.00,1.19
2014.10.29 19:01:59.316,8.47236,8.47583,1.00,1.19
2014.10.29 19:02:00.648,8.47236,8.47594,1.00,1.19
2014.10.29 19:02:01.364,8.47264,8.47594,1.00,1.19
2014.10.29 19:02:01.676,8.47264,8.47586,1.00,1.19
2014.10.29 19:02:02.622,8.47264,8.4758,1.00,1.19
2014.10.29 19:02:03.669,8.47264,8.47576,1.00,1.19
2014.10.29 19:02:05.757,8.47264,8.47573,1.00,1.19
2014.10.29 19:02:07.538,8.47264,8.47594,1.00,1.19
2014.10.29 19:02:08.542,8.47264,8.47592,1.00,1.19
2014.10.29 19:02:09.554,8.47264,8.47585,1.00,1.19
2014.10.29 19:02:10.583,8.47264,8.47577,1.00,1.19
2014.10.29 19:02:11.609,8.47264,8.47573,1.00,1.19
2014.10.29 19:02:12.487,8.47237,8.47573,1.00,1.19
2014.10.29 19:02:12.629,8.47264,8.47573,1.00,1.19
2014.10.29 19:02:13.598,8.47264,8.47575,1.00,1.19
2014.10.29 19:02:14.602,8.47264,8.47582,1.00,1.19
2014.10.29 19:02:15.646,8.47264,8.47579,1.00,1.19
2014.10.29 19:02:16.634,8.47264,8.47582,1.00,1.19
2014.10.29 19:02:17.622,8.47264,8.4758,1.00,1.19
2014.10.29 19:02:18.465,8.4731,8.4758,1.00,1.19
2014.10.29 19:02:18.925,8.4733,8.47572,1.00,1.19
2014.10.29 19:02:20.725,8.4733,8.47572,1.00,1.19
2014.10.29 19:02:21.730,8.4733,8.47572,1.00,1.19
2014.10.29 19:02:23.237,8.4733,8.47572,1.00,1.19
2014.10.29 19:02:24.315,8.4733,8.47572,1.00,1.19
2014.10.29 19:02:25.271,8.4733,8.47572,1.00,1.19
2014.10.29 19:02:26.285,8.4733,8.47572,1.00,1.19
2014.10.29 19:02:27.991,8.4733,8.47572,1.00,1.19
2014.10.29 19:02:28.995,8.4733,8.47572,1.00,1.19
2014.10.29 19:02:29.299,8.47333,8.47575,1.00,1.19
2014.10.29 19:02:29.518,8.47316,8.47558,1.00,1.19
2014.10.29 19:02:29.965,8.47324,8.47566,1.00,1.19
2014.10.29 19:02:30.269,8.47325,8.47568,1.00,1.19
2014.10.29 19:02:30.482,8.47306,8.47548,1.00,1.19
2014.10.29 19:02:30.636,8.47309,8.47551,1.00,1.19
2014.10.29 19:02:31.154,8.47309,8.47551,1.00,1.00
2014.10.29 19:02:32.116,8.47309,8.47551,1.00,1.19
2014.10.29 19:02:32.501,8.47329,8.47567,1.00,1.19
2014.10.29 19:02:32.603,8.47309,8.47552,1.00,1.19
2014.10.29 19:02:32.808,8.47325,8.47567,1.00,1.19
2014.10.29 19:02:33.167,8.47325,8.47568,1.00,1.00
2014.10.29 19:02:33.269,8.47343,8.47585,1.00,1.19
2014.10.29 19:02:33.371,8.47324,8.47566,1.00,1.00
2014.10.29 19:02:34.129,8.47322,8.47565,1.00,1.00
2014.10.29 19:02:34.231,8.47337,8.47581,1.00,1.19
2014.10.29 19:02:34.806,8.47337,8.47581,1.00,1.00
2014.10.29 19:02:37.049,8.47454,8.47581,1.00,1.00
2014.10.29 19:02:37.252,8.47504,8.47654,1.50,1.00
2014.10.29 19:02:37.303,8.47504,8.47807,1.50,1.00
2014.10.29 19:02:37.354,8.47584,8.47807,1.00,1.00
2014.10.29 19:02:37.556,8.47576,8.47839,1.87,1.00
2014.10.29 19:02:37.658,8.47504,8.47839,1.50,1.00
2014.10.29 19:02:37.810,8.47533,8.47839,1.00,1.00
2014.10.29 19:02:38.113,8.47499,8.47721,1.50,1.00
2014.10.29 19:02:38.164,8.47449,8.47721,1.00,1.00
2014.10.29 19:02:38.215,8.47448,8.47818,1.00,1.00
2014.10.29 19:02:38.266,8.47448,8.47738,1.00,1.00
2014.10.29 19:02:38.570,8.47559,8.47849,1.00,1.00
2014.10.29 19:02:38.874,8.47774,8.47943,12.53,1.00
2014.10.29 19:02:38.925,8.47701,8.47943,1.00,1.00
2014.10.29 19:02:38.976,8.47716,8.47959,1.00,1.00
2014.10.29 19:02:39.077,8.47794,8.48106,1.00,1.50
2014.10.29 19:02:39.128,8.47794,8.47956,1.00,1.50
2014.10.29 19:02:39.179,8.47545,8.47956,1.19,1.50
2014.10.29 19:02:39.331,8.47801,8.47956,5.72,1.50
2014.10.29 19:02:39.433,8.47584,8.48031,1.50,1.19
2014.10.29 19:02:39.535,8.47514,8.47986,1.50,1.50
2014.10.29 19:02:39.586,8.47647,8.47986,2.10,1.50
2014.10.29 19:02:39.890,8.47671,8.47946,2.10,1.00
2014.10.29 19:02:40.160,8.47663,8.47946,2.10,1.00
2014.10.29 19:02:40.353,8.47666,8.47946,2.10,1.00
2014.10.29 19:02:40.658,8.47676,8.47946,2.10,1.00
2014.10.29 19:02:41.119,8.47671,8.47946,2.10,1.00
2014.10.29 19:02:41.326,8.47669,8.47946,2.10,1.00
2014.10.29 19:02:42.115,8.4774,8.47946,1.00,1.00
2014.10.29 19:02:42.450,8.47759,8.47946,1.00,1.00
2014.10.29 19:02:42.768,8.47759,8.47964,1.00,1.00
2014.10.29 19:02:43.926,8.47732,8.47964,1.00,1.00
2014.10.29 19:02:44.230,8.47714,8.47956,1.00,1.00
2014.10.29 19:02:44.584,8.47669,8.47873,2.10,1.00
2014.10.29 19:02:44.938,8.4763,8.47873,1.00,1.00
2014.10.29 19:02:45.100,8.47599,8.47842,1.00,1.00
2014.10.29 19:02:45.560,8.47547,8.47789,1.00,1.00
2014.10.29 19:02:45.984,8.47527,8.47754,1.00,1.00
2014.10.29 19:02:46.036,8.47512,8.47754,1.00,1.00
2014.10.29 19:02:46.345,8.47513,8.47756,1.00,1.00
2014.10.29 19:02:46.556,8.47536,8.47778,1.00,1.00
2014.10.29 19:02:46.759,8.47504,8.47747,1.00,1.00
2014.10.29 19:02:46.861,8.47509,8.47752,1.00,1.00
2014.10.29 19:02:47.165,8.47489,8.47731,1.00,1.00
2014.10.29 19:02:47.468,8.47465,8.47707,1.00,1.00
2014.10.29 19:02:47.519,8.47445,8.47688,1.00,1.00
2014.10.29 19:02:49.759,8.47447,8.47689,1.00,1.00
2014.10.29 19:02:49.868,8.47461,8.47705,1.00,1.00
2014.10.29 19:02:49.969,8.47479,8.47721,1.00,1.00
2014.10.29 19:02:50.274,8.47461,8.47703,1.00,1.00
2014.10.29 19:02:50.528,8.4748,8.47724,1.00,1.00
2014.10.29 19:02:50.629,8.47497,8.47739,1.00,1.00
2014.10.29 19:02:51.194,8.47514,8.47758,1.00,1.00
2014.10.29 19:02:51.295,8.47524,8.47766,1.00,1.00
2014.10.29 19:02:51.498,8.47512,8.47756,1.00,1.00
2014.10.29 19:02:51.599,8.47532,8.47776,1.00,1.00
2014.10.29 19:02:52.598,8.47571,8.47813,1.00,1.00
2014.10.29 19:02:52.926,8.47547,8.47789,1.00,1.00
2014.10.29 19:02:55.186,8.47547,8.47777,1.00,1.00
2014.10.29 19:02:55.237,8.47507,8.47765,1.00,1.00
2014.10.29 19:02:55.338,8.47446,8.47688,1.00,1.00
2014.10.29 19:02:55.440,8.47424,8.47667,1.00,1.00
2014.10.29 19:02:55.802,8.47443,8.47686,1.00,1.19
2014.10.29 19:02:56.106,8.47458,8.477,1.00,1.19
2014.10.29 19:02:56.410,8.47473,8.47715,1.00,1.19
2014.10.29 19:02:56.461,8.47458,8.477,1.00,1.19
2014.10.29 19:02:57.002,8.47458,8.477,1.00,1.00
2014.10.29 19:02:57.568,8.47477,8.47719,1.00,1.19
2014.10.29 19:02:57.897,8.47457,8.47699,1.00,1.00
2014.10.29 19:03:00.056,8.47471,8.47713,1.00,1.00
2014.10.29 19:03:00.840,8.47475,8.47717,1.00,1.00
2014.10.29 19:03:01.144,8.4752,8.47762,1.00,1.00
2014.10.29 19:03:01.296,8.47575,8.47819,1.00,1.00
2014.10.29 19:03:02.522,8.47591,8.47833,1.00,1.00
2014.10.29 19:03:05.237,8.47558,8.478,1.19,1.00
2014.10.29 19:03:05.552,8.47558,8.478,1.00,1.00
2014.10.29 19:03:05.754,8.47558,8.47775,1.00,1.19
2014.10.29 19:03:05.805,8.475,8.47742,1.00,1.00
2014.10.29 19:03:07.315,8.47494,8.47734,1.00,1.00
2014.10.29 19:03:07.723,8.47494,8.47734,1.19,1.00
2014.10.29 19:03:08.737,8.47492,8.47734,1.19,1.00
2014.10.29 19:03:09.731,8.47492,8.47734,1.19,1.00
2014.10.29 19:03:11.561,8.47492,8.47734,1.19,1.00
2014.10.29 19:03:11.979,8.47495,8.47737,1.00,1.00
2014.10.29 19:03:12.416,8.47492,8.47734,1.19,1.00
2014.10.29 19:03:12.721,8.47477,8.47719,1.19,1.00
2014.10.29 19:03:12.874,8.47462,8.47705,1.00,1.00
2014.10.29 19:03:12.925,8.47442,8.47705,1.19,1.00
2014.10.29 19:03:12.976,8.47397,8.47705,1.00,1.00
2014.10.29 19:03:13.077,8.47396,8.47634,1.00,1.00
2014.10.29 19:03:13.586,8.47396,8.4765,1.00,1.00
2014.10.29 19:03:14.706,8.47411,8.47649,1.00,1.00
2014.10.29 19:03:15.045,8.47492,8.47736,1.00,1.00
2014.10.29 19:03:15.349,8.4751,8.47752,1.00,1.00
2014.10.29 19:03:16.253,8.47469,8.47752,1.00,1.00
2014.10.29 19:03:16.355,8.47478,8.47706,1.00,1.00
2014.10.29 19:03:16.558,8.47484,8.47726,1.00,1.50
2014.10.29 19:03:16.664,8.47504,8.47746,1.00,1.50
2014.10.29 19:03:17.324,8.47538,8.47766,1.00,1.00
2014.10.29 19:03:17.375,8.47538,8.4778,1.00,1.00
2014.10.29 19:03:17.477,8.47504,8.47746,1.00,1.00
2014.10.29 19:03:17.679,8.47469,8.47762,1.19,1.00
2014.10.29 19:03:17.781,8.47469,8.47711,1.19,1.00
2014.10.29 19:03:18.035,8.47531,8.47774,1.00,1.00
2014.10.29 19:03:18.146,8.47517,8.4776,1.00,1.00
2014.10.29 19:03:18.512,8.47535,8.47777,1.00,1.00
2014.10.29 19:03:18.824,8.47538,8.4778,1.00,1.00
2014.10.29 19:03:19.128,8.47469,8.47711,1.19,1.00
2014.10.29 19:03:19.385,8.47453,8.47696,1.00,1.00
2014.10.29 19:03:19.436,8.47422,8.47696,1.00,1.00
2014.10.29 19:03:19.487,8.47422,8.47679,1.00,1.19
2014.10.29 19:03:20.295,8.47407,8.47657,1.00,1.19
2014.10.29 19:03:20.796,8.47407,8.47657,1.00,1.19
2014.10.29 19:03:21.522,8.47407,8.47657,1.00,1.00
2014.10.29 19:03:21.624,8.47387,8.47619,1.00,1.00
2014.10.29 19:03:21.675,8.47377,8.47619,1.00,1.00
2014.10.29 19:03:21.877,8.47395,8.47637,1.00,1.00
2014.10.29 19:03:23.852,8.47437,8.4768,1.00,1.00
2014.10.29 19:03:25.813,8.47435,8.47677,1.00,1.00
2014.10.29 19:03:26.119,8.47456,8.47698,1.00,1.00
2014.10.29 19:03:26.804,8.47434,8.47676,1.00,1.00
2014.10.29 19:03:27.144,8.47449,8.47691,1.00,1.00
2014.10.29 19:03:29.864,8.47456,8.47698,1.00,1.00
2014.10.29 19:03:30.016,8.47432,8.47676,1.00,1.00
2014.10.29 19:03:30.118,8.47436,8.47678,1.00,1.00
2014.10.29 19:03:32.352,8.47446,8.47678,1.00,1.00
2014.10.29 19:03:32.555,8.47485,8.47727,1.50,1.00
2014.10.29 19:03:32.656,8.47506,8.47748,1.19,1.00
2014.10.29 19:03:32.758,8.4753,8.47772,1.00,1.00
2014.10.29 19:03:33.731,8.47545,8.47788,1.00,1.00
2014.10.29 19:03:34.507,8.47561,8.47806,1.00,1.00
2014.10.29 19:03:35.057,8.47565,8.47807,1.00,1.00
2014.10.29 19:03:36.907,8.4758,8.47822,1.00,1.00
2014.10.29 19:03:37.491,8.47574,8.47816,1.00,1.00
2014.10.29 19:03:55.296,8.47578,8.4782,1.00,1.00
2014.10.29 19:03:58.095,8.4758,8.47822,1.00,1.00
2014.10.29 19:04:02.129,8.47581,8.47824,1.00,1.00
2014.10.29 19:04:02.604,8.4758,8.47822,1.00,1.00
2014.10.29 19:04:03.463,8.47596,8.47838,1.00,1.00
2014.10.29 19:04:05.570,8.47585,8.47827,1.00,1.00
2014.10.29 19:04:06.303,8.4757,8.47812,1.00,1.00
2014.10.29 19:04:07.082,8.47585,8.47827,1.00,1.00
2014.10.29 19:04:14.594,8.47578,8.4782,1.00,1.00
2014.10.29 19:04:18.545,8.47578,8.47841,1.00,1.00
2014.10.29 19:04:18.776,8.47559,8.47841,1.00,1.00
2014.10.29 19:04:18.947,8.4758,8.47841,1.00,1.00
2014.10.29 19:04:19.636,8.4758,8.47865,1.00,1.00
2014.10.29 19:04:19.740,8.4758,8.47846,1.00,1.00
2014.10.29 19:04:22.724,8.4758,8.47866,1.00,1.00
2014.10.29 19:04:23.028,8.4758,8.47843,1.00,1.00
2014.10.29 19:04:23.144,8.4758,8.47862,1.00,1.00
2014.10.29 19:04:48.897,8.4758,8.47855,1.00,1.00
2014.10.29 19:04:53.531,8.4758,8.47855,1.19,1.00
2014.10.29 19:04:54.535,8.4758,8.47855,1.00,1.00
2014.10.29 19:04:59.470,8.4758,8.47855,1.19,1.00
2014.10.29 19:05:02.372,8.4758,8.47855,1.00,1.00
2014.10.29 19:05:02.962,8.4756,8.47855,1.00,1.00
2014.10.29 19:05:03.013,8.47557,8.47855,1.25,1.00
2014.10.29 19:05:04.045,8.47557,8.47837,1.00,1.00
2014.10.29 19:05:05.286,8.47557,8.47837,1.19,1.00
2014.10.29 19:05:06.135,8.47557,8.47857,1.19,1.00
2014.10.29 19:05:06.186,8.47557,8.47863,1.19,1.00
2014.10.29 19:05:06.338,8.47557,8.47864,1.00,1.00
2014.10.29 19:05:06.389,8.47557,8.47843,1.00,1.00
2014.10.29 19:05:06.814,8.47557,8.47863,1.00,1.00
2014.10.29 19:05:06.915,8.47557,8.47843,1.00,1.00
2014.10.29 19:05:07.257,8.47557,8.47863,1.00,1.00
2014.10.29 19:05:07.930,8.47557,8.47864,1.00,1.00
2014.10.29 19:05:08.004,8.47556,8.47846,1.00,1.00
2014.10.29 19:05:08.349,8.47556,8.47846,1.19,1.00
2014.10.29 19:05:09.304,8.47556,8.47846,1.19,1.00
2014.10.29 19:05:11.109,8.47557,8.47846,1.19,1.00
2014.10.29 19:05:12.766,8.47557,8.47828,1.69,1.00
2014.10.29 19:05:12.817,8.47557,8.47828,1.19,1.00
2014.10.29 19:05:13.406,8.47556,8.47848,1.19,1.00
2014.10.29 19:05:13.457,8.47556,8.47866,1.19,1.00
2014.10.29 19:05:13.782,8.47557,8.47867,1.19,1.00
2014.10.29 19:05:14.804,8.47557,8.47867,1.19,1.00
2014.10.29 19:05:15.800,8.47557,8.47867,1.19,1.00
2014.10.29 19:05:16.836,8.47557,8.47867,1.19,1.00
2014.10.29 19:05:16.938,8.47557,8.47842,1.19,1.00
2014.10.29 19:05:17.293,8.47557,8.47866,1.19,1.00
2014.10.29 19:05:17.394,8.47557,8.47843,1.19,1.00
2014.10.29 19:05:17.815,8.47556,8.47842,1.00,1.00
2014.10.29 19:05:17.917,8.47557,8.47862,1.00,1.00
2014.10.29 19:05:18.019,8.47557,8.47857,1.00,1.00
2014.10.29 19:05:18.343,8.47557,8.4784,1.00,1.00
2014.10.29 19:05:18.394,8.47557,8.47861,1.00,1.00
2014.10.29 19:05:18.497,8.47557,8.47841,1.00,1.00
2014.10.29 19:05:18.706,8.47557,8.47847,1.00,1.00
2014.10.29 19:05:19.533,8.47557,8.47847,1.19,1.00
2014.10.29 19:05:20.560,8.47558,8.47847,1.19,1.00
2014.10.29 19:05:21.528,8.47557,8.47847,1.19,1.00
2014.10.29 19:05:22.769,8.47557,8.47847,1.19,1.00
2014.10.29 19:05:23.561,8.47557,8.47847,1.19,1.00
2014.10.29 19:05:24.845,8.47557,8.47847,1.19,1.00
2014.10.29 19:05:25.772,8.47557,8.47847,1.19,1.00
2014.10.29 19:05:26.645,8.47557,8.47839,1.19,1.00
2014.10.29 19:05:26.746,8.47557,8.47867,1.19,1.00
2014.10.29 19:05:26.848,8.47557,8.47842,1.19,1.00
2014.10.29 19:05:27.596,8.47557,8.47842,1.19,1.00
2014.10.29 19:05:28.579,8.47557,8.47842,1.19,1.00
2014.10.29 19:05:29.491,8.47557,8.47862,1.19,1.00
2014.10.29 19:05:30.144,8.47557,8.47859,1.19,1.00
2014.10.29 19:05:30.324,8.47557,8.47859,1.19,1.00
2014.10.29 19:05:30.868,8.47578,8.47859,1.00,1.50
2014.10.29 19:05:31.435,8.47558,8.47836,1.00,1.00
2014.10.29 19:05:31.486,8.47529,8.47826,1.00,1.50
2014.10.29 19:05:31.537,8.47529,8.47792,1.00,1.19
2014.10.29 19:05:31.638,8.47509,8.47792,1.00,1.19
2014.10.29 19:05:31.689,8.47504,8.47792,1.00,1.19
2014.10.29 19:05:32.090,8.47522,8.47788,1.00,1.19
2014.10.29 19:05:32.454,8.47522,8.47756,1.00,1.87
2014.10.29 19:05:32.842,8.47522,8.47756,1.00,2.06
2014.10.29 19:05:34.684,8.47522,8.47756,1.00,2.06
2014.10.29 19:05:35.652,8.47522,8.47756,1.00,2.06
2014.10.29 19:05:36.719,8.47522,8.47756,1.00,2.06
2014.10.29 19:05:37.669,8.47522,8.47756,1.00,1.87
2014.10.29 19:05:38.866,8.47522,8.47756,1.00,2.06
2014.10.29 19:05:39.870,8.47522,8.47756,1.00,1.87
2014.10.29 19:05:42.589,8.47522,8.47756,1.19,1.87
2014.10.29 19:05:43.285,8.47522,8.47756,1.00,1.87
2014.10.29 19:05:43.336,8.4754,8.47756,1.00,1.87
2014.10.29 19:05:43.387,8.4754,8.47808,1.00,1.00
2014.10.29 19:05:43.539,8.47574,8.47828,1.00,1.19
2014.10.29 19:05:43.590,8.47574,8.47848,1.00,1.00
2014.10.29 19:05:43.641,8.4759,8.47864,1.00,1.00
2014.10.29 19:05:44.591,8.4759,8.47864,1.00,1.19
2014.10.29 19:05:45.748,8.4759,8.47864,1.00,1.00
2014.10.29 19:05:46.710,8.47607,8.47881,1.00,1.19
2014.10.29 19:05:47.070,8.47607,8.47881,1.00,1.19
2014.10.29 19:05:47.748,8.47607,8.47881,1.00,1.00
2014.10.29 19:05:48.051,8.47588,8.47862,1.00,1.00
2014.10.29 19:05:50.700,8.47588,8.47802,1.00,1.19
2014.10.29 19:05:50.801,8.47568,8.47802,1.00,1.19
2014.10.29 19:05:50.852,8.47534,8.47802,1.00,1.19
2014.10.29 19:05:51.663,8.47534,8.47795,1.00,1.19
2014.10.29 19:05:52.671,8.47534,8.47806,1.00,2.06
2014.10.29 19:05:53.685,8.47534,8.47806,1.00,2.06
2014.10.29 19:05:54.675,8.47534,8.47806,1.00,2.06
2014.10.29 19:05:56.483,8.47534,8.47806,1.00,2.06
2014.10.29 19:05:57.798,8.47534,8.47796,1.00,1.19
2014.10.29 19:05:59.626,8.47534,8.47801,1.00,1.19
2014.10.29 19:06:00.600,8.47534,8.47804,1.00,1.19
2014.10.29 19:06:01.573,8.47534,8.47806,1.19,2.06
2014.10.29 19:06:02.045,8.47553,8.47806,1.00,2.06
2014.10.29 19:06:02.375,8.47534,8.47807,1.19,2.81
2014.10.29 19:06:02.550,8.47533,8.47799,1.19,1.19
2014.10.29 19:06:03.554,8.47533,8.47801,1.19,1.19
2014.10.29 19:06:04.558,8.47533,8.47806,1.19,1.19
2014.10.29 19:06:05.863,8.47533,8.47798,1.00,1.19
2014.10.29 19:06:06.867,8.47533,8.47807,1.00,2.81
2014.10.29 19:06:07.870,8.47533,8.47807,1.00,2.81
2014.10.29 19:06:08.918,8.47533,8.47807,1.19,2.81
2014.10.29 19:06:11.291,8.47533,8.478,1.00,1.19
2014.10.29 19:06:12.288,8.47533,8.47807,1.00,2.81
2014.10.29 19:06:13.284,8.47533,8.47807,1.00,2.81
2014.10.29 19:06:14.992,8.47533,8.47807,1.00,2.81
2014.10.29 19:06:15.997,8.47533,8.47807,1.00,2.62
2014.10.29 19:06:16.562,8.47513,8.47807,1.19,1.87
2014.10.29 19:06:17.033,8.4751,8.47807,1.19,1.87
2014.10.29 19:06:18.003,8.4751,8.47807,1.19,1.87
2014.10.29 19:06:19.009,8.4751,8.47807,1.19,1.87
2014.10.29 19:06:20.024,8.4751,8.47807,1.19,1.87
2014.10.29 19:06:22.631,8.4751,8.47807,1.00,1.87
2014.10.29 19:06:23.671,8.47527,8.47807,1.19,2.06
2014.10.29 19:06:24.700,8.47526,8.47807,1.19,2.06
2014.10.29 19:06:25.734,8.47518,8.47807,1.19,1.87
2014.10.29 19:06:26.682,8.4751,8.47807,1.19,1.87
2014.10.29 19:06:27.685,8.4751,8.47807,1.19,1.87
2014.10.29 19:06:28.688,8.4751,8.47807,1.19,2.06
2014.10.29 19:06:29.701,8.4751,8.47807,1.19,1.87
2014.10.29 19:06:30.695,8.4751,8.47807,1.19,2.06
2014.10.29 19:06:31.764,8.4751,8.47807,1.19,1.87
2014.10.29 19:06:32.702,8.47514,8.47807,1.19,2.06
2014.10.29 19:06:33.705,8.4752,8.47807,1.19,2.06
2014.10.29 19:06:34.708,8.47519,8.47807,1.19,2.06
2014.10.29 19:06:35.712,8.4752,8.47807,1.19,2.06
2014.10.29 19:06:36.716,8.47516,8.47807,1.19,2.06
2014.10.29 19:06:37.420,8.4751,8.47807,1.19,1.87
2014.10.29 19:06:38.423,8.47513,8.47807,1.19,1.87
2014.10.29 19:06:39.426,8.4751,8.47807,1.19,1.87
2014.10.29 19:06:40.458,8.4751,8.47807,1.19,1.87
2014.10.29 19:06:41.429,8.4751,8.47807,1.19,1.87
2014.10.29 19:06:42.733,8.47515,8.47807,1.19,2.06
2014.10.29 19:06:43.769,8.47513,8.47807,1.19,2.06
2014.10.29 19:06:44.744,8.47514,8.47807,1.19,2.06
2014.10.29 19:06:45.748,8.47518,8.47807,1.19,2.06
2014.10.29 19:06:46.791,8.47519,8.47807,1.19,2.06
2014.10.29 19:06:47.756,8.47518,8.47807,1.19,2.06
2014.10.29 19:06:48.802,8.47514,8.47807,1.19,2.06
2014.10.29 19:06:49.177,8.47562,8.47807,1.19,1.87
2014.10.29 19:06:49.329,8.47564,8.47846,2.06,1.87
2014.10.29 19:06:49.380,8.47599,8.47846,2.10,1.87
2014.10.29 19:06:50.168,8.47596,8.47846,2.10,1.87
2014.10.29 19:06:50.252,8.47599,8.47846,2.10,1.87
2014.10.29 19:06:51.170,8.47599,8.47846,2.29,2.06
2014.10.29 19:06:51.936,8.47608,8.47846,2.29,2.06
2014.10.29 19:06:53.581,8.47608,8.47846,2.29,2.06
2014.10.29 19:06:54.184,8.47608,8.47846,2.10,2.06
2014.10.29 19:06:55.189,8.47608,8.47846,2.10,1.87
2014.10.29 19:07:04.232,8.47604,8.47846,2.10,1.87
2014.10.29 19:07:05.531,8.47607,8.47846,2.10,1.87
2014.10.29 19:07:06.445,8.47603,8.47846,2.29,1.87
2014.10.29 19:07:06.731,8.47603,8.47846,2.29,1.87
2014.10.29 19:07:07.292,8.47608,8.47846,2.29,1.87
2014.10.29 19:07:07.768,8.47608,8.47846,2.29,1.87
2014.10.29 19:07:08.315,8.47635,8.47846,2.10,1.87
2014.10.29 19:07:08.366,8.47635,8.47894,2.10,1.19
2014.10.29 19:07:08.417,8.47645,8.47894,2.10,1.19
2014.10.29 19:07:08.468,8.47645,8.47937,2.10,1.19
2014.10.29 19:07:08.519,8.47651,8.47937,2.10,1.19
2014.10.29 19:07:08.621,8.47642,8.47937,2.10,1.19
2014.10.29 19:07:09.632,8.4765,8.47944,2.10,1.19
2014.10.29 19:07:09.683,8.4765,8.47944,2.29,1.19
2014.10.29 19:07:11.674,8.4765,8.47956,2.29,1.87
2014.10.29 19:07:12.678,8.47655,8.47956,1.79,1.87
2014.10.29 19:07:15.084,8.47667,8.47956,1.60,1.87
2014.10.29 19:07:16.087,8.47667,8.47956,1.79,1.87
2014.10.29 19:07:16.392,8.47667,8.47906,1.19,1.87
2014.10.29 19:07:17.430,8.47654,8.47906,1.00,1.87
2014.10.29 19:07:18.253,8.47644,8.47906,2.29,1.87
2014.10.29 19:07:20.421,8.47644,8.47906,2.29,1.87
2014.10.29 19:07:21.463,8.47644,8.47906,2.29,1.87
2014.10.29 19:07:22.349,8.47644,8.47906,2.29,1.87
2014.10.29 19:07:24.366,8.47644,8.47906,2.29,1.87
2014.10.29 19:07:25.360,8.47644,8.47906,2.29,1.87
2014.10.29 19:07:26.363,8.47644,8.47906,2.29,1.87
2014.10.29 19:07:27.367,8.47644,8.47906,2.29,1.87
2014.10.29 19:07:29.978,8.47654,8.47906,1.00,1.87
2014.10.29 19:07:32.993,8.47654,8.47906,1.69,1.87
2014.10.29 19:07:34.031,8.47654,8.47906,1.69,1.87
2014.10.29 19:07:35.000,8.47654,8.47906,2.29,1.87
2014.10.29 19:07:35.998,8.47654,8.47906,2.29,1.87
2014.10.29 19:07:38.072,8.47654,8.47906,1.69,1.87
2014.10.29 19:07:39.881,8.47654,8.47906,1.69,1.87
2014.10.29 19:07:41.632,8.47654,8.47906,1.69,1.87
2014.10.29 19:07:42.597,8.47654,8.47906,1.50,1.87
2014.10.29 19:07:43.601,8.47654,8.47906,1.69,1.87
2014.10.29 19:07:44.128,8.47664,8.47906,1.00,1.87
2014.10.29 19:07:50.121,8.47664,8.47906,1.19,1.87
2014.10.29 19:07:51.127,8.47664,8.47906,1.19,1.87
2014.10.29 19:07:52.677,8.47664,8.47906,1.19,1.87
2014.10.29 19:07:53.643,8.47664,8.47906,1.19,1.87
2014.10.29 19:07:54.648,8.47664,8.47906,1.19,1.87
2014.10.29 19:07:55.713,8.47664,8.47906,1.19,1.87
2014.10.29 19:07:57.705,8.47664,8.47906,1.19,1.87
2014.10.29 19:07:58.709,8.47664,8.47906,1.19,1.87
2014.10.29 19:07:59.730,8.47664,8.47906,1.19,1.87
2014.10.29 19:08:00.722,8.47664,8.47906,1.19,1.87
2014.10.29 19:08:01.728,8.47664,8.47906,1.19,1.87
2014.10.29 19:08:02.732,8.47664,8.47906,1.19,1.87
2014.10.29 19:08:03.766,8.47664,8.47906,1.19,1.87
2014.10.29 19:08:04.742,8.47664,8.47906,1.19,1.87
2014.10.29 19:08:06.451,8.47654,8.47906,2.29,1.87
2014.10.29 19:08:07.455,8.47654,8.47906,2.29,1.87
2014.10.29 19:08:08.461,8.47654,8.47906,2.29,1.87
2014.10.29 19:08:09.462,8.47654,8.47906,3.04,1.87
2014.10.29 19:08:10.467,8.47657,8.47906,1.79,1.87
2014.10.29 19:08:11.470,8.4766,8.47906,1.79,1.87
2014.10.29 19:08:14.085,8.47664,8.47906,1.54,1.87
2014.10.29 19:08:15.112,8.47664,8.47906,2.29,1.87
2014.10.29 19:08:16.495,8.47664,8.47906,1.79,1.87
2014.10.29 19:08:17.500,8.47664,8.47906,2.29,1.87
2014.10.29 19:08:18.632,8.47664,8.47906,1.79,1.87
2014.10.29 19:08:19.636,8.47664,8.47906,1.79,1.87
2014.10.29 19:08:21.645,8.47654,8.47906,2.29,1.87
2014.10.29 19:08:23.540,8.47671,8.47906,2.10,1.87
2014.10.29 19:08:23.743,8.47673,8.47916,1.79,1.87
2014.10.29 19:08:23.895,8.47676,8.47916,2.29,1.87
2014.10.29 19:08:23.946,8.47676,8.47927,2.29,2.06
2014.10.29 19:08:24.101,8.47693,8.47927,2.10,2.06
2014.10.29 19:08:24.203,8.47695,8.47956,2.29,1.87
2014.10.29 19:08:24.355,8.47705,8.47956,2.29,1.87
2014.10.29 19:08:24.406,8.47714,8.47976,1.60,1.19
2014.10.29 19:08:24.507,8.47714,8.47976,2.29,1.19
2014.10.29 19:08:25.567,8.47753,8.4802,1.19,1.19
2014.10.29 19:08:26.568,8.47753,8.48026,1.00,2.06
2014.10.29 19:08:27.587,8.47753,8.48026,1.19,2.06
2014.10.29 19:08:28.579,8.47753,8.48026,1.19,2.06
2014.10.29 19:08:30.058,8.47753,8.48026,1.19,2.06
2014.10.29 19:08:31.028,8.47753,8.48026,1.19,2.06
2014.10.29 19:08:31.181,8.47746,8.48006,1.19,1.87
2014.10.29 19:08:32.039,8.47764,8.48006,1.00,2.06
2014.10.29 19:08:33.381,8.47774,8.48006,1.00,1.87
2014.10.29 19:08:39.392,8.47774,8.48006,1.19,1.87
2014.10.29 19:08:40.596,8.47774,8.48006,1.00,1.87
2014.10.29 19:08:58.803,8.47774,8.48006,1.00,2.06
2014.10.29 19:08:59.819,8.47774,8.48006,1.00,1.87
2014.10.29 19:09:07.150,8.47754,8.48006,1.19,1.87
2014.10.29 19:09:08.135,8.47764,8.48006,1.00,2.06
2014.10.29 19:09:13.400,8.47764,8.48035,2.62,1.19
2014.10.29 19:09:13.604,8.47806,8.48036,2.10,1.19
2014.10.29 19:09:13.905,8.47809,8.48046,2.10,2.44
2014.10.29 19:09:14.449,8.47817,8.48046,2.10,2.06
2014.10.29 19:09:14.550,8.47811,8.48046,2.10,2.06
2014.10.29 19:09:15.399,8.47811,8.48046,2.29,1.87
2014.10.29 19:09:16.403,8.47811,8.48046,2.29,1.87
2014.10.29 19:09:17.423,8.47811,8.48046,2.29,1.87
2014.10.29 19:09:18.425,8.47805,8.48046,2.29,1.87
2014.10.29 19:09:19.435,8.47805,8.48046,2.29,1.87
2014.10.29 19:09:21.973,8.47807,8.48046,2.29,1.87
2014.10.29 19:09:22.943,8.47807,8.48046,2.29,1.87
2014.10.29 19:09:23.946,8.47807,8.48046,2.29,1.87
2014.10.29 19:09:24.979,8.47807,8.48046,2.29,1.87
2014.10.29 19:09:25.959,8.47807,8.48046,2.29,1.87
2014.10.29 19:09:26.962,8.47807,8.48046,2.29,1.87
2014.10.29 19:09:27.965,8.47807,8.48046,2.29,1.87
2014.10.29 19:09:30.369,8.47807,8.48046,2.29,1.87
2014.10.29 19:09:32.428,8.47807,8.48046,2.29,1.87
2014.10.29 19:09:33.398,8.4781,8.48046,2.29,1.87
2014.10.29 19:09:34.383,8.4781,8.48046,2.29,1.87
2014.10.29 19:09:35.387,8.4781,8.48046,2.29,1.87
2014.10.29 19:09:36.390,8.4781,8.48046,2.29,1.87
2014.10.29 19:09:37.493,8.4781,8.48046,2.29,2.06
2014.10.29 19:09:38.496,8.4781,8.48046,2.29,1.87
2014.10.29 19:09:39.521,8.4781,8.48046,2.29,1.87
2014.10.29 19:09:42.608,8.4781,8.48046,2.29,2.06
2014.10.29 19:09:43.615,8.4781,8.48046,2.29,1.87
2014.10.29 19:09:44.529,8.4782,8.48046,1.05,1.87
2014.10.29 19:09:45.517,8.4781,8.48046,2.29,1.87
2014.10.29 19:09:46.520,8.4781,8.48046,2.29,1.87
2014.10.29 19:09:47.523,8.4781,8.48046,2.29,1.87
2014.10.29 19:09:49.530,8.47815,8.48046,1.79,1.87
2014.10.29 19:09:50.380,8.47808,8.48046,2.29,1.87
2014.10.29 19:09:52.386,8.47808,8.48046,2.29,1.87
2014.10.29 19:09:53.426,8.47808,8.48046,2.29,1.87
2014.10.29 19:09:54.380,8.47808,8.48046,2.29,1.87
2014.10.29 19:09:55.385,8.47808,8.48046,2.29,1.87
2014.10.29 19:09:56.389,8.47808,8.48046,2.29,1.87
2014.10.29 19:09:58.397,8.47808,8.48046,2.29,2.06
2014.10.29 19:10:00.003,8.47808,8.48046,2.29,1.87
2014.10.29 19:10:01.112,8.47808,8.48046,2.29,1.87
2014.10.29 19:10:02.175,8.47808,8.48046,2.29,1.87
2014.10.29 19:10:03.184,8.47808,8.48046,2.29,1.87
2014.10.29 19:10:05.128,8.47808,8.48046,2.29,1.87
2014.10.29 19:10:06.104,8.47808,8.48046,2.29,1.87
2014.10.29 19:10:07.108,8.47808,8.48046,2.29,1.87
2014.10.29 19:10:08.413,8.47808,8.48046,2.29,1.87
2014.10.29 19:10:09.416,8.47808,8.48046,2.29,1.87
2014.10.29 19:10:11.426,8.47808,8.48046,2.29,1.87
2014.10.29 19:10:15.560,8.47808,8.48046,2.29,1.87
2014.10.29 19:10:16.566,8.47808,8.48046,2.29,1.87
2014.10.29 19:10:18.081,8.47808,8.48046,2.29,1.87
2014.10.29 19:10:19.076,8.47808,8.48046,2.29,1.87
2014.10.29 19:10:20.081,8.47808,8.48046,2.29,1.87
2014.10.29 19:10:21.490,8.47808,8.48046,2.29,1.87
2014.10.29 19:10:22.496,8.47808,8.48046,2.29,1.87
2014.10.29 19:10:23.510,8.47808,8.48046,2.29,1.87
2014.10.29 19:10:26.111,8.47812,8.48046,1.60,2.06
2014.10.29 19:10:27.116,8.47808,8.48046,2.29,1.87
2014.10.29 19:10:28.053,8.47808,8.48046,2.29,1.87
2014.10.29 19:10:30.061,8.47808,8.48046,2.29,1.87
2014.10.29 19:10:31.070,8.47808,8.48046,2.29,1.87
2014.10.29 19:10:32.073,8.47808,8.48046,2.29,1.87
2014.10.29 19:10:33.079,8.47808,8.48046,2.29,1.87
2014.10.29 19:10:34.082,8.47808,8.48046,2.29,1.87
2014.10.29 19:10:35.086,8.47808,8.48046,2.29,1.87
2014.10.29 19:10:38.101,8.47816,8.48046,1.05,2.06
2014.10.29 19:10:39.741,8.47806,8.48046,2.29,1.87
2014.10.29 19:10:40.698,8.47806,8.48046,2.29,1.87
2014.10.29 19:10:42.749,8.47806,8.48046,2.29,1.87
2014.10.29 19:10:43.714,8.47806,8.48046,2.29,1.87
2014.10.29 19:10:44.738,8.47806,8.48046,2.29,1.87
2014.10.29 19:10:45.721,8.47806,8.48046,2.29,1.87
2014.10.29 19:10:46.751,8.47806,8.48046,2.29,1.87
2014.10.29 19:10:47.750,8.47806,8.48046,2.29,1.87
2014.10.29 19:10:48.737,8.47806,8.48046,2.29,1.87
2014.10.29 19:10:49.874,8.47806,8.48046,2.29,2.06
2014.10.29 19:10:51.659,8.47806,8.48046,2.29,1.87
2014.10.29 19:10:52.749,8.47806,8.48046,2.29,1.87
2014.10.29 19:10:54.106,8.47806,8.48046,2.29,1.87
2014.10.29 19:10:56.117,8.47806,8.48046,2.29,2.06
2014.10.29 19:10:57.121,8.47816,8.48046,1.05,2.06
2014.10.29 19:11:02.140,8.47806,8.48046,2.29,1.87
2014.10.29 19:11:03.143,8.47806,8.48046,2.29,1.87
2014.10.29 19:11:05.049,8.47806,8.48046,2.29,1.87
2014.10.29 19:11:06.283,8.47806,8.48046,2.29,1.87
2014.10.29 19:11:07.991,8.47805,8.48046,2.29,1.87
2014.10.29 19:11:08.994,8.47805,8.48046,2.29,1.87
2014.10.29 19:11:10.899,8.47805,8.48046,2.29,1.87
2014.10.29 19:11:12.905,8.47805,8.48046,2.29,1.87
2014.10.29 19:11:14.386,8.47807,8.48056,2.29,2.06
2014.10.29 19:11:14.633,8.47807,8.48056,2.29,2.06
2014.10.29 19:11:15.627,8.47807,8.48056,2.29,2.06
2014.10.29 19:11:16.120,8.47809,8.48056,2.29,2.06
2014.10.29 19:11:16.636,8.47809,8.48056,2.29,2.06
2014.10.29 19:11:17.626,8.4782,8.48056,1.05,2.06
2014.10.29 19:11:18.630,8.47809,8.48056,2.29,2.06
2014.10.29 19:11:19.634,8.47809,8.48056,2.29,2.06
2014.10.29 19:11:20.640,8.47809,8.48056,2.29,2.06
2014.10.29 19:11:21.641,8.47809,8.48056,2.29,1.87
2014.10.29 19:11:23.093,8.47809,8.48056,2.29,2.06
2014.10.29 19:11:23.596,8.47809,8.48056,2.29,1.87
2014.10.29 19:11:24.600,8.47809,8.48056,2.29,2.06
2014.10.29 19:11:26.616,8.4782,8.48056,1.05,2.06
2014.10.29 19:11:27.619,8.47809,8.48056,2.29,2.06
2014.10.29 19:11:28.665,8.47809,8.48056,2.29,1.87
2014.10.29 19:11:29.628,8.47809,8.48056,2.29,2.06
2014.10.29 19:11:30.632,8.47809,8.48056,2.29,1.87
2014.10.29 19:11:31.635,8.47809,8.48056,2.29,1.87
2014.10.29 19:11:32.744,8.47809,8.48056,2.29,2.06
2014.10.29 19:11:34.792,8.47809,8.48056,2.29,2.06
2014.10.29 19:11:35.751,8.47809,8.48056,2.29,2.06
2014.10.29 19:11:36.759,8.47809,8.48056,2.29,2.06
2014.10.29 19:11:37.658,8.47809,8.48056,2.29,2.06
2014.10.29 19:11:38.763,8.47809,8.48056,2.29,2.06
2014.10.29 19:11:40.628,8.47809,8.48056,2.29,2.06
2014.10.29 19:11:41.564,8.47809,8.48043,2.29,1.00
2014.10.29 19:11:43.130,8.47809,8.48043,2.29,1.00
2014.10.29 19:11:44.125,8.47809,8.48043,2.29,1.00
2014.10.29 19:11:44.493,8.47825,8.48015,1.00,1.00
2014.10.29 19:11:47.020,8.47821,8.48012,1.00,1.00
2014.10.29 19:11:47.273,8.47833,8.48023,1.00,1.00
2014.10.29 19:11:53.310,8.47822,8.48013,1.00,1.00
2014.10.29 19:11:54.538,8.47832,8.48024,1.00,1.00
2014.10.29 19:11:54.640,8.47822,8.48013,1.00,1.00
2014.10.29 19:11:55.381,8.47838,8.48001,1.00,1.00
2014.10.29 19:11:58.238,8.47849,8.48011,1.00,1.00
2014.10.29 19:12:00.354,8.47849,8.48014,1.00,1.00
2014.10.29 19:12:00.458,8.47857,8.4802,1.00,1.00
2014.10.29 19:12:03.964,8.47845,8.48007,1.00,1.00
2014.10.29 19:12:04.289,8.47838,8.48001,1.00,1.00
2014.10.29 19:12:04.859,8.47855,8.48018,1.00,1.00
2014.10.29 19:12:05.167,8.47838,8.48001,1.00,1.00
2014.10.29 19:12:05.611,8.47852,8.48014,1.00,1.00
2014.10.29 19:12:05.828,8.47861,8.48026,1.00,1.00
2014.10.29 19:12:07.918,8.47852,8.48014,1.00,1.00
2014.10.29 19:12:08.930,8.47799,8.48019,2.29,1.00
2014.10.29 19:12:09.032,8.47799,8.47988,2.29,1.00
2014.10.29 19:12:09.779,8.47799,8.47987,2.29,1.00
2014.10.29 19:12:09.903,8.47799,8.47987,2.29,1.00
2014.10.29 19:12:10.144,8.47772,8.47987,1.00,1.00
2014.10.29 19:12:10.245,8.47731,8.47961,1.00,1.00
2014.10.29 19:12:10.296,8.47675,8.47961,1.00,1.00
2014.10.29 19:12:10.348,8.47675,8.47876,1.00,1.00
2014.10.29 19:12:10.602,8.47649,8.47861,1.00,1.00
2014.10.29 19:12:10.804,8.4767,8.47832,1.00,1.00
2014.10.29 19:12:10.906,8.47657,8.4782,1.00,1.00
2014.10.29 19:12:11.675,8.47666,8.47829,1.00,1.00
2014.10.29 19:12:12.466,8.47658,8.4782,1.00,1.00
2014.10.29 19:12:12.981,8.47666,8.47829,1.00,1.00
2014.10.29 19:12:13.450,8.47657,8.4782,1.00,1.00
2014.10.29 19:12:13.798,8.47669,8.47832,1.00,1.00
2014.10.29 19:12:14.162,8.47659,8.47822,1.00,1.00
2014.10.29 19:12:14.500,8.47657,8.47819,1.00,1.00
2014.10.29 19:12:14.830,8.47667,8.47829,1.00,1.00
2014.10.29 19:12:14.880,8.47655,8.47818,1.00,1.00
2014.10.29 19:12:14.957,8.47665,8.47828,1.00,1.00
2014.10.29 19:12:16.011,8.47677,8.47855,1.00,1.00
2014.10.29 19:12:16.970,8.47666,8.47847,1.00,1.00
2014.10.29 19:12:20.929,8.47666,8.47806,1.00,1.87
2014.10.29 19:12:21.031,8.47639,8.47806,1.00,1.87
2014.10.29 19:12:21.132,8.47608,8.47786,1.00,1.00
2014.10.29 19:12:21.668,8.47616,8.47796,1.00,1.00
2014.10.29 19:12:21.779,8.47601,8.47781,1.00,1.00
2014.10.29 19:12:22.109,8.47613,8.47791,1.00,1.00
2014.10.29 19:12:22.261,8.47614,8.47793,1.00,1.00
2014.10.29 19:12:23.458,8.47625,8.47803,1.00,1.00
2014.10.29 19:12:27.281,8.4763,8.47806,1.00,1.87
2014.10.29 19:12:27.434,8.4762,8.47798,1.00,1.00
2014.10.29 19:12:29.917,8.4761,8.4779,1.00,1.00
2014.10.29 19:12:30.692,8.47622,8.47802,1.00,1.00
2014.10.29 19:12:31.047,8.47611,8.47789,1.00,1.00
2014.10.29 19:12:31.500,8.47628,8.47806,1.00,2.62
2014.10.29 19:12:32.570,8.47613,8.47791,1.00,1.00
2014.10.29 19:12:33.889,8.47609,8.47787,1.00,1.00
2014.10.29 19:12:34.339,8.47634,8.47806,1.00,1.87
2014.10.29 19:12:38.844,8.47624,8.47803,1.00,1.00
2014.10.29 19:12:39.160,8.47628,8.47806,1.00,2.62
2014.10.29 19:12:59.841,8.47626,8.47804,1.00,1.00
2014.10.29 19:13:05.341,8.47624,8.47804,1.00,1.00
2014.10.29 19:13:05.450,8.47635,8.47806,1.00,1.87
2014.10.29 19:13:05.711,8.47622,8.47802,1.00,1.00
2014.10.29 19:13:05.815,8.47611,8.47789,1.00,1.00
2014.10.29 19:13:06.591,8.47622,8.478,1.00,1.00
2014.10.29 19:13:11.191,8.47631,8.47806,1.00,1.87
2014.10.29 19:13:11.394,8.47619,8.47798,1.00,1.00
2014.10.29 19:13:11.547,8.4764,8.47806,1.00,1.87
2014.10.29 19:13:11.610,8.47629,8.47806,1.00,1.87
2014.10.29 19:13:12.658,8.47629,8.47806,1.00,2.06
2014.10.29 19:13:12.966,8.47618,8.47796,1.00,1.00
2014.10.29 19:13:13.070,8.47605,8.47784,1.00,1.00
2014.10.29 19:13:13.382,8.47618,8.47796,1.00,1.00
2014.10.29 19:13:14.029,8.47629,8.47806,1.00,1.87
2014.10.29 19:13:17.553,8.47617,8.47796,1.00,1.00
2014.10.29 19:13:17.769,8.47597,8.47784,1.00,1.00
2014.10.29 19:13:17.820,8.47584,8.47784,1.00,1.00
2014.10.29 19:13:18.233,8.47605,8.47784,1.00,1.00
2014.10.29 19:13:18.334,8.47614,8.47795,1.00,1.00
2014.10.29 19:13:23.272,8.47616,8.47795,1.00,1.00
2014.10.29 19:13:24.638,8.47603,8.47783,1.00,1.00
2014.10.29 19:13:24.739,8.47564,8.47782,1.00,1.00
2014.10.29 19:13:25.369,8.47564,8.47797,1.00,1.00
2014.10.29 19:13:25.578,8.47574,8.47797,1.00,1.00
2014.10.29 19:13:25.886,8.47602,8.4778,1.00,1.00
2014.10.29 19:13:27.229,8.4762,8.47798,1.00,1.00
2014.10.29 19:13:28.239,8.47607,8.47787,1.00,1.00
2014.10.29 19:13:30.308,8.47607,8.47785,1.00,1.00
2014.10.29 19:13:32.883,8.47616,8.47795,1.00,1.00
2014.10.29 19:13:34.429,8.47605,8.47783,1.00,1.00
2014.10.29 19:13:34.531,8.47602,8.47782,1.00,1.00
2014.10.29 19:13:34.633,8.47622,8.478,1.00,1.00
2014.10.29 19:13:34.988,8.47609,8.47787,1.00,1.00
2014.10.29 19:13:35.919,8.47609,8.47806,1.00,1.87
2014.10.29 19:13:36.922,8.47624,8.47806,1.00,1.87
2014.10.29 19:13:37.026,8.47611,8.47806,1.00,1.87
2014.10.29 19:13:37.360,8.47596,8.47806,1.00,1.87
2014.10.29 19:13:37.462,8.47611,8.47806,1.00,1.87
2014.10.29 19:13:37.677,8.47599,8.47806,1.00,1.87
2014.10.29 19:13:37.947,8.47599,8.47804,1.00,1.00
2014.10.29 19:13:40.762,8.47646,8.47846,1.00,2.06
2014.10.29 19:13:41.737,8.47646,8.47846,1.00,2.06
2014.10.29 19:13:42.731,8.47646,8.47846,1.00,2.06
2014.10.29 19:13:43.754,8.47646,8.47846,1.00,2.06
2014.10.29 19:13:44.860,8.47646,8.47846,1.00,2.06
2014.10.29 19:13:45.739,8.47646,8.47846,1.00,2.06
2014.10.29 19:13:45.840,8.47662,8.47846,1.00,2.06
2014.10.29 19:13:46.742,8.47662,8.47846,1.00,2.06
2014.10.29 19:13:47.745,8.47662,8.47846,1.00,2.06
2014.10.29 19:13:48.772,8.47662,8.47846,1.00,2.06
2014.10.29 19:13:49.752,8.47662,8.47846,1.00,2.06
2014.10.29 19:13:50.707,8.47659,8.47846,1.00,2.06
2014.10.29 19:13:50.758,8.47659,8.47846,1.00,1.87
2014.10.29 19:13:54.769,8.47659,8.47846,1.00,2.06
2014.10.29 19:13:55.772,8.47659,8.47846,1.00,2.06
2014.10.29 19:13:57.779,8.47659,8.47846,1.00,2.06
2014.10.29 19:14:00.388,8.47645,8.47846,1.00,2.06
2014.10.29 19:14:01.094,8.47645,8.47846,1.00,2.06
2014.10.29 19:14:01.823,8.47648,8.47846,1.00,2.06
2014.10.29 19:14:02.387,8.47649,8.47846,1.00,2.06
2014.10.29 19:14:02.688,8.47649,8.47846,1.00,2.06
2014.10.29 19:14:03.817,8.47649,8.47846,1.00,2.06
2014.10.29 19:14:04.346,8.47664,8.47846,1.00,2.06
2014.10.29 19:14:04.679,8.47652,8.47846,1.00,2.06
2014.10.29 19:14:04.780,8.47652,8.47846,1.00,2.06
2014.10.29 19:14:06.668,8.47652,8.47846,1.00,2.06
2014.10.29 19:14:07.632,8.47652,8.47846,1.00,2.06
2014.10.29 19:14:08.635,8.47652,8.47846,1.00,2.06
2014.10.29 19:14:09.648,8.47652,8.47846,1.00,1.87
2014.10.29 19:14:09.834,8.4766,8.47846,1.00,1.87
2014.10.29 19:14:10.647,8.4766,8.47846,1.00,2.06
2014.10.29 19:14:11.277,8.47648,8.47846,1.00,2.06
2014.10.29 19:14:11.452,8.47649,8.47846,1.00,1.87
2014.10.29 19:14:11.608,8.47651,8.47846,1.00,1.87
2014.10.29 19:14:13.158,8.47651,8.47846,1.00,2.06
2014.10.29 19:14:14.300,8.47651,8.47846,1.00,2.06
2014.10.29 19:14:15.136,8.47614,8.47844,1.00,1.19
2014.10.29 19:14:15.806,8.47614,8.47844,1.00,1.00
2014.10.29 19:14:16.109,8.47629,8.47846,1.00,1.87
2014.10.29 19:14:16.312,8.47615,8.47845,1.00,1.00
2014.10.29 19:14:16.812,8.47615,8.47845,1.00,1.19
2014.10.29 19:14:17.857,8.47615,8.47845,1.00,1.19
2014.10.29 19:14:18.114,8.47601,8.47831,1.00,1.25
2014.10.29 19:14:18.537,8.47615,8.47846,1.00,2.81
2014.10.29 19:14:19.727,8.47615,8.47846,1.00,2.81
2014.10.29 19:14:20.759,8.47615,8.47846,1.00,2.81
2014.10.29 19:14:21.735,8.47615,8.47846,1.00,2.81
2014.10.29 19:14:22.738,8.47615,8.47846,1.00,2.81
2014.10.29 19:14:23.741,8.47615,8.47846,1.00,2.62
2014.10.29 19:14:25.577,8.47615,8.47846,1.00,2.81
2014.10.29 19:14:26.750,8.47615,8.47846,1.00,2.81
2014.10.29 19:14:27.253,8.47615,8.47846,1.00,2.62
2014.10.29 19:14:28.196,8.47614,8.47844,1.00,1.00
2014.10.29 19:14:29.087,8.47614,8.47844,1.00,1.19
2014.10.29 19:14:30.107,8.47614,8.47844,1.00,1.19
2014.10.29 19:14:31.095,8.47614,8.47844,1.00,1.19
2014.10.29 19:14:32.099,8.47614,8.47844,1.00,1.19
2014.10.29 19:14:33.059,8.47631,8.47846,1.00,2.66
2014.10.29 19:14:33.808,8.47631,8.47846,1.00,2.66
2014.10.29 19:14:34.836,8.47631,8.47846,1.00,2.66
2014.10.29 19:14:35.815,8.47631,8.47846,1.00,2.66
2014.10.29 19:14:36.849,8.47631,8.47846,1.00,2.66
2014.10.29 19:14:36.900,8.47618,8.47846,1.00,2.66
2014.10.29 19:14:37.824,8.47618,8.47846,1.00,2.66
2014.10.29 19:14:39.841,8.47618,8.47846,1.00,2.66
2014.10.29 19:14:40.834,8.47618,8.47846,1.00,2.66
2014.10.29 19:14:43.192,8.47618,8.47846,1.00,2.66
2014.10.29 19:14:45.027,8.47618,8.47846,1.00,2.66
2014.10.29 19:14:45.916,8.47618,8.47846,1.00,2.66
2014.10.29 19:14:46.919,8.47618,8.47846,1.00,2.66
2014.10.29 19:14:48.927,8.47618,8.47846,1.00,2.66
2014.10.29 19:14:54.947,8.47618,8.47846,1.00,2.66
2014.10.29 19:14:56.992,8.47618,8.47846,1.00,2.66
2014.10.29 19:14:57.956,8.47618,8.47846,1.00,2.66
2014.10.29 19:14:58.959,8.47618,8.47846,1.00,2.66
2014.10.29 19:15:00.016,8.47618,8.47846,1.00,2.66
2014.10.29 19:15:01.019,8.47618,8.47846,1.00,2.66
2014.10.29 19:15:02.024,8.47618,8.47846,1.00,2.66
2014.10.29 19:15:03.029,8.47618,8.47846,1.00,2.66
2014.10.29 19:15:06.341,8.47618,8.47846,1.19,2.47
2014.10.29 19:15:07.345,8.47618,8.47845,1.00,1.05
2014.10.29 19:15:08.350,8.47618,8.47846,1.00,2.66
2014.10.29 19:15:09.353,8.47618,8.47846,1.00,2.66
2014.10.29 19:15:10.357,8.47618,8.47846,1.00,2.66
2014.10.29 19:15:11.362,8.47618,8.47846,1.00,2.66
2014.10.29 19:15:12.228,8.47638,8.47846,1.00,2.06
2014.10.29 19:15:12.706,8.47638,8.47868,1.00,3.04
2014.10.29 19:15:13.324,8.47634,8.47851,1.87,1.79
2014.10.29 19:15:13.714,8.47634,8.47851,1.87,1.79
2014.10.29 19:15:14.206,8.47634,8.47833,1.87,1.00
2014.10.29 19:15:14.734,8.47634,8.47847,1.87,1.79
2014.10.29 19:15:15.121,8.47634,8.47847,1.87,1.79
2014.10.29 19:15:16.125,8.47634,8.47847,1.87,1.79
2014.10.29 19:15:20.141,8.47634,8.47847,1.87,1.79
2014.10.29 19:15:21.146,8.47634,8.47847,1.87,1.79
2014.10.29 19:15:22.240,8.47634,8.4785,1.87,1.79
2014.10.29 19:15:23.192,8.47634,8.4785,1.87,1.79
2014.10.29 19:15:24.225,8.47634,8.47837,1.87,1.19
2014.10.29 19:15:25.201,8.47634,8.47837,1.87,1.19
2014.10.29 19:15:27.208,8.47634,8.47837,1.87,1.19
2014.10.29 19:15:28.230,8.47634,8.47837,1.87,1.19
2014.10.29 19:15:29.254,8.47634,8.47837,1.87,1.19
2014.10.29 19:15:30.276,8.47634,8.4785,1.87,1.79
2014.10.29 19:15:31.228,8.47634,8.4785,1.87,1.79
2014.10.29 19:15:32.231,8.47634,8.4785,1.87,1.79
2014.10.29 19:15:33.235,8.47634,8.4785,1.87,1.79
2014.10.29 19:15:34.361,8.47634,8.47842,1.87,1.05
2014.10.29 19:15:35.165,8.47634,8.4785,1.87,1.79
2014.10.29 19:15:36.279,8.47634,8.47854,1.87,1.79
2014.10.29 19:15:36.330,8.47634,8.47844,1.87,1.05
2014.10.29 19:15:36.482,8.47634,8.47854,1.87,1.79
2014.10.29 19:15:38.106,8.47634,8.47838,1.87,1.19
2014.10.29 19:15:39.089,8.47634,8.47838,1.87,1.19
2014.10.29 19:15:40.093,8.47634,8.47838,1.87,1.00
2014.10.29 19:15:44.208,8.47634,8.47838,1.87,1.19
2014.10.29 19:15:47.257,8.47634,8.47832,1.87,1.00
2014.10.29 19:15:48.042,8.47634,8.47832,1.87,1.19
2014.10.29 19:15:49.047,8.47634,8.47832,1.87,1.19
2014.10.29 19:15:50.052,8.47634,8.47832,1.87,1.19
2014.10.29 19:15:51.057,8.47634,8.47831,1.87,1.25
2014.10.29 19:15:52.982,8.47634,8.47845,1.87,1.79
2014.10.29 19:15:53.986,8.47634,8.47845,1.87,1.79
2014.10.29 19:15:54.990,8.47634,8.47845,1.87,1.79
2014.10.29 19:15:55.798,8.47634,8.47829,1.87,1.00
2014.10.29 19:15:55.986,8.47634,8.47833,1.87,1.25
2014.10.29 19:15:56.245,8.47634,8.47847,1.87,1.79
2014.10.29 19:15:56.565,8.47634,8.47833,1.87,1.00
2014.10.29 19:15:59.008,8.47634,8.47833,1.87,1.19
2014.10.29 19:16:00.037,8.47634,8.47833,1.87,1.19
2014.10.29 19:16:01.023,8.47634,8.47833,1.87,1.19
2014.10.29 19:16:02.051,8.47634,8.47838,1.87,1.00
2014.10.29 19:16:03.137,8.47634,8.47846,1.87,1.60
2014.10.29 19:16:03.290,8.47634,8.47829,1.87,1.00
2014.10.29 19:16:03.704,8.47634,8.47845,1.87,1.60
2014.10.29 19:16:04.548,8.47634,8.47845,1.87,1.79
2014.10.29 19:16:04.874,8.47634,8.47822,1.87,1.00
2014.10.29 19:16:04.925,8.47634,8.4784,1.87,1.19
2014.10.29 19:16:05.550,8.47634,8.4784,1.87,1.19
2014.10.29 19:16:06.554,8.47634,8.4784,1.87,1.19
2014.10.29 19:16:08.061,8.47634,8.47856,1.87,1.79
2014.10.29 19:16:09.094,8.47634,8.47846,1.87,1.79
2014.10.29 19:16:10.657,8.47634,8.47844,1.87,1.05
2014.10.29 19:16:11.057,8.47634,8.47828,1.87,1.00
2014.10.29 19:16:11.212,8.47634,8.47844,1.87,1.54
2014.10.29 19:16:13.064,8.47653,8.47824,1.00,1.00
2014.10.29 19:16:21.408,8.47643,8.47816,1.00,1.00
2014.10.29 19:16:23.056,8.47655,8.47826,1.00,1.00
2014.10.29 19:16:23.405,8.47645,8.47816,1.00,1.00
2014.10.29 19:16:30.886,8.47655,8.47826,1.00,1.00
2014.10.29 19:16:42.854,8.47666,8.47837,1.00,1.00
2014.10.29 19:16:43.167,8.47652,8.47823,1.00,1.00
2014.10.29 19:16:43.217,8.47663,8.47836,1.00,1.00
2014.10.29 19:16:43.319,8.47655,8.47826,1.00,1.00
2014.10.29 19:16:49.275,8.47646,8.47816,1.00,1.00
2014.10.29 19:16:49.376,8.47658,8.47829,1.00,1.00
2014.10.29 19:16:49.585,8.47649,8.47819,1.00,1.00
2014.10.29 19:16:50.271,8.47648,8.47819,1.00,1.00
2014.10.29 19:16:51.355,8.47658,8.47829,1.00,1.00
2014.10.29 19:16:51.679,8.47647,8.47818,1.00,1.00
2014.10.29 19:16:52.632,8.47661,8.47832,1.00,1.00
2014.10.29 19:17:06.319,8.4765,8.47821,1.00,1.00
2014.10.29 19:17:11.464,8.47661,8.47832,1.00,1.00
2014.10.29 19:17:11.811,8.4765,8.47821,1.00,1.00
2014.10.29 19:17:14.225,8.47661,8.47832,1.00,1.00
2014.10.29 19:17:14.558,8.4765,8.47821,1.00,1.00
2014.10.29 19:17:16.424,8.47634,8.47802,1.87,1.00
2014.10.29 19:17:18.624,8.4764,8.47811,1.00,1.00
2014.10.29 19:17:18.999,8.47634,8.47801,1.87,1.00
2014.10.29 19:17:19.050,8.47643,8.47813,1.00,1.00
2014.10.29 19:17:19.491,8.47634,8.47802,1.87,1.00
2014.10.29 19:17:20.059,8.47645,8.47816,1.00,1.00
2014.10.29 19:17:20.614,8.47635,8.47806,1.00,1.00
2014.10.29 19:17:21.716,8.47645,8.47816,1.00,1.00
2014.10.29 19:17:22.029,8.47634,8.47804,2.62,1.00
2014.10.29 19:17:24.793,8.47643,8.47813,1.00,1.00
2014.10.29 19:17:33.155,8.47653,8.47825,1.00,1.00
2014.10.29 19:17:33.265,8.47644,8.47815,1.00,1.00
2014.10.29 19:17:33.838,8.47643,8.47814,1.00,1.00
2014.10.29 19:17:37.809,8.47642,8.47813,1.00,1.00
2014.10.29 19:17:38.215,8.47656,8.47827,1.00,1.00
2014.10.29 19:17:38.751,8.47646,8.47816,1.00,1.00
2014.10.29 19:18:10.693,8.47636,8.47807,1.00,1.00
2014.10.29 19:18:11.109,8.47648,8.47818,1.00,1.00
2014.10.29 19:18:13.411,8.47627,8.47838,1.00,1.19
2014.10.29 19:18:14.520,8.47627,8.47838,1.00,1.19
2014.10.29 19:18:16.526,8.47627,8.47838,1.00,1.19
2014.10.29 19:18:17.532,8.47627,8.47838,1.00,1.19
2014.10.29 19:18:19.539,8.47627,8.47838,1.00,1.19
2014.10.29 19:18:20.757,8.47627,8.47838,1.00,1.19
2014.10.29 19:18:21.747,8.47627,8.47838,1.00,1.19
2014.10.29 19:18:23.554,8.47627,8.47838,1.00,1.00
2014.10.29 19:18:24.558,8.47627,8.47838,1.00,1.19
2014.10.29 19:18:26.564,8.47627,8.47838,1.00,1.19
2014.10.29 19:18:27.601,8.47627,8.47838,1.00,1.19
2014.10.29 19:18:28.628,8.47611,8.47821,1.00,1.00
2014.10.29 19:18:29.475,8.47626,8.47836,1.00,1.19
2014.10.29 19:18:30.314,8.47626,8.47836,1.00,1.19
2014.10.29 19:18:31.369,8.47626,8.47836,1.00,1.19
2014.10.29 19:18:32.322,8.47626,8.47836,1.00,1.19
2014.10.29 19:18:33.341,8.47626,8.47836,1.00,1.19
2014.10.29 19:18:33.673,8.47644,8.47846,1.00,2.06
2014.10.29 19:18:34.342,8.47644,8.47846,1.00,2.06
2014.10.29 19:18:34.751,8.4766,8.47846,1.00,2.06
2014.10.29 19:18:35.368,8.4766,8.47846,1.00,2.06
2014.10.29 19:18:36.336,8.4766,8.47846,1.00,2.06
2014.10.29 19:18:38.411,8.4766,8.47846,1.00,2.06
2014.10.29 19:18:39.346,8.4766,8.47846,1.00,2.06
2014.10.29 19:18:40.363,8.4766,8.47846,1.00,2.06
2014.10.29 19:18:41.243,8.47644,8.47846,1.00,2.06
2014.10.29 19:18:42.055,8.47644,8.47846,1.00,2.06
2014.10.29 19:18:43.125,8.4766,8.47846,1.00,2.06
2014.10.29 19:18:43.335,8.47645,8.47846,1.00,2.06
2014.10.29 19:18:43.442,8.47659,8.47846,1.00,2.06
2014.10.29 19:18:44.091,8.47659,8.47846,1.00,2.06
2014.10.29 19:18:44.720,8.47659,8.47846,1.00,2.06
2014.10.29 19:18:46.651,8.47659,8.47846,1.00,2.06
2014.10.29 19:18:49.773,8.47659,8.47846,1.00,2.06
2014.10.29 19:18:50.958,8.4764,8.47846,1.00,2.06
2014.10.29 19:18:51.059,8.47657,8.47846,1.00,2.06
2014.10.29 19:18:51.674,8.47657,8.47846,1.00,2.06
2014.10.29 19:18:52.660,8.47657,8.47846,1.00,2.06
2014.10.29 19:18:53.665,8.47657,8.47846,1.00,2.06
2014.10.29 19:18:54.668,8.47657,8.47846,1.00,2.06
2014.10.29 19:18:58.679,8.47657,8.47846,1.00,2.06
2014.10.29 19:18:59.707,8.47657,8.47846,1.00,2.06
2014.10.29 19:19:01.739,8.47657,8.47846,1.00,2.06
2014.10.29 19:19:02.266,8.47641,8.47846,1.00,2.06
2014.10.29 19:19:02.811,8.47655,8.47846,1.00,2.06
2014.10.29 19:19:03.145,8.47655,8.47846,1.00,2.06
2014.10.29 19:19:04.098,8.47655,8.47846,1.00,2.06
2014.10.29 19:19:05.102,8.47655,8.47846,1.00,2.06
2014.10.29 19:19:05.948,8.47655,8.47846,1.00,1.87
2014.10.29 19:19:07.913,8.47655,8.47846,1.00,2.06
2014.10.29 19:19:09.919,8.47655,8.47846,1.00,2.06
2014.10.29 19:19:10.623,8.47641,8.47846,1.00,2.06
2014.10.29 19:19:11.321,8.47641,8.47846,1.00,2.06
2014.10.29 19:19:11.925,8.47641,8.47846,1.00,2.06
2014.10.29 19:19:15.944,8.47641,8.47846,1.00,2.06
2014.10.29 19:19:16.942,8.47641,8.47846,1.00,2.06
2014.10.29 19:19:21.992,8.47641,8.47846,1.00,1.87
2014.10.29 19:19:23.997,8.47641,8.47846,1.00,2.06
2014.10.29 19:19:26.004,8.47641,8.47846,1.00,2.06
2014.10.29 19:19:27.007,8.47641,8.47846,1.00,2.66
2014.10.29 19:19:29.014,8.47641,8.47846,1.00,2.66
2014.10.29 19:19:33.034,8.47641,8.47846,1.00,2.66
2014.10.29 19:19:34.027,8.47641,8.47846,1.00,2.66
2014.10.29 19:19:35.030,8.47641,8.47844,1.00,1.05
2014.10.29 19:19:36.336,8.47641,8.47846,1.00,2.66
2014.10.29 19:19:38.113,8.47641,8.47846,1.00,2.66
2014.10.29 19:19:41.220,8.47655,8.47846,1.00,2.47
2014.10.29 19:19:42.880,8.47641,8.47846,1.00,2.66
2014.10.29 19:19:43.868,8.47641,8.47846,1.00,2.66
2014.10.29 19:19:44.742,8.47654,8.47846,1.00,2.66
2014.10.29 19:19:44.870,8.47654,8.47846,1.00,2.66
2014.10.29 19:19:46.177,8.47654,8.47846,1.00,2.06
2014.10.29 19:19:46.424,8.47667,8.47846,1.00,2.06
2014.10.29 19:19:48.187,8.47667,8.47846,1.00,2.06
2014.10.29 19:19:49.191,8.47667,8.47846,1.00,2.06
2014.10.29 19:19:49.359,8.47654,8.47846,1.00,2.06
2014.10.29 19:19:50.197,8.47654,8.47846,1.00,2.06
2014.10.29 19:19:50.679,8.47667,8.47846,1.00,2.06
2014.10.29 19:19:51.243,8.47667,8.47846,1.00,1.87
2014.10.29 19:19:53.809,8.47654,8.47846,1.00,1.87
2014.10.29 19:19:55.542,8.47654,8.47846,1.00,2.06
2014.10.29 19:19:55.774,8.4764,8.47846,1.00,2.06
2014.10.29 19:19:56.561,8.4764,8.47846,1.00,2.06
2014.10.29 19:19:56.859,8.47652,8.47846,1.00,2.06
2014.10.29 19:19:57.533,8.47652,8.47846,1.00,2.06
2014.10.29 19:20:00.539,8.47652,8.47846,1.00,2.66
2014.10.29 19:20:01.546,8.47652,8.47846,1.00,2.66
2014.10.29 19:20:02.549,8.47652,8.47846,1.00,2.66
2014.10.29 19:20:03.582,8.47652,8.47846,1.00,2.66
2014.10.29 19:20:04.587,8.47652,8.47846,1.00,2.66
2014.10.29 19:20:05.591,8.47652,8.47846,1.00,2.66
2014.10.29 19:20:06.998,8.47652,8.47846,1.00,2.47
2014.10.29 19:20:08.001,8.47652,8.47846,1.00,2.66
2014.10.29 19:20:10.009,8.47652,8.47846,1.00,2.66
2014.10.29 19:20:11.112,8.47652,8.47846,1.00,2.66
2014.10.29 19:20:13.024,8.47652,8.47846,1.00,2.66
2014.10.29 19:20:15.054,8.47652,8.47846,1.00,2.66
2014.10.29 19:20:16.038,8.47652,8.47846,1.00,2.66
2014.10.29 19:20:16.343,8.47628,8.47846,1.00,2.66
2014.10.29 19:20:16.995,8.47628,8.47846,1.00,2.66
2014.10.29 19:20:17.997,8.47628,8.47846,1.00,2.66
2014.10.29 19:20:19.013,8.47628,8.47846,1.00,2.66
2014.10.29 19:20:20.045,8.47628,8.47846,1.00,2.66
2014.10.29 19:20:21.325,8.47628,8.47846,1.00,2.66
2014.10.29 19:20:23.032,8.47628,8.47846,1.00,2.66
2014.10.29 19:20:25.139,8.47628,8.47846,1.00,2.66
2014.10.29 19:20:26.144,8.47628,8.47846,1.00,2.66
2014.10.29 19:20:27.149,8.47628,8.47846,1.00,2.66
2014.10.29 19:20:28.152,8.47628,8.47846,1.00,2.47
2014.10.29 19:20:31.384,8.47626,8.47846,1.00,2.66
2014.10.29 19:20:31.544,8.47626,8.47846,1.00,2.66
2014.10.29 19:20:32.548,8.47626,8.47846,1.00,2.66
2014.10.29 19:20:33.551,8.47626,8.47846,1.00,2.66
2014.10.29 19:20:34.554,8.47626,8.47846,1.00,2.66
2014.10.29 19:20:35.558,8.47626,8.47846,1.00,2.66
2014.10.29 19:20:36.585,8.47626,8.47846,1.00,2.66
2014.10.29 19:20:37.608,8.47626,8.47846,1.00,2.66
2014.10.29 19:20:38.567,8.47626,8.47846,1.00,2.66
2014.10.29 19:20:40.573,8.47626,8.47846,1.00,2.66
2014.10.29 19:20:41.584,8.47626,8.47846,1.00,2.66
2014.10.29 19:20:42.304,8.47642,8.47846,1.00,2.66
2014.10.29 19:20:42.406,8.47626,8.47846,1.00,2.66
2014.10.29 19:20:43.082,8.47626,8.47846,1.00,2.66
2014.10.29 19:20:43.584,8.47626,8.47846,1.00,2.66
2014.10.29 19:20:45.590,8.47626,8.47846,1.00,2.66
2014.10.29 19:20:46.594,8.47626,8.47846,1.00,2.66
2014.10.29 19:20:47.584,8.47645,8.47846,1.00,2.66
2014.10.29 19:20:48.102,8.47645,8.47846,1.00,2.66
2014.10.29 19:20:49.183,8.47645,8.47846,1.00,2.66
2014.10.29 19:20:52.144,8.47645,8.47846,1.00,2.66
2014.10.29 19:20:53.147,8.47645,8.47846,1.00,2.66
2014.10.29 19:20:54.184,8.47645,8.47846,1.00,2.66
2014.10.29 19:20:55.153,8.47645,8.47846,1.00,2.66
2014.10.29 19:20:56.156,8.47645,8.47846,1.00,2.66
2014.10.29 19:20:57.184,8.47645,8.47846,1.00,2.66
2014.10.29 19:20:58.163,8.47645,8.47846,1.00,2.66
2014.10.29 19:20:59.168,8.47645,8.47846,1.00,2.66
2014.10.29 19:21:00.171,8.47645,8.47846,1.00,2.66
2014.10.29 19:21:01.961,8.47627,8.47846,1.00,2.66
2014.10.29 19:21:04.380,8.47627,8.47846,1.00,2.06
2014.10.29 19:21:05.234,8.47627,8.47846,1.00,2.06
2014.10.29 19:21:08.256,8.47627,8.47846,1.00,2.06
2014.10.29 19:21:09.862,8.47627,8.47846,1.00,2.06
2014.10.29 19:21:10.864,8.47627,8.47846,1.00,2.06
2014.10.29 19:21:11.868,8.47627,8.47846,1.00,2.06
2014.10.29 19:21:12.871,8.47627,8.47846,1.00,2.06
2014.10.29 19:21:13.898,8.47627,8.47846,1.00,1.87
2014.10.29 19:21:14.921,8.47627,8.47846,1.00,2.06
2014.10.29 19:21:15.882,8.47627,8.47846,1.00,2.06
2014.10.29 19:21:16.886,8.47627,8.47846,1.00,2.06
2014.10.29 19:21:17.890,8.47627,8.47846,1.00,2.06
2014.10.29 19:21:19.828,8.47625,8.47846,1.00,2.06
2014.10.29 19:21:20.872,8.47625,8.47846,1.00,2.06
2014.10.29 19:21:21.854,8.47625,8.47846,1.00,2.06
2014.10.29 19:21:23.860,8.47625,8.47846,1.00,2.06
2014.10.29 19:21:24.912,8.47625,8.47846,1.00,2.06
2014.10.29 19:21:26.227,8.47625,8.47766,1.00,1.87
2014.10.29 19:21:27.618,8.47604,8.47766,1.00,1.87
2014.10.29 19:21:50.052,8.47614,8.47766,1.00,1.87
2014.10.29 19:21:57.541,8.47604,8.47766,1.00,1.87
2014.10.29 19:21:58.645,8.47594,8.47766,1.00,1.87
2014.10.29 19:22:04.490,8.47604,8.47766,1.00,1.87
2014.10.29 19:22:06.024,8.47594,8.47766,1.00,1.87
2014.10.29 19:22:40.408,8.47604,8.47766,1.00,1.87
2014.10.29 19:22:47.494,8.47594,8.47766,1.00,1.87
2014.10.29 19:23:06.259,8.47604,8.47766,1.00,1.87
2014.10.29 19:23:14.547,8.47594,8.47766,1.00,1.87
2014.10.29 19:23:21.659,8.47584,8.47766,1.00,1.87
2014.10.29 19:23:26.054,8.47584,8.47766,1.19,1.87
2014.10.29 19:23:27.059,8.47584,8.47766,1.25,1.87
2014.10.29 19:23:28.809,8.47594,8.47766,1.00,1.87
2014.10.29 19:23:33.979,8.47584,8.47766,1.00,1.87
2014.10.29 19:23:44.649,8.47594,8.47766,1.00,1.87
2014.10.29 19:23:47.728,8.47604,8.47766,1.00,1.87
2014.10.29 19:24:02.936,8.47594,8.47766,1.00,1.87
2014.10.29 19:24:15.233,8.47602,8.47766,1.00,1.87
2014.10.29 19:24:21.940,8.47615,8.47766,1.00,1.87
2014.10.29 19:24:22.042,8.476,8.47766,1.00,1.87
2014.10.29 19:24:26.674,8.47613,8.47766,1.00,1.87
2014.10.29 19:24:29.170,8.47599,8.47766,1.00,1.87
2014.10.29 19:24:32.278,8.4761,8.47766,1.00,1.87
2014.10.29 19:24:37.430,8.47596,8.47766,1.00,1.87
2014.10.29 19:24:39.188,8.47607,8.47766,1.00,1.87
2014.10.29 19:24:44.798,8.47593,8.47766,1.00,1.87
2014.10.29 19:24:45.238,8.47609,8.47766,1.00,1.87
2014.10.29 19:24:45.460,8.47596,8.47766,1.00,1.87
2014.10.29 19:24:45.937,8.47606,8.47766,1.00,1.87
2014.10.29 19:24:47.217,8.47619,8.47766,1.00,1.87
2014.10.29 19:24:47.873,8.4761,8.47766,1.00,1.87
2014.10.29 19:24:50.517,8.47616,8.47766,1.00,1.87
2014.10.29 19:24:50.825,8.47625,8.47766,1.00,1.87
2014.10.29 19:24:54.273,8.47615,8.47766,1.00,1.87
2014.10.29 19:24:54.375,8.47617,8.47766,1.00,1.87
2014.10.29 19:24:55.246,8.47606,8.47766,1.00,1.87
2014.10.29 19:24:56.018,8.4762,8.47766,1.00,1.87
2014.10.29 19:24:57.930,8.47631,8.47766,1.00,1.87
2014.10.29 19:24:58.133,8.47619,8.47766,1.00,1.87
2014.10.29 19:25:06.147,8.47629,8.47766,1.00,1.87
2014.10.29 19:25:06.709,8.47618,8.47766,1.00,1.87
2014.10.29 19:25:15.528,8.4763,8.47766,1.00,1.87
2014.10.29 19:25:16.626,8.47614,8.47766,1.00,1.87
2014.10.29 19:25:17.439,8.47624,8.47766,1.00,1.87
2014.10.29 19:25:17.641,8.47614,8.47766,1.00,1.87
2014.10.29 19:25:18.425,8.47611,8.47766,1.00,1.87
2014.10.29 19:25:19.049,8.47622,8.47766,1.00,1.87
2014.10.29 19:25:27.002,8.47632,8.47766,1.00,1.87
2014.10.29 19:25:28.175,8.47621,8.47766,1.00,1.87
2014.10.29 19:25:32.577,8.47614,8.47766,1.00,1.87
2014.10.29 19:25:33.016,8.4762,8.47766,1.00,1.87
2014.10.29 19:25:36.537,8.47632,8.47766,1.00,1.87
2014.10.29 19:25:36.976,8.47621,8.47766,1.00,1.87
2014.10.29 19:25:42.587,8.47632,8.47766,1.00,1.87
2014.10.29 19:25:44.608,8.47616,8.47766,1.00,1.87
2014.10.29 19:25:45.335,8.4762,8.47766,1.00,1.87
2014.10.29 19:25:52.906,8.47624,8.47766,1.00,1.87
2014.10.29 19:25:55.678,8.4762,8.47766,1.00,1.87
2014.10.29 19:25:58.977,8.47624,8.47766,1.00,1.87
2014.10.29 19:26:12.206,8.47629,8.47766,1.00,1.87
2014.10.29 19:26:14.929,8.47624,8.47766,1.00,1.87
2014.10.29 19:26:26.225,8.47624,8.47832,1.00,1.19
2014.10.29 19:26:27.086,8.47624,8.47832,1.00,1.19
2014.10.29 19:26:28.090,8.47624,8.47832,1.00,1.19
2014.10.29 19:26:29.093,8.47624,8.47832,1.00,1.19
2014.10.29 19:26:30.095,8.47624,8.47832,1.00,1.19
2014.10.29 19:26:31.099,8.47624,8.47832,1.00,1.19
2014.10.29 19:26:33.104,8.47624,8.47833,1.00,1.19
2014.10.29 19:26:34.108,8.47624,8.47833,1.00,1.19
2014.10.29 19:26:35.109,8.47624,8.47833,1.00,1.19
2014.10.29 19:26:37.118,8.47624,8.47833,1.00,1.19
2014.10.29 19:26:37.219,8.47649,8.47833,1.00,1.19
2014.10.29 19:26:37.321,8.47649,8.47839,1.00,1.00
2014.10.29 19:26:37.372,8.47649,8.47857,1.00,1.19
2014.10.29 19:26:37.423,8.4764,8.47857,1.00,1.00
2014.10.29 19:26:37.525,8.4768,8.47891,1.00,1.00
2014.10.29 19:26:37.626,8.47699,8.47916,1.00,1.00
2014.10.29 19:26:37.829,8.47679,8.47909,1.00,1.00
2014.10.29 19:26:38.108,8.47679,8.47906,1.00,1.87
2014.10.29 19:26:38.412,8.47698,8.47906,1.00,1.87
2014.10.29 19:26:38.464,8.47698,8.47916,1.00,1.00
2014.10.29 19:26:39.140,8.47683,8.47913,1.00,1.00
2014.10.29 19:26:39.635,8.47683,8.47913,1.00,1.19
2014.10.29 19:26:40.639,8.47683,8.47913,1.00,1.19
2014.10.29 19:26:41.605,8.47683,8.47913,1.00,1.19
2014.10.29 19:26:43.592,8.47683,8.47913,1.00,1.25
2014.10.29 19:26:45.582,8.47683,8.47913,1.00,1.19
2014.10.29 19:26:49.600,8.47683,8.47913,1.00,1.19
2014.10.29 19:26:50.605,8.47683,8.47913,1.00,1.19
2014.10.29 19:26:51.626,8.47683,8.47913,1.00,1.19
2014.10.29 19:26:52.615,8.47683,8.47913,1.00,1.00
2014.10.29 19:26:53.649,8.47666,8.47896,1.00,1.00
2014.10.29 19:26:55.593,8.47676,8.47896,1.00,1.00
2014.10.29 19:26:55.905,8.47696,8.47926,1.00,1.19
2014.10.29 19:26:56.283,8.47716,8.4793,1.00,1.19
2014.10.29 19:26:56.515,8.47716,8.47934,1.00,1.19
2014.10.29 19:26:57.562,8.47716,8.47934,1.00,1.19
2014.10.29 19:26:58.522,8.47716,8.47934,1.00,1.19
2014.10.29 19:26:59.525,8.47716,8.47934,1.00,1.19
2014.10.29 19:27:00.542,8.47716,8.47934,1.00,1.19
2014.10.29 19:27:01.570,8.47716,8.47934,1.00,1.19
2014.10.29 19:27:02.540,8.47716,8.47934,1.00,1.19
2014.10.29 19:27:03.925,8.47698,8.4793,1.19,1.00
2014.10.29 19:27:04.100,8.47715,8.47934,1.00,1.19
2014.10.29 19:27:07.156,8.47715,8.47934,1.00,1.19
2014.10.29 19:27:07.567,8.47715,8.47914,1.00,1.00
2014.10.29 19:27:07.618,8.47701,8.47914,1.00,1.00
2014.10.29 19:27:07.871,8.47685,8.47914,1.00,1.00
2014.10.29 19:27:08.175,8.47685,8.47918,1.00,1.00
2014.10.29 19:27:08.701,8.47685,8.47914,1.00,1.00
2014.10.29 19:27:08.875,8.47685,8.47918,1.00,1.00
2014.10.29 19:27:09.169,8.47685,8.47918,1.00,1.19
2014.10.29 19:27:11.162,8.47687,8.47916,1.00,1.19
2014.10.29 19:27:11.616,8.47687,8.47916,1.00,1.19
2014.10.29 19:27:12.352,8.47691,8.47916,1.00,1.19
2014.10.29 19:27:12.611,8.47683,8.47913,1.00,1.19
2014.10.29 19:27:13.184,8.47683,8.47913,1.00,1.19
2014.10.29 19:27:13.405,8.47683,8.47913,1.00,1.00
2014.10.29 19:27:13.506,8.47685,8.47913,1.00,1.00
2014.10.29 19:27:13.837,8.47689,8.47916,1.00,1.00
2014.10.29 19:27:14.889,8.47684,8.47916,1.00,1.50
2014.10.29 19:27:15.143,8.47671,8.47901,1.00,1.00
2014.10.29 19:27:35.499,8.47655,8.47885,1.00,1.00
2014.10.29 19:27:40.726,8.47655,8.47885,1.19,1.00
2014.10.29 19:27:40.777,8.47669,8.47902,1.19,1.00
2014.10.29 19:27:40.878,8.47686,8.47916,1.00,1.19
2014.10.29 19:27:41.183,8.47707,8.47937,1.00,1.19
2014.10.29 19:27:41.562,8.47704,8.47934,1.00,1.19
2014.10.29 19:27:41.970,8.47704,8.47934,1.19,1.00
2014.10.29 19:27:42.097,8.47718,8.47949,1.00,1.19
2014.10.29 19:27:43.098,8.47733,8.47961,1.00,1.19
2014.10.29 19:27:43.149,8.47733,8.47961,1.19,1.00
2014.10.29 19:27:44.297,8.47734,8.47961,1.25,1.00
2014.10.29 19:27:45.170,8.47734,8.47961,1.19,1.00
2014.10.29 19:27:45.487,8.47748,8.47961,1.00,1.00
2014.10.29 19:27:52.256,8.47748,8.47978,1.00,1.19
2014.10.29 19:27:52.918,8.47754,8.47978,1.69,1.00
2014.10.29 19:27:53.019,8.47779,8.47996,1.00,1.87
2014.10.29 19:27:53.374,8.47763,8.47993,1.00,1.00
2014.10.29 19:27:53.476,8.47782,8.47996,1.00,1.87
2014.10.29 19:27:53.698,8.47756,8.47986,1.00,1.00
2014.10.29 19:27:54.329,8.47775,8.48005,1.00,1.19
2014.10.29 19:27:54.585,8.47759,8.47989,1.00,1.00
2014.10.29 19:27:54.873,8.47776,8.48006,1.00,2.06
2014.10.29 19:27:55.651,8.47776,8.48006,1.00,2.06
2014.10.29 19:27:56.858,8.47776,8.48006,1.19,1.87
2014.10.29 19:27:57.918,8.47776,8.48006,1.19,1.87
2014.10.29 19:27:58.445,8.47776,8.47996,1.19,1.87
2014.10.29 19:27:59.366,8.47776,8.47996,1.00,1.87
2014.10.29 19:28:00.594,8.47758,8.47988,1.19,1.00
2014.10.29 19:28:00.696,8.47758,8.47988,1.19,1.00
2014.10.29 19:28:01.674,8.47758,8.47988,1.19,1.00
2014.10.29 19:28:02.347,8.47773,8.47996,1.00,1.87
2014.10.29 19:28:02.564,8.47773,8.48003,1.00,1.19
2014.10.29 19:28:02.678,8.47773,8.48003,1.00,1.19
2014.10.29 19:28:03.682,8.47773,8.48003,1.00,1.19
2014.10.29 19:28:04.234,8.47773,8.47996,1.00,1.87
2014.10.29 19:28:05.087,8.47773,8.47996,1.00,2.06
2014.10.29 19:28:06.095,8.47745,8.47975,1.19,1.00
2014.10.29 19:28:06.723,8.47745,8.47975,1.19,1.00
2014.10.29 19:28:06.776,8.47759,8.47989,1.19,1.00
2014.10.29 19:28:07.724,8.47759,8.47989,1.19,1.00
2014.10.29 19:28:08.294,8.47772,8.48002,1.00,1.19
2014.10.29 19:28:09.205,8.47772,8.48002,1.25,1.25
2014.10.29 19:28:10.606,8.47772,8.48002,1.19,1.00
2014.10.29 19:28:11.784,8.47772,8.48002,1.19,1.00
2014.10.29 19:28:12.503,8.47754,8.47983,1.19,1.00
2014.10.29 19:28:13.048,8.47754,8.4797,1.19,1.00
2014.10.29 19:28:13.357,8.47753,8.47983,1.00,1.19
2014.10.29 19:28:13.459,8.47753,8.47975,1.00,1.00
2014.10.29 19:28:13.785,8.47719,8.47927,1.19,1.00
2014.10.29 19:28:14.478,8.47686,8.47927,1.19,1.00
2014.10.29 19:28:14.786,8.47702,8.47952,1.19,1.19
2014.10.29 19:28:15.511,8.47702,8.47952,1.19,1.19
2014.10.29 19:28:16.337,8.47727,8.47958,1.00,1.19
2014.10.29 19:28:16.494,8.47727,8.47958,1.00,1.19
2014.10.29 19:28:16.873,8.477,8.47952,1.19,1.19
2014.10.29 19:28:17.473,8.477,8.47952,1.19,1.19
2014.10.29 19:28:19.481,8.477,8.47952,1.19,1.19
2014.10.29 19:28:20.486,8.477,8.47952,1.19,1.00
2014.10.29 19:28:21.491,8.477,8.47952,1.19,1.00
2014.10.29 19:28:21.933,8.4772,8.47958,1.19,1.25
2014.10.29 19:28:22.127,8.4772,8.4794,1.19,1.00
2014.10.29 19:28:22.447,8.47666,8.47918,1.19,1.00
2014.10.29 19:28:22.844,8.47664,8.47903,1.19,1.00
2014.10.29 19:28:23.137,8.47634,8.47883,1.19,1.00
2014.10.29 19:28:23.390,8.47656,8.47906,1.19,1.19
2014.10.29 19:28:24.140,8.47656,8.47906,1.00,1.25
2014.10.29 19:28:26.127,8.47656,8.47906,1.19,1.00
2014.10.29 19:28:27.140,8.47656,8.47906,1.00,1.00
2014.10.29 19:28:28.139,8.47656,8.47906,1.19,1.25
2014.10.29 19:28:29.141,8.47656,8.47906,1.19,1.00
2014.10.29 19:28:30.145,8.47656,8.47906,1.25,1.00
2014.10.29 19:28:31.950,8.47656,8.47906,1.19,1.00
2014.10.29 19:28:32.954,8.47656,8.47906,1.19,1.00
2014.10.29 19:28:34.964,8.47656,8.47906,1.00,1.00
2014.10.29 19:28:35.269,8.47645,8.47897,1.19,1.00
2014.10.29 19:28:35.968,8.47645,8.47897,1.00,1.00
2014.10.29 19:28:38.196,8.47645,8.47895,1.00,1.00
2014.10.29 19:28:38.526,8.47625,8.47875,1.19,1.00
2014.10.29 19:28:39.387,8.47625,8.47875,1.00,1.00
2014.10.29 19:28:39.489,8.47625,8.47842,1.00,1.19
2014.10.29 19:28:39.540,8.47554,8.47842,1.50,1.19
2014.10.29 19:28:39.591,8.47502,8.47842,1.00,1.19
2014.10.29 19:28:39.642,8.47502,8.47793,1.00,1.00
2014.10.29 19:28:39.967,8.47574,8.47824,1.00,1.00
2014.10.29 19:28:40.321,8.47564,8.47814,1.00,1.00
2014.10.29 19:28:40.694,8.47608,8.47858,1.19,1.00
2014.10.29 19:28:41.091,8.47592,8.47839,1.19,1.00
2014.10.29 19:28:41.416,8.47595,8.47839,1.19,1.00
2014.10.29 19:28:42.363,8.47597,8.47839,1.19,1.00
2014.10.29 19:28:42.835,8.47607,8.47857,1.19,1.00
2014.10.29 19:28:43.089,8.47643,8.47886,1.00,1.19
2014.10.29 19:28:43.191,8.47643,8.47893,1.00,1.50
2014.10.29 19:28:43.393,8.47659,8.47909,1.00,1.19
2014.10.29 19:28:44.036,8.47643,8.47893,1.00,1.00
2014.10.29 19:28:50.226,8.47643,8.47893,1.19,1.00
2014.10.29 19:28:51.131,8.47643,8.47893,1.00,1.00
2014.10.29 19:29:01.594,8.47623,8.47873,1.19,1.00
2014.10.29 19:29:01.701,8.47623,8.47873,1.00,1.00
2014.10.29 19:29:05.090,8.47605,8.47857,1.00,1.00
2014.10.29 19:29:05.434,8.47605,8.47848,1.00,1.19
2014.10.29 19:29:05.536,8.47537,8.47823,1.00,1.19
2014.10.29 19:29:05.637,8.47517,8.47778,1.00,1.00
2014.10.29 19:29:06.097,8.47517,8.47758,1.00,1.00
2014.10.29 19:29:06.611,8.47515,8.47758,1.00,1.00
2014.10.29 19:29:06.716,8.47498,8.47759,1.19,1.00
2014.10.29 19:29:06.823,8.47498,8.47759,1.19,1.00
2014.10.29 19:29:08.429,8.47498,8.47759,1.19,1.00
2014.10.29 19:29:09.433,8.47498,8.47759,1.00,1.00
2014.10.29 19:29:10.885,8.47498,8.47747,1.00,1.00
2014.10.29 19:29:10.936,8.47477,8.47727,1.00,1.00
2014.10.29 19:29:11.037,8.47493,8.47743,1.00,1.00
2014.10.29 19:29:12.473,8.47505,8.47755,1.00,1.00
2014.10.29 19:29:18.389,8.475,8.47752,1.00,1.00
2014.10.29 19:29:18.592,8.47487,8.47737,1.00,1.00
2014.10.29 19:29:33.089,8.47517,8.47756,1.00,1.00
2014.10.29 19:29:33.399,8.47517,8.47766,1.00,1.00
2014.10.29 19:29:33.500,8.4754,8.47766,1.00,1.00
2014.10.29 19:29:36.730,8.47525,8.47766,1.00,1.00
2014.10.29 19:29:37.058,8.47525,8.47756,1.00,1.00
2014.10.29 19:29:37.709,8.47525,8.47766,1.00,1.19
2014.10.29 19:29:38.014,8.47545,8.47766,1.00,1.19
2014.10.29 19:29:38.565,8.47545,8.47766,1.00,1.00
2014.10.29 19:29:39.943,8.47545,8.47766,1.00,1.19
2014.10.29 19:29:40.941,8.47545,8.47766,1.00,1.19
2014.10.29 19:29:42.008,8.47545,8.47766,1.00,1.19
2014.10.29 19:29:42.962,8.47545,8.47766,1.00,1.19
2014.10.29 19:29:43.939,8.47545,8.47766,1.00,1.19
2014.10.29 19:29:44.971,8.47545,8.47766,1.00,1.19
2014.10.29 19:29:45.945,8.47545,8.47766,1.00,1.19
2014.10.29 19:29:46.974,8.47545,8.47766,1.00,1.19
2014.10.29 19:29:47.951,8.47545,8.47766,1.00,1.19
2014.10.29 19:29:49.003,8.47545,8.47766,1.00,1.19
2014.10.29 19:29:49.110,8.47529,8.47766,1.00,1.19
2014.10.29 19:29:49.662,8.4753,8.47766,1.00,1.19
2014.10.29 19:29:50.015,8.4753,8.47766,1.00,1.19
2014.10.29 19:29:50.571,8.47529,8.47766,1.00,1.19
2014.10.29 19:29:50.963,8.47529,8.47766,1.00,1.19
2014.10.29 19:29:51.966,8.47529,8.47756,1.00,1.19
2014.10.29 19:29:52.090,8.47529,8.47756,1.00,1.00
2014.10.29 19:29:52.191,8.47466,8.47716,1.00,1.00
2014.10.29 19:29:52.866,8.47445,8.47695,1.00,1.00
2014.10.29 19:29:54.203,8.4743,8.4768,1.00,1.00
2014.10.29 19:29:57.394,8.47469,8.47719,1.00,1.00
2014.10.29 19:30:01.145,8.47485,8.47735,1.00,1.00
2014.10.29 19:30:11.476,8.47466,8.47718,1.00,1.00
2014.10.29 19:30:11.578,8.4749,8.47702,1.00,1.00
2014.10.29 19:30:11.881,8.47463,8.47674,1.00,1.00
2014.10.29 19:30:12.334,8.4745,8.4766,1.00,1.00
2014.10.29 19:30:12.902,8.47464,8.47674,1.00,1.00
2014.10.29 19:30:14.743,8.47448,8.47659,1.00,1.00
2014.10.29 19:30:18.262,8.47449,8.4766,1.00,1.00
2014.10.29 19:30:22.808,8.47461,8.47672,1.00,1.00
2014.10.29 19:30:23.112,8.47499,8.47709,1.00,1.00
2014.10.29 19:30:25.544,8.47513,8.47724,1.00,1.00
2014.10.29 19:30:25.647,8.47501,8.47711,1.00,1.00
2014.10.29 19:30:25.852,8.47512,8.47725,1.00,1.00
2014.10.29 19:30:43.158,8.47515,8.47728,1.00,1.00
2014.10.29 19:30:46.471,8.47512,8.47722,1.00,1.00
2014.10.29 19:30:51.488,8.47524,8.47737,1.00,1.00
2014.10.29 19:30:51.590,8.47512,8.47723,1.00,1.00
2014.10.29 19:30:58.044,8.47519,8.47729,1.00,1.00
2014.10.29 19:31:05.869,8.47518,8.47728,1.00,1.00
2014.10.29 19:31:20.274,8.47504,8.47714,1.00,1.00
2014.10.29 19:31:28.400,8.47517,8.47727,1.00,1.00
2014.10.29 19:31:28.754,8.47504,8.47714,1.00,1.00
2014.10.29 19:31:35.889,8.47484,8.47686,1.00,1.00
2014.10.29 19:31:35.990,8.47476,8.47686,1.00,1.00
2014.10.29 19:31:36.430,8.47461,8.47671,1.00,1.00
2014.10.29 19:31:37.244,8.47475,8.47685,1.00,1.00
2014.10.29 19:31:39.763,8.47461,8.47672,1.00,1.00
2014.10.29 19:31:45.026,8.47473,8.47685,1.00,1.00
2014.10.29 19:31:45.699,8.47461,8.47671,1.00,1.00
2014.10.29 19:31:46.117,8.47466,8.47676,1.00,1.00
2014.10.29 19:31:47.320,8.47466,8.47677,1.00,1.00
2014.10.29 19:31:48.551,8.47454,8.47664,1.00,1.00
2014.10.29 19:31:52.171,8.47434,8.47644,1.00,1.00
2014.10.29 19:31:52.526,8.47428,8.47627,1.00,1.00
2014.10.29 19:31:52.627,8.47417,8.47627,1.00,1.00
2014.10.29 19:31:53.929,8.47438,8.47647,1.00,1.00
2014.10.29 19:31:54.431,8.47438,8.47648,1.00,1.00
2014.10.29 19:31:55.794,8.47437,8.47647,1.00,1.00
2014.10.29 19:31:58.760,8.47424,8.47634,1.00,1.00
2014.10.29 19:32:04.076,8.47411,8.47623,1.00,1.00
2014.10.29 19:32:08.329,8.47398,8.47622,1.00,1.00
2014.10.29 19:32:09.983,8.47378,8.47546,1.00,1.00
2014.10.29 19:32:10.084,8.47351,8.47546,1.00,1.00
2014.10.29 19:32:10.135,8.47351,8.47522,1.00,1.00
2014.10.29 19:32:10.237,8.47351,8.47542,1.00,1.00
2014.10.29 19:32:10.288,8.47351,8.47565,1.00,1.00
2014.10.29 19:32:10.812,8.47351,8.47564,1.00,1.00
2014.10.29 19:32:11.016,8.47351,8.47549,1.00,1.00
2014.10.29 19:32:11.218,8.47351,8.47564,1.00,1.00
2014.10.29 19:32:11.421,8.47357,8.47564,1.00,1.00
2014.10.29 19:32:13.070,8.47372,8.47564,1.00,1.00
2014.10.29 19:32:14.423,8.47358,8.47564,1.00,1.00
2014.10.29 19:32:17.696,8.47374,8.47554,1.00,1.00
2014.10.29 19:32:19.894,8.47365,8.47536,1.00,1.00
2014.10.29 19:32:20.110,8.47354,8.47536,1.00,1.00
2014.10.29 19:32:22.238,8.47337,8.47517,1.00,1.00
2014.10.29 19:32:22.339,8.47327,8.47516,1.00,1.00
2014.10.29 19:32:22.547,8.47339,8.47516,1.00,1.00
2014.10.29 19:32:25.425,8.47327,8.47498,1.00,1.00
2014.10.29 19:32:25.728,8.4731,8.47481,1.00,1.00
2014.10.29 19:32:26.500,8.47318,8.47491,1.00,1.00
2014.10.29 19:32:26.959,8.47308,8.47481,1.00,1.00
2014.10.29 19:32:27.469,8.47318,8.47489,1.00,1.00
2014.10.29 19:32:27.722,8.47318,8.47509,1.00,1.00
2014.10.29 19:32:27.773,8.47318,8.47519,1.00,1.00
2014.10.29 19:32:28.690,8.47337,8.47536,1.00,1.00
2014.10.29 19:32:29.823,8.47364,8.47536,1.00,1.00
2014.10.29 19:32:30.128,8.47387,8.47557,1.00,1.00
2014.10.29 19:32:30.438,8.47377,8.47548,1.00,1.00
2014.10.29 19:32:30.991,8.47357,8.47511,1.00,1.00
2014.10.29 19:32:31.093,8.47341,8.47511,1.00,1.00
2014.10.29 19:32:31.144,8.4735,8.47521,1.00,1.00
2014.10.29 19:32:31.994,8.4733,8.47497,1.00,1.00
2014.10.29 19:32:32.096,8.47306,8.47475,1.00,1.00
2014.10.29 19:32:32.197,8.47304,8.47475,1.00,1.00
2014.10.29 19:32:32.249,8.47291,8.47462,1.00,1.00
2014.10.29 19:32:34.739,8.47291,8.47483,1.00,1.00
2014.10.29 19:32:34.843,8.47291,8.47491,1.00,1.00
2014.10.29 19:32:34.944,8.4733,8.47491,1.00,1.00
2014.10.29 19:32:34.995,8.4733,8.47511,1.00,1.00
2014.10.29 19:32:35.046,8.4733,8.47559,1.00,1.00
2014.10.29 19:32:35.097,8.47393,8.47559,1.00,1.00
2014.10.29 19:32:35.199,8.47392,8.4757,1.00,1.00
2014.10.29 19:32:35.300,8.47403,8.47569,1.00,1.00
2014.10.29 19:32:35.610,8.47403,8.47581,1.00,1.00
2014.10.29 19:32:37.613,8.47403,8.47581,1.00,1.60
2014.10.29 19:32:37.917,8.47327,8.47498,1.00,1.00
2014.10.29 19:32:38.373,8.47317,8.47488,1.00,1.00
2014.10.29 19:32:38.930,8.4734,8.47508,1.00,1.00
2014.10.29 19:32:38.981,8.4734,8.47596,1.00,1.19
2014.10.29 19:32:39.032,8.47361,8.47596,1.00,1.00
2014.10.29 19:32:39.396,8.47412,8.47582,1.00,1.00
2014.10.29 19:32:48.075,8.47414,8.47584,1.00,1.00
2014.10.29 19:32:48.277,8.47432,8.47605,1.00,1.00
2014.10.29 19:32:50.131,8.47423,8.47594,1.00,1.00
2014.10.29 19:32:50.902,8.47432,8.47603,1.00,1.00
2014.10.29 19:32:51.464,8.47423,8.47594,1.00,1.00
2014.10.29 19:33:01.803,8.47412,8.47584,1.00,1.00
2014.10.29 19:33:05.548,8.47412,8.47584,1.00,1.60
2014.10.29 19:33:05.650,8.47396,8.47567,1.00,1.00
2014.10.29 19:33:05.701,8.47396,8.47567,1.00,1.60
2014.10.29 19:33:05.751,8.47349,8.4752,1.00,1.00
2014.10.29 19:33:06.633,8.47349,8.47621,1.00,1.19
2014.10.29 19:33:06.684,8.47349,8.47621,1.00,1.00
2014.10.29 19:33:06.735,8.47402,8.47634,1.00,1.00
2014.10.29 19:33:07.091,8.47422,8.47596,1.00,1.00
2014.10.29 19:33:11.821,8.4741,8.47596,1.00,1.00
2014.10.29 19:33:11.922,8.47425,8.47596,1.00,1.00
2014.10.29 19:33:14.558,8.47424,8.47595,1.00,1.00
2014.10.29 19:33:25.374,8.47424,8.47526,1.00,1.60
2014.10.29 19:33:25.476,8.47398,8.47526,3.25,1.60
2014.10.29 19:33:25.527,8.47388,8.47526,4.60,1.60
2014.10.29 19:33:25.629,8.47359,8.475,1.00,1.79
2014.10.29 19:33:25.730,8.47316,8.47487,1.00,1.19
2014.10.29 19:33:26.011,8.47307,8.47486,1.00,1.19
2014.10.29 19:33:26.062,8.47307,8.47483,1.00,2.29
2014.10.29 19:33:26.214,8.47287,8.47444,1.00,1.00
2014.10.29 19:33:26.315,8.47273,8.47444,1.00,1.00
2014.10.29 19:33:26.468,8.47263,8.47444,1.00,1.00
2014.10.29 19:33:26.778,8.47263,8.47546,1.00,1.50
2014.10.29 19:33:26.829,8.47334,8.47555,1.00,1.00
2014.10.29 19:33:26.880,8.47353,8.47595,1.00,1.00
2014.10.29 19:33:26.931,8.47353,8.47579,1.00,1.00
2014.10.29 19:33:27.277,8.47382,8.47559,1.00,1.00
2014.10.29 19:33:36.366,8.47391,8.47559,1.00,1.00
2014.10.29 19:33:36.600,8.47391,8.47568,1.00,1.00
2014.10.29 19:33:37.147,8.47403,8.47568,1.00,1.00
2014.10.29 19:33:38.029,8.47394,8.47568,1.00,1.00
2014.10.29 19:33:38.232,8.47407,8.47578,1.00,1.00
2014.10.29 19:33:38.536,8.47388,8.47559,1.00,1.00
2014.10.29 19:33:38.877,8.47398,8.47569,1.00,1.00
2014.10.29 19:33:39.448,8.47389,8.4756,1.00,1.00
2014.10.29 19:33:39.857,8.47399,8.47569,1.00,1.00
2014.10.29 19:33:41.345,8.47409,8.4758,1.00,1.00
2014.10.29 19:33:41.408,8.474,8.47571,1.00,1.00
2014.10.29 19:33:43.749,8.4739,8.47561,1.00,1.00
2014.10.29 19:33:46.816,8.474,8.47571,1.00,1.00
2014.10.29 19:33:47.165,8.47389,8.47559,1.00,1.00
2014.10.29 19:33:48.711,8.47377,8.47559,1.00,1.00
2014.10.29 19:33:48.813,8.47385,8.47559,1.00,1.00
2014.10.29 19:33:49.237,8.47382,8.47556,1.00,1.00
2014.10.29 19:33:49.548,8.47391,8.47556,1.00,1.00
2014.10.29 19:33:49.809,8.47381,8.47556,1.00,1.00
2014.10.29 19:33:54.255,8.47381,8.47541,1.00,1.00
2014.10.29 19:33:54.306,8.47347,8.47521,1.00,1.00
2014.10.29 19:33:54.408,8.47323,8.47521,1.00,1.00
2014.10.29 19:33:54.459,8.47323,8.47504,1.00,1.00
2014.10.29 19:33:54.510,8.4729,8.47484,1.00,1.00
2014.10.29 19:33:54.612,8.473,8.47484,1.00,1.00
2014.10.29 19:33:54.968,8.47295,8.47484,1.00,1.00
2014.10.29 19:33:56.269,8.47295,8.47496,1.00,1.00
2014.10.29 19:33:56.371,8.47307,8.47496,1.00,1.00
2014.10.29 19:33:56.956,8.47295,8.47496,1.00,1.00
2014.10.29 19:33:57.138,8.47311,8.47496,1.00,1.00
2014.10.29 19:33:57.388,8.47298,8.47496,1.00,1.00
2014.10.29 19:34:04.182,8.47285,8.47497,1.00,1.00
2014.10.29 19:34:12.757,8.47257,8.47496,1.00,1.00
2014.10.29 19:34:12.910,8.47319,8.47496,2.70,1.00
2014.10.29 19:34:13.240,8.47328,8.47509,1.50,1.00
2014.10.29 19:34:13.308,8.47328,8.47521,1.50,1.00
2014.10.29 19:34:13.891,8.47328,8.47533,1.50,1.00
2014.10.29 19:34:14.219,8.47328,8.4752,1.50,1.00
2014.10.29 19:34:14.406,8.47328,8.47534,1.50,1.00
2014.10.29 19:34:15.228,8.47324,8.47534,1.00,1.00
2014.10.29 19:34:15.431,8.47307,8.47517,1.00,1.00
2014.10.29 19:34:15.734,8.47289,8.47499,1.00,1.00
2014.10.29 19:34:16.077,8.47289,8.47419,1.00,2.10
2014.10.29 19:34:16.280,8.47179,8.47365,1.00,2.10
2014.10.29 19:34:16.432,8.47151,8.47361,1.00,1.60
2014.10.29 19:34:16.534,8.47151,8.47361,1.00,1.60
2014.10.29 19:34:16.636,8.47138,8.47349,1.00,1.00
2014.10.29 19:34:16.687,8.47138,8.47335,1.00,1.19
2014.10.29 19:34:16.738,8.47106,8.47317,1.00,1.19
2014.10.29 19:34:16.789,8.47106,8.47309,1.00,1.00
2014.10.29 19:34:16.839,8.47079,8.47289,1.00,1.00
2014.10.29 19:34:16.941,8.47063,8.47274,1.00,1.00
2014.10.29 19:34:17.111,8.47082,8.47292,1.00,1.00
2014.10.29 19:34:17.776,8.47089,8.47292,2.52,1.00
2014.10.29 19:34:18.080,8.47182,8.47454,1.00,1.00
2014.10.29 19:34:18.182,8.47202,8.47454,1.19,1.00
2014.10.29 19:34:18.486,8.47227,8.47471,1.00,1.00
2014.10.29 19:34:18.808,8.47225,8.47471,1.00,1.00
2014.10.29 19:34:18.859,8.47238,8.47471,1.00,1.00
2014.10.29 19:34:19.238,8.47263,8.47471,1.00,1.00
2014.10.29 19:34:19.289,8.47255,8.47471,1.00,1.00
2014.10.29 19:34:19.800,8.47251,8.47472,1.00,1.00
2014.10.29 19:34:35.350,8.47271,8.47471,1.00,1.00
2014.10.29 19:34:35.427,8.47253,8.47472,1.00,1.00
2014.10.29 19:34:35.908,8.47237,8.47471,1.00,1.00
2014.10.29 19:34:36.009,8.47251,8.47471,1.00,1.00
2014.10.29 19:34:38.006,8.4725,8.47492,1.00,1.00
2014.10.29 19:34:39.183,8.47274,8.47509,1.00,1.00
2014.10.29 19:34:39.286,8.47267,8.47509,1.00,1.00
2014.10.29 19:34:41.910,8.47232,8.47291,1.87,7.34
2014.10.29 19:34:41.962,8.47004,8.47226,1.00,1.00
2014.10.29 19:34:42.064,8.47027,8.47226,1.00,1.00
2014.10.29 19:34:42.115,8.47027,8.47237,1.00,1.00
2014.10.29 19:34:42.166,8.46952,8.47285,2.10,1.19
2014.10.29 19:34:42.270,8.4696,8.47234,2.10,1.00
2014.10.29 19:34:42.373,8.46957,8.47234,2.10,1.00
2014.10.29 19:34:42.475,8.46957,8.47164,2.10,1.00
2014.10.29 19:34:42.576,8.46945,8.47164,2.10,1.00
2014.10.29 19:34:43.145,8.4694,8.47164,1.00,1.00
2014.10.29 19:34:43.246,8.4692,8.47126,1.00,1.00
2014.10.29 19:34:43.297,8.46916,8.47126,1.00,1.00
2014.10.29 19:34:43.348,8.46922,8.47133,1.00,1.00
2014.10.29 19:34:43.500,8.46907,8.47117,1.00,1.00
2014.10.29 19:34:43.896,8.4692,8.4713,1.00,1.00
2014.10.29 19:34:44.564,8.46906,8.47116,1.00,1.00
2014.10.29 19:34:44.913,8.46903,8.47113,1.00,1.00
2014.10.29 19:34:45.263,8.46889,8.471,1.00,1.00
2014.10.29 19:34:45.365,8.46905,8.47115,1.00,1.00
2014.10.29 19:34:46.561,8.4689,8.47101,1.00,1.00
2014.10.29 19:34:46.885,8.46888,8.47098,1.00,1.00
2014.10.29 19:34:47.568,8.46887,8.47097,1.00,1.00
2014.10.29 19:34:47.636,8.46902,8.47113,1.00,1.00
2014.10.29 19:34:47.856,8.4689,8.47101,1.00,1.00
2014.10.29 19:34:48.178,8.46904,8.47115,1.00,1.00
2014.10.29 19:34:48.635,8.46888,8.47099,1.00,1.00
2014.10.29 19:34:48.990,8.46904,8.47115,1.00,1.00
2014.10.29 19:34:49.396,8.46889,8.47099,1.00,1.00
2014.10.29 19:34:49.848,8.46905,8.47115,1.00,1.00
2014.10.29 19:34:50.182,8.46895,8.47105,1.00,1.00
2014.10.29 19:34:50.696,8.46895,8.47106,1.00,1.00
2014.10.29 19:34:51.463,8.46924,8.47106,2.26,1.00
2014.10.29 19:34:51.565,8.46895,8.47106,1.00,1.00
2014.10.29 19:34:51.617,8.46925,8.47126,1.00,1.00
2014.10.29 19:34:51.667,8.46925,8.47136,1.00,1.00
2014.10.29 19:34:51.718,8.46969,8.4713,1.48,1.00
2014.10.29 19:34:51.820,8.46935,8.47146,1.00,1.00
2014.10.29 19:34:51.973,8.46919,8.47129,1.00,1.00
2014.10.29 19:34:52.075,8.46901,8.47113,1.00,1.00
2014.10.29 19:34:52.278,8.46882,8.47089,1.00,1.00
2014.10.29 19:34:52.329,8.46878,8.47089,1.00,1.00
2014.10.29 19:34:53.000,8.46949,8.47089,1.50,1.00
2014.10.29 19:34:53.152,8.46949,8.47104,1.50,1.00
2014.10.29 19:34:53.577,8.46944,8.47102,1.87,1.00
2014.10.29 19:34:54.120,8.46949,8.47102,1.00,1.00
2014.10.29 19:34:54.578,8.46949,8.47114,1.50,1.00
2014.10.29 19:34:58.457,8.46949,8.47127,1.50,1.00
2014.10.29 19:34:59.268,8.46949,8.47127,1.54,1.00
2014.10.29 19:34:59.673,8.46959,8.47149,1.00,1.00
2014.10.29 19:34:59.891,8.46967,8.47149,1.19,1.00
2014.10.29 19:34:59.992,8.46967,8.47172,1.19,1.00
2014.10.29 19:35:00.094,8.46995,8.47192,1.00,1.00
2014.10.29 19:35:00.145,8.46995,8.47206,1.00,1.00
2014.10.29 19:35:01.202,8.4701,8.4722,1.00,1.00
2014.10.29 19:35:01.599,8.4701,8.4722,1.60,1.00
2014.10.29 19:35:01.974,8.46994,8.47204,1.60,1.00
2014.10.29 19:35:02.076,8.46994,8.47204,1.60,1.00
2014.10.29 19:35:02.179,8.46988,8.47175,2.10,1.00
2014.10.29 19:35:02.632,8.46995,8.47175,2.10,1.00
2014.10.29 19:35:02.835,8.46995,8.47193,2.10,1.00
2014.10.29 19:35:03.523,8.46995,8.47181,2.10,1.00
2014.10.29 19:35:03.624,8.46995,8.47196,2.10,1.00
2014.10.29 19:35:08.357,8.47004,8.47214,1.60,1.00
2014.10.29 19:35:08.428,8.46995,8.47192,2.10,1.00
2014.10.29 19:35:10.297,8.47004,8.47212,1.60,1.00
2014.10.29 19:35:10.348,8.47004,8.47215,1.60,1.00
2014.10.29 19:35:11.198,8.47023,8.47234,1.00,1.00
2014.10.29 19:35:13.067,8.47038,8.47248,1.00,1.00
2014.10.29 19:35:19.727,8.47079,8.47248,1.95,1.00
2014.10.29 19:35:19.880,8.47079,8.47262,1.95,1.00
2014.10.29 19:35:19.982,8.47079,8.47281,1.95,1.00
2014.10.29 19:35:22.044,8.47067,8.47281,1.00,1.00
2014.10.29 19:35:22.197,8.47067,8.47267,1.00,1.00
2014.10.29 19:35:22.397,8.47037,8.47242,1.00,1.00
2014.10.29 19:35:22.753,8.47025,8.47242,1.00,1.00
2014.10.29 19:35:25.281,8.47038,8.47242,1.00,1.00
2014.10.29 19:35:29.913,8.47069,8.47242,1.54,1.00
2014.10.29 19:35:30.222,8.47069,8.47262,1.54,1.00
2014.10.29 19:35:30.399,8.47069,8.47281,1.54,1.00
2014.10.29 19:35:32.837,8.47086,8.47281,2.10,1.00
2014.10.29 19:35:32.939,8.47082,8.47281,2.10,1.00
2014.10.29 19:35:32.990,8.47082,8.47306,2.10,1.00
2014.10.29 19:35:33.091,8.47109,8.47321,1.00,1.00
2014.10.29 19:35:33.193,8.4711,8.47334,1.00,1.00
2014.10.29 19:35:33.446,8.47087,8.47296,2.10,1.00
2014.10.29 19:35:33.797,8.47099,8.47296,2.10,1.00
2014.10.29 19:35:34.207,8.47099,8.47308,2.10,1.00
2014.10.29 19:35:34.375,8.47104,8.47308,2.10,1.00
2014.10.29 19:35:34.527,8.47112,8.47323,1.60,1.00
2014.10.29 19:35:34.790,8.4714,8.47323,2.10,1.00
2014.10.29 19:35:35.094,8.47144,8.47335,2.10,1.00
2014.10.29 19:35:35.145,8.47157,8.47335,2.10,1.00
2014.10.29 19:35:35.196,8.47157,8.47355,2.10,1.00
2014.10.29 19:35:36.257,8.47163,8.47374,1.60,1.00
2014.10.29 19:35:36.966,8.47163,8.47386,1.60,1.00
2014.10.29 19:35:37.729,8.47163,8.47386,1.60,1.00
2014.10.29 19:35:39.314,8.47165,8.47386,2.10,1.00
2014.10.29 19:35:39.666,8.47165,8.47364,2.10,1.00
2014.10.29 19:35:42.417,8.47165,8.47384,2.10,1.00
2014.10.29 19:35:42.468,8.47165,8.47386,2.10,1.00
2014.10.29 19:35:46.801,8.47165,8.4733,2.10,1.00
2014.10.29 19:35:47.105,8.47111,8.47169,2.10,14.40
2014.10.29 19:35:47.157,8.4712,8.47136,2.10,1.05
2014.10.29 19:35:47.208,8.47104,8.47174,1.50,1.57
2014.10.29 19:35:48.183,8.47064,8.47127,1.50,1.20
2014.10.29 19:35:48.234,8.46927,8.47117,1.00,1.00
2014.10.29 19:35:48.285,8.46861,8.4703,1.19,1.00
2014.10.29 19:35:48.438,8.46817,8.47017,1.00,1.00
2014.10.29 19:35:48.489,8.46792,8.47002,1.00,1.00
2014.10.29 19:35:48.590,8.46777,8.46988,1.00,1.00
2014.10.29 19:35:48.692,8.46763,8.46973,1.00,1.00
2014.10.29 19:35:48.928,8.46775,8.46988,1.00,1.00
2014.10.29 19:35:49.281,8.46789,8.47001,1.00,1.00
2014.10.29 19:35:49.686,8.46806,8.47017,1.00,1.00
2014.10.29 19:35:49.788,8.46789,8.47001,1.00,1.00
2014.10.29 19:35:52.469,8.46849,8.47001,2.01,1.00
2014.10.29 19:35:52.570,8.46789,8.47001,1.00,1.00
2014.10.29 19:35:52.980,8.46826,8.47021,1.00,1.00
2014.10.29 19:35:53.032,8.46826,8.47082,1.00,1.00
2014.10.29 19:35:53.134,8.46877,8.47081,1.00,1.00
2014.10.29 19:35:53.235,8.46907,8.47117,1.00,1.00
2014.10.29 19:35:53.547,8.46901,8.47111,1.00,1.00
2014.10.29 19:35:55.333,8.46888,8.47098,1.00,1.00
2014.10.29 19:36:03.693,8.469,8.47112,1.00,1.00
2014.10.29 19:36:06.767,8.46886,8.47096,1.00,1.00
2014.10.29 19:36:08.606,8.46901,8.47111,1.00,1.00
2014.10.29 19:36:09.852,8.4687,8.47082,1.00,1.00
2014.10.29 19:36:09.961,8.46858,8.47068,1.60,1.00
2014.10.29 19:36:10.568,8.46858,8.47068,1.00,1.00
2014.10.29 19:36:11.456,8.46895,8.47088,1.00,1.00
2014.10.29 19:36:11.507,8.46895,8.47105,1.00,1.00
2014.10.29 19:36:20.608,8.4688,8.4709,1.00,1.00
2014.10.29 19:36:22.566,8.46894,8.47105,1.00,1.00
2014.10.29 19:36:22.819,8.46922,8.47125,1.00,1.00
2014.10.29 19:36:22.870,8.46922,8.47132,1.00,1.00
2014.10.29 19:36:22.921,8.46943,8.47152,1.00,1.00
2014.10.29 19:36:23.225,8.47068,8.47177,2.10,1.00
2014.10.29 19:36:23.380,8.47079,8.47251,2.10,1.00
2014.10.29 19:36:23.431,8.47077,8.47251,2.10,1.00
2014.10.29 19:36:23.482,8.47077,8.47271,2.10,1.00
2014.10.29 19:36:23.533,8.47077,8.47283,2.10,1.00
2014.10.29 19:36:23.584,8.47087,8.47297,1.60,1.00
2014.10.29 19:36:24.123,8.47087,8.47297,1.60,1.00
2014.10.29 19:36:24.275,8.4712,8.47331,1.00,1.00
2014.10.29 19:36:24.482,8.47103,8.47313,1.00,1.00
2014.10.29 19:36:31.719,8.47088,8.47298,1.00,1.00
2014.10.29 19:36:35.042,8.47071,8.47284,1.60,1.00
2014.10.29 19:36:35.376,8.47072,8.47282,1.60,1.00
2014.10.29 19:36:36.014,8.47071,8.47297,1.60,1.00
2014.10.29 19:36:36.446,8.47088,8.47296,1.00,1.00
2014.10.29 19:36:37.195,8.47074,8.47284,1.60,1.00
2014.10.29 19:36:40.241,8.47074,8.47284,1.60,1.00
2014.10.29 19:36:40.292,8.47065,8.47246,2.10,1.00
2014.10.29 19:36:41.303,8.47065,8.47266,2.10,1.00
2014.10.29 19:36:41.354,8.47065,8.47272,2.10,1.00
2014.10.29 19:36:41.640,8.47065,8.47246,2.10,1.00
2014.10.29 19:36:42.590,8.47065,8.47235,2.10,1.00
2014.10.29 19:36:43.727,8.47065,8.47247,2.10,1.00
2014.10.29 19:36:43.930,8.47065,8.47233,2.10,1.00
2014.10.29 19:36:44.031,8.47065,8.47252,2.10,1.00
2014.10.29 19:36:44.133,8.47065,8.47263,2.10,1.00
2014.10.29 19:36:44.261,8.47065,8.47275,2.85,1.00
2014.10.29 19:36:44.363,8.47065,8.47245,2.10,1.00
2014.10.29 19:36:44.464,8.47065,8.47259,2.10,1.00
2014.10.29 19:36:44.821,8.47065,8.47273,2.10,1.00
2014.10.29 19:36:44.923,8.47073,8.47286,1.60,1.00
2014.10.29 19:36:44.974,8.47073,8.47286,1.60,1.00
2014.10.29 19:36:45.416,8.47074,8.47284,1.60,1.00
2014.10.29 19:36:45.748,8.47063,8.47247,2.10,1.00
2014.10.29 19:37:00.672,8.47063,8.47233,2.10,1.00
2014.10.29 19:37:00.773,8.47063,8.47246,2.10,1.00
2014.10.29 19:37:05.245,8.47063,8.47234,2.10,1.00
2014.10.29 19:37:07.446,8.47063,8.47254,2.10,1.50
2014.10.29 19:37:09.205,8.47063,8.47242,2.10,1.00
2014.10.29 19:37:09.458,8.47063,8.47262,2.10,1.00
2014.10.29 19:37:09.509,8.47063,8.47267,2.10,1.00
2014.10.29 19:37:09.560,8.47071,8.47282,1.60,1.00
2014.10.29 19:37:09.611,8.47079,8.47282,2.10,1.00
2014.10.29 19:37:09.662,8.47084,8.47295,1.60,1.00
2014.10.29 19:37:14.686,8.47084,8.47295,1.60,1.00
2014.10.29 19:37:15.155,8.47084,8.47295,1.00,1.00
2014.10.29 19:37:15.257,8.4707,8.4728,1.60,1.00
2014.10.29 19:37:16.617,8.47067,8.47268,2.10,1.00
2014.10.29 19:37:16.718,8.47078,8.47287,1.60,1.00
2014.10.29 19:37:17.234,8.47078,8.47288,1.60,1.00
2014.10.29 19:37:17.803,8.47082,8.47293,1.35,1.00
2014.10.29 19:37:18.225,8.47095,8.47306,1.00,1.00
2014.10.29 19:37:19.247,8.47077,8.47287,1.60,1.00
2014.10.29 19:37:19.556,8.47091,8.47301,1.00,1.00
2014.10.29 19:37:25.397,8.47078,8.47289,1.60,1.00
2014.10.29 19:37:32.111,8.47105,8.47316,1.00,1.50
2014.10.29 19:37:32.216,8.47089,8.473,1.00,1.00
2014.10.29 19:37:32.770,8.47089,8.47299,1.00,1.00
2014.10.29 19:37:34.894,8.47088,8.47299,1.00,1.00
2014.10.29 19:37:37.096,8.47097,8.47307,1.00,1.00
2014.10.29 19:37:39.189,8.47097,8.47306,1.00,1.00
2014.10.29 19:37:41.471,8.47077,8.47287,1.60,1.00
2014.10.29 19:37:42.449,8.47076,8.47286,1.60,1.00
2014.10.29 19:37:42.916,8.47089,8.473,1.00,1.00
2014.10.29 19:37:43.215,8.47077,8.47287,1.60,1.00
2014.10.29 19:37:43.326,8.47077,8.47287,1.00,1.00
2014.10.29 19:37:43.478,8.47059,8.47265,2.10,1.00
2014.10.29 19:37:43.882,8.47067,8.47278,1.60,1.00
2014.10.29 19:37:44.137,8.47061,8.47271,1.60,1.00
2014.10.29 19:37:44.238,8.47085,8.47291,1.00,1.00
2014.10.29 19:37:44.289,8.47085,8.47296,1.00,1.00
2014.10.29 19:37:45.433,8.47072,8.47271,2.10,1.00
2014.10.29 19:37:48.975,8.4708,8.4729,1.60,1.00
2014.10.29 19:37:49.077,8.47072,8.4728,2.10,1.00
2014.10.29 19:37:50.365,8.47072,8.47267,2.10,1.00
2014.10.29 19:37:50.517,8.47073,8.47284,1.60,1.00
2014.10.29 19:37:54.144,8.47073,8.47284,1.60,1.00
2014.10.29 19:37:54.922,8.47068,8.47269,2.10,1.00
2014.10.29 19:37:55.204,8.47072,8.47282,1.60,1.00
2014.10.29 19:37:56.694,8.47087,8.47296,1.00,1.00
2014.10.29 19:37:58.708,8.47087,8.47297,1.00,1.00
2014.10.29 19:37:59.030,8.47087,8.47288,1.00,1.00
2014.10.29 19:38:05.812,8.47087,8.47271,1.00,1.00
2014.10.29 19:38:09.994,8.47074,8.47269,2.10,1.00
2014.10.29 19:38:14.687,8.47068,8.47269,2.10,1.00
2014.10.29 19:38:14.738,8.47068,8.47256,2.10,1.00
2014.10.29 19:38:23.169,8.47066,8.47248,2.10,1.00
2014.10.29 19:38:23.274,8.47066,8.47256,2.10,1.00
2014.10.29 19:38:23.325,8.47066,8.47269,2.10,1.00
2014.10.29 19:38:23.376,8.47061,8.47269,2.10,1.00
2014.10.29 19:38:23.477,8.47061,8.47266,2.10,1.00
2014.10.29 19:38:23.871,8.47061,8.47237,2.10,1.00
2014.10.29 19:38:24.388,8.47066,8.47237,2.10,1.00
2014.10.29 19:38:24.540,8.47066,8.47257,2.10,1.00
2014.10.29 19:38:34.235,8.47066,8.4727,2.10,1.00
2014.10.29 19:38:34.286,8.47076,8.4727,2.10,1.00
2014.10.29 19:38:36.115,8.47069,8.4727,2.10,1.00
2014.10.29 19:38:54.574,8.47065,8.47252,2.10,1.00
2014.10.29 19:38:54.898,8.47065,8.47236,2.10,1.00
2014.10.29 19:38:55.263,8.47066,8.47236,2.10,1.00
2014.10.29 19:38:55.465,8.47066,8.47256,2.10,1.00
2014.10.29 19:38:55.748,8.47062,8.47256,2.10,1.00
2014.10.29 19:38:57.793,8.47071,8.47256,2.10,1.00
2014.10.29 19:38:58.011,8.47076,8.4727,2.10,1.00
2014.10.29 19:38:58.062,8.47079,8.4727,2.10,1.00
2014.10.29 19:38:58.163,8.47076,8.4727,2.10,1.00
2014.10.29 19:38:58.913,8.4708,8.4727,2.10,1.00
2014.10.29 19:38:59.333,8.4707,8.4727,2.10,1.00
2014.10.29 19:38:59.535,8.4707,8.47257,2.10,1.00
2014.10.29 19:39:00.182,8.47066,8.47257,2.10,1.00
2014.10.29 19:39:04.142,8.47076,8.47257,2.10,1.00
2014.10.29 19:39:04.243,8.47076,8.47269,2.10,1.00
2014.10.29 19:39:05.082,8.47067,8.47269,2.10,1.00
2014.10.29 19:39:05.386,8.47067,8.47263,2.10,1.00
2014.10.29 19:39:05.894,8.47075,8.47263,2.10,1.00
2014.10.29 19:39:05.996,8.47075,8.47278,2.10,1.00
2014.10.29 19:39:06.990,8.47075,8.47262,2.10,1.00
2014.10.29 19:39:07.093,8.47075,8.47278,2.10,1.00
2014.10.29 19:39:07.346,8.47069,8.47278,1.60,1.00
2014.10.29 19:39:09.509,8.47069,8.47278,1.60,1.00
2014.10.29 19:39:10.300,8.47063,8.47258,2.10,1.00
2014.10.29 19:39:11.813,8.47075,8.47258,2.10,1.00
2014.10.29 19:39:11.965,8.47078,8.47274,2.10,1.00
2014.10.29 19:39:12.884,8.47067,8.47274,2.10,1.00
2014.10.29 19:39:12.935,8.47067,8.47255,2.10,1.00
2014.10.29 19:39:13.693,8.47072,8.47274,1.60,1.00
2014.10.29 19:39:13.745,8.47072,8.47278,1.60,1.00
2014.10.29 19:39:13.846,8.47072,8.47284,1.60,1.00
2014.10.29 19:39:15.247,8.47072,8.47285,1.60,1.00
2014.10.29 19:39:15.298,8.47075,8.47285,2.10,1.00
2014.10.29 19:39:15.511,8.47072,8.47285,2.85,1.00
2014.10.29 19:39:17.184,8.47076,8.47285,2.29,1.00
2014.10.29 19:39:17.348,8.47086,8.47297,1.60,1.00
2014.10.29 19:39:19.860,8.47114,8.47297,1.00,1.00
2014.10.29 19:39:19.962,8.47114,8.47312,1.00,1.00
2014.10.29 19:39:22.207,8.47101,8.47312,1.00,1.00
2014.10.29 19:39:22.308,8.47087,8.47299,1.60,1.00
2014.10.29 19:39:32.415,8.47087,8.47299,1.00,1.00
2014.10.29 19:39:32.618,8.47075,8.4722,1.00,1.60
2014.10.29 19:39:32.771,8.47045,8.47202,1.00,1.00
2014.10.29 19:39:32.822,8.47045,8.47191,1.00,1.19
2014.10.29 19:39:32.873,8.46976,8.47187,1.00,1.19
2014.10.29 19:39:33.913,8.46976,8.47182,1.00,1.19
2014.10.29 19:39:33.964,8.46952,8.47163,1.00,1.19
2014.10.29 19:39:34.065,8.46939,8.47149,1.00,1.00
2014.10.29 19:39:35.068,8.46926,8.47136,1.00,1.00
2014.10.29 19:39:36.171,8.4691,8.4712,1.00,1.00
2014.10.29 19:39:37.264,8.46904,8.47108,1.00,1.00
2014.10.29 19:39:37.585,8.46904,8.47094,1.00,1.00
2014.10.29 19:39:40.731,8.46899,8.47094,1.05,1.00
2014.10.29 19:39:40.832,8.46893,8.47095,1.79,1.00
2014.10.29 19:39:40.884,8.46897,8.47107,1.79,1.00
2014.10.29 19:39:41.133,8.4691,8.47121,1.00,1.00
2014.10.29 19:39:41.582,8.4691,8.47121,1.60,1.00
2014.10.29 19:39:41.786,8.46955,8.47166,1.79,1.00
2014.10.29 19:39:41.837,8.46961,8.47166,1.79,1.00
2014.10.29 19:39:41.888,8.46994,8.47204,1.00,1.00
2014.10.29 19:39:41.989,8.47006,8.47216,1.00,1.00
2014.10.29 19:39:42.990,8.47018,8.47228,1.00,1.00
2014.10.29 19:39:43.300,8.46989,8.472,1.00,1.00
2014.10.29 19:39:46.033,8.46976,8.47187,1.50,1.00
2014.10.29 19:39:52.201,8.46982,8.47192,1.00,1.00
2014.10.29 19:39:52.523,8.46976,8.47174,1.00,1.00
2014.10.29 19:39:52.574,8.46981,8.47191,1.00,1.00
2014.10.29 19:39:54.293,8.46966,8.47177,1.00,1.00
2014.10.29 19:39:56.862,8.46959,8.47169,1.00,1.00
2014.10.29 19:39:56.924,8.46971,8.47182,1.00,1.00
2014.10.29 19:39:57.081,8.46956,8.47167,1.00,1.00
2014.10.29 19:39:57.433,8.46962,8.47173,1.00,1.00
2014.10.29 19:40:02.756,8.46946,8.47156,1.19,1.00
2014.10.29 19:40:03.102,8.4696,8.4717,1.00,1.00
2014.10.29 19:40:03.464,8.46957,8.47167,1.00,1.00
2014.10.29 19:40:06.869,8.46965,8.47176,1.00,1.00
2014.10.29 19:40:07.494,8.46952,8.47162,1.00,1.00
2014.10.29 19:40:12.223,8.46974,8.47162,1.00,1.00
2014.10.29 19:40:17.517,8.4699,8.47174,1.00,1.00
2014.10.29 19:40:17.619,8.46979,8.47174,1.00,1.00
2014.10.29 19:40:17.879,8.46985,8.47176,1.00,1.00
2014.10.29 19:40:18.274,8.46999,8.47189,1.00,1.00
2014.10.29 19:40:18.528,8.46983,8.47174,1.00,1.00
2014.10.29 19:40:18.630,8.46973,8.47163,1.00,1.00
2014.10.29 19:40:18.714,8.4696,8.47151,1.00,1.00
2014.10.29 19:40:19.270,8.46941,8.47131,1.79,1.00
2014.10.29 19:40:19.616,8.46941,8.47131,1.60,1.00
2014.10.29 19:40:19.813,8.46956,8.47147,1.35,1.00
2014.10.29 19:40:20.962,8.46941,8.47132,1.79,1.00
2014.10.29 19:40:22.584,8.46933,8.47114,2.29,1.00
2014.10.29 19:40:22.686,8.46934,8.47125,1.79,1.00
2014.10.29 19:40:22.788,8.46933,8.47079,2.29,1.00
2014.10.29 19:40:23.003,8.46933,8.47099,2.29,1.00
2014.10.29 19:40:23.113,8.46941,8.47119,1.60,1.00
2014.10.29 19:40:23.164,8.46941,8.47132,1.60,1.00
2014.10.29 19:40:23.690,8.46941,8.47132,1.00,1.00
2014.10.29 19:40:24.515,8.46969,8.47132,1.73,1.00
2014.10.29 19:40:24.667,8.46976,8.47152,1.37,1.00
2014.10.29 19:40:24.718,8.46976,8.47164,1.37,1.00
2014.10.29 19:40:24.807,8.46976,8.47158,1.37,1.00
2014.10.29 19:40:25.115,8.46969,8.47148,1.43,1.00
2014.10.29 19:40:26.100,8.46963,8.47136,1.31,1.00
2014.10.29 19:40:26.961,8.46948,8.47136,1.00,1.00
2014.10.29 19:40:27.265,8.46924,8.47136,1.00,1.00
2014.10.29 19:40:27.316,8.46913,8.47103,1.00,1.00
2014.10.29 19:40:27.619,8.4689,8.4708,1.00,1.00
2014.10.29 19:40:27.772,8.46878,8.47069,1.00,1.00
2014.10.29 19:40:28.221,8.46868,8.47058,1.00,1.00
2014.10.29 19:40:28.516,8.46849,8.47058,1.00,1.00
2014.10.29 19:40:28.668,8.46824,8.47058,1.00,1.00
2014.10.29 19:40:28.770,8.46797,8.47058,1.00,1.19
2014.10.29 19:40:28.872,8.46797,8.4704,1.00,1.00
2014.10.29 19:40:29.193,8.46794,8.47022,1.00,1.00
2014.10.29 19:40:29.498,8.46794,8.47008,1.00,1.00
2014.10.29 19:40:29.752,8.46769,8.47029,1.00,1.00
2014.10.29 19:40:29.853,8.46769,8.47029,1.00,1.19
2014.10.29 19:40:30.163,8.46879,8.47016,1.50,1.00
2014.10.29 19:40:30.264,8.46879,8.47036,1.50,1.00
2014.10.29 19:40:30.315,8.46858,8.47046,1.00,1.00
2014.10.29 19:40:30.366,8.46845,8.47046,1.00,1.19
2014.10.29 19:40:30.417,8.46879,8.47046,1.00,1.19
2014.10.29 19:40:30.518,8.46845,8.4705,1.00,1.19
2014.10.29 19:40:30.569,8.46829,8.47033,1.00,1.00
2014.10.29 19:40:30.620,8.46829,8.47025,1.00,1.00
2014.10.29 19:40:30.722,8.46829,8.47033,1.00,1.00
2014.10.29 19:40:31.254,8.46878,8.47045,1.00,1.19
2014.10.29 19:40:31.456,8.46878,8.47061,1.00,1.00
2014.10.29 19:40:31.507,8.46902,8.47068,1.00,1.00
2014.10.29 19:40:31.558,8.46902,8.47092,1.00,1.00
2014.10.29 19:40:31.609,8.46929,8.47093,1.00,1.00
2014.10.29 19:40:31.710,8.46909,8.47093,1.00,1.00
2014.10.29 19:40:31.862,8.46909,8.471,1.50,1.00
2014.10.29 19:40:31.963,8.469,8.471,1.00,1.19
2014.10.29 19:40:32.065,8.46862,8.47093,1.00,1.00
2014.10.29 19:40:32.390,8.46862,8.47086,1.00,1.00
2014.10.29 19:40:32.695,8.46904,8.47089,1.00,1.00
2014.10.29 19:40:32.745,8.46904,8.47095,1.00,1.00
2014.10.29 19:40:33.054,8.46922,8.47105,1.00,1.19
2014.10.29 19:40:33.884,8.46922,8.47101,1.00,1.19
2014.10.29 19:40:34.366,8.46933,8.47101,1.00,1.19
2014.10.29 19:40:34.849,8.46933,8.47118,1.00,1.69
2014.10.29 19:40:35.851,8.46933,8.47118,1.00,1.19
2014.10.29 19:40:36.855,8.46933,8.47118,1.00,1.19
2014.10.29 19:40:38.864,8.46933,8.47118,1.00,1.19
2014.10.29 19:40:39.942,8.46945,8.47118,1.00,1.19
2014.10.29 19:40:40.671,8.46945,8.47107,1.00,1.00
2014.10.29 19:40:44.915,8.46967,8.47107,1.00,1.00
2014.10.29 19:40:44.966,8.46967,8.47121,1.00,1.00
2014.10.29 19:40:45.017,8.47018,8.47121,1.00,1.00
2014.10.29 19:40:45.068,8.47018,8.47199,1.00,1.00
2014.10.29 19:40:45.119,8.47029,8.47199,1.00,1.00
2014.10.29 19:40:45.170,8.47029,8.47217,1.00,1.00
2014.10.29 19:40:45.475,8.47014,8.47204,1.00,1.00
2014.10.29 19:40:46.235,8.47014,8.47219,1.00,1.00
2014.10.29 19:40:46.901,8.47013,8.47208,1.00,1.00
2014.10.29 19:40:50.975,8.47014,8.47196,1.00,1.00
2014.10.29 19:40:51.077,8.47014,8.47208,1.00,1.00
2014.10.29 19:40:55.683,8.47014,8.47228,1.00,1.00
2014.10.29 19:40:55.735,8.47029,8.47228,1.00,1.00
2014.10.29 19:40:56.038,8.47029,8.47241,1.00,1.00
2014.10.29 19:41:04.369,8.47041,8.47241,1.00,1.00
2014.10.29 19:41:15.102,8.47041,8.47228,1.00,1.00
2014.10.29 19:41:15.304,8.47041,8.47245,1.00,1.00
2014.10.29 19:41:18.963,8.47029,8.47245,1.00,1.00
2014.10.29 19:41:20.690,8.47029,8.47228,1.00,1.00
2014.10.29 19:41:20.842,8.47029,8.47249,1.00,1.00
2014.10.29 19:41:21.551,8.47029,8.4723,1.00,1.00
2014.10.29 19:41:22.034,8.47039,8.47243,1.00,1.00
2014.10.29 19:41:23.656,8.47039,8.47229,1.00,1.00
2014.10.29 19:41:24.011,8.47026,8.47218,1.00,1.00
2014.10.29 19:41:28.086,8.47023,8.47213,1.00,1.00
2014.10.29 19:41:29.937,8.47035,8.47225,1.00,1.00
2014.10.29 19:41:30.282,8.47023,8.47216,1.00,1.00
2014.10.29 19:41:31.381,8.47037,8.47228,1.00,1.00
2014.10.29 19:41:31.819,8.47026,8.47217,1.00,1.00
2014.10.29 19:41:32.027,8.47027,8.47219,1.00,1.00
2014.10.29 19:41:33.024,8.47025,8.47215,1.00,1.00
2014.10.29 19:41:33.338,8.47036,8.47227,1.00,1.00
2014.10.29 19:41:35.542,8.47035,8.47226,1.00,1.00
2014.10.29 19:41:38.971,8.47023,8.47214,1.00,1.00
2014.10.29 19:41:47.043,8.4702,8.47211,1.00,1.00
2014.10.29 19:41:47.709,8.4702,8.4721,1.00,1.00
2014.10.29 19:41:49.541,8.47026,8.47216,1.00,1.00
2014.10.29 19:41:49.871,8.47015,8.47205,1.00,1.00
2014.10.29 19:41:50.525,8.47037,8.47228,1.00,1.00
2014.10.29 19:41:52.872,8.47048,8.47239,1.00,1.00
2014.10.29 19:41:57.031,8.4704,8.47231,1.00,1.00
2014.10.29 19:41:57.870,8.47038,8.47228,1.00,1.00
2014.10.29 19:41:58.813,8.47025,8.47215,1.00,1.00
2014.10.29 19:41:59.034,8.47036,8.47227,1.00,1.00
2014.10.29 19:41:59.832,8.47036,8.47227,1.00,1.60
2014.10.29 19:42:00.136,8.46965,8.47081,1.60,1.00
2014.10.29 19:42:00.289,8.46999,8.47224,2.10,1.00
2014.10.29 19:42:00.341,8.47053,8.47243,1.00,1.00
2014.10.29 19:42:00.657,8.47055,8.47245,1.00,1.00
2014.10.29 19:42:02.663,8.47055,8.47246,1.00,1.00
2014.10.29 19:42:04.051,8.47055,8.47233,1.00,1.00
2014.10.29 19:42:04.355,8.47033,8.47166,1.00,1.00
2014.10.29 19:42:04.406,8.46985,8.47166,2.10,1.00
2014.10.29 19:42:05.863,8.46997,8.47166,1.00,1.00
2014.10.29 19:42:06.269,8.47011,8.47166,1.00,1.00
2014.10.29 19:42:07.143,8.47011,8.47166,1.00,1.19
2014.10.29 19:42:08.197,8.47011,8.47166,1.00,1.19
2014.10.29 19:42:09.280,8.47011,8.47166,1.00,1.19
2014.10.29 19:42:09.702,8.46998,8.47166,1.00,1.19
2014.10.29 19:42:10.959,8.46998,8.47166,1.00,1.19
2014.10.29 19:42:11.963,8.46998,8.47166,1.00,1.19
2014.10.29 19:42:12.965,8.46998,8.47166,1.00,1.19
2014.10.29 19:42:13.771,8.46959,8.47166,1.00,1.19
2014.10.29 19:42:14.121,8.46959,8.47145,1.00,1.00
2014.10.29 19:42:14.331,8.46959,8.47169,1.00,1.19
2014.10.29 19:42:15.073,8.46959,8.47169,1.00,1.00
2014.10.29 19:42:17.082,8.46959,8.47169,1.00,1.19
2014.10.29 19:42:18.059,8.46959,8.47169,1.00,1.00
2014.10.29 19:42:19.868,8.46959,8.47169,1.19,1.00
2014.10.29 19:42:19.970,8.46959,8.47169,1.00,1.00
2014.10.29 19:42:20.122,8.46969,8.47179,1.00,1.00
2014.10.29 19:42:20.224,8.46981,8.47193,1.00,1.00
2014.10.29 19:42:21.085,8.46981,8.47193,1.00,1.19
2014.10.29 19:42:21.311,8.46994,8.47193,1.00,1.19
2014.10.29 19:42:21.413,8.47014,8.47214,1.00,1.00
2014.10.29 19:42:21.464,8.47015,8.47231,2.10,1.00
2014.10.29 19:42:21.565,8.47057,8.47268,1.00,1.00
2014.10.29 19:42:21.717,8.47057,8.47268,1.00,1.22
2014.10.29 19:42:21.768,8.47045,8.47255,1.00,1.00
2014.10.29 19:42:21.878,8.47031,8.47242,1.00,1.00
2014.10.29 19:42:23.583,8.47031,8.47242,1.60,1.00
2014.10.29 19:42:23.889,8.4704,8.47242,2.10,1.00
2014.10.29 19:42:24.881,8.4704,8.47242,2.29,1.00
2014.10.29 19:42:25.101,8.47045,8.47244,1.79,1.00
2014.10.29 19:42:25.908,8.47045,8.47244,1.79,1.00
2014.10.29 19:42:26.907,8.47045,8.47244,1.79,1.00
2014.10.29 19:42:27.911,8.47045,8.47244,1.79,1.00
2014.10.29 19:42:31.106,8.47045,8.47244,1.79,1.00
2014.10.29 19:42:31.433,8.47045,8.47244,1.00,1.00
2014.10.29 19:42:31.484,8.47045,8.47231,1.00,1.00
2014.10.29 19:42:31.586,8.47026,8.47231,1.00,1.00
2014.10.29 19:42:32.410,8.47026,8.47231,1.19,1.00
2014.10.29 19:42:34.799,8.47045,8.47231,1.00,1.00
2014.10.29 19:42:34.901,8.47032,8.47231,1.00,1.00
2014.10.29 19:42:37.445,8.47032,8.47231,1.19,1.00
2014.10.29 19:42:38.493,8.47032,8.47231,1.19,1.00
2014.10.29 19:42:39.076,8.47032,8.47231,1.00,1.00
2014.10.29 19:42:39.127,8.47032,8.4722,1.00,1.00
2014.10.29 19:42:39.330,8.47016,8.4722,1.00,1.00
2014.10.29 19:42:39.634,8.47003,8.47212,2.29,1.00
2014.10.29 19:42:44.089,8.47003,8.47212,2.10,1.19
2014.10.29 19:42:45.090,8.47003,8.47212,2.10,1.19
2014.10.29 19:42:46.119,8.47003,8.47212,2.10,1.19
2014.10.29 19:42:47.020,8.47002,8.47212,2.10,1.19
2014.10.29 19:42:47.079,8.47002,8.47212,2.10,1.19
2014.10.29 19:42:47.233,8.47002,8.47206,2.10,1.00
2014.10.29 19:42:47.588,8.46999,8.47206,2.10,1.00
2014.10.29 19:42:47.791,8.46999,8.47193,2.10,1.00
2014.10.29 19:42:48.333,8.46983,8.47193,1.00,1.00
2014.10.29 19:42:48.486,8.46983,8.47157,1.00,1.19
2014.10.29 19:42:48.537,8.46942,8.4715,1.00,1.19
2014.10.29 19:42:48.588,8.46942,8.47131,1.00,1.00
2014.10.29 19:42:48.639,8.46885,8.47095,1.00,1.00
2014.10.29 19:42:48.740,8.46869,8.4708,1.00,1.00
2014.10.29 19:42:49.443,8.46857,8.47067,1.00,1.00
2014.10.29 19:42:51.177,8.46844,8.47054,1.00,1.00
2014.10.29 19:42:51.813,8.46844,8.47054,1.00,1.37
2014.10.29 19:42:52.169,8.46844,8.47033,1.00,1.00
2014.10.29 19:42:52.961,8.46844,8.47054,1.00,1.30
2014.10.29 19:42:53.064,8.46831,8.47042,1.00,1.00
2014.10.29 19:42:53.930,8.46842,8.47055,1.00,1.22
2014.10.29 19:42:54.313,8.46842,8.47047,1.00,1.00
2014.10.29 19:42:54.643,8.46842,8.47015,1.00,1.00
2014.10.29 19:42:54.795,8.46827,8.47015,1.00,1.00
2014.10.29 19:42:55.588,8.46827,8.47037,1.00,1.00
2014.10.29 19:42:55.740,8.46848,8.47037,1.00,1.00
2014.10.29 19:42:55.893,8.46848,8.4705,1.00,1.00
2014.10.29 19:42:56.380,8.46853,8.47064,1.00,1.00
2014.10.29 19:42:57.655,8.46848,8.47051,1.00,1.00
2014.10.29 19:42:58.887,8.46841,8.47051,1.00,1.00
2014.10.29 19:42:58.989,8.46789,8.47051,1.64,1.00
2014.10.29 19:42:59.091,8.46789,8.46946,1.64,1.00
2014.10.29 19:42:59.395,8.46798,8.46917,1.25,2.05
2014.10.29 19:42:59.769,8.46798,8.46894,1.25,1.00
2014.10.29 19:43:00.287,8.46789,8.46894,1.13,1.00
2014.10.29 19:43:02.781,8.46723,8.46894,1.12,1.00
2014.10.29 19:43:02.882,8.46699,8.46909,1.00,1.00
2014.10.29 19:43:02.983,8.46699,8.46871,1.00,1.88
2014.10.29 19:43:03.186,8.46685,8.46872,1.00,1.74
2014.10.29 19:43:03.747,8.46644,8.46854,1.00,1.00
2014.10.29 19:43:04.392,8.46631,8.46842,1.00,1.00
2014.10.29 19:43:06.479,8.46644,8.46854,1.00,1.00
2014.10.29 19:43:07.159,8.46629,8.46839,1.00,1.00
2014.10.29 19:43:08.011,8.46646,8.46857,1.00,1.00
2014.10.29 19:43:08.451,8.46631,8.46842,1.00,1.00
2014.10.29 19:43:09.024,8.46636,8.46847,1.00,1.00
2014.10.29 19:43:09.540,8.46636,8.46846,1.00,1.00
2014.10.29 19:43:09.896,8.4665,8.46861,1.00,1.00
2014.10.29 19:43:11.520,8.4665,8.46861,1.60,1.00
2014.10.29 19:43:11.824,8.46721,8.46893,1.00,1.50
2014.10.29 19:43:11.875,8.46721,8.46906,1.00,1.00
2014.10.29 19:43:13.144,8.46733,8.46906,1.00,1.00
2014.10.29 19:43:14.541,8.46733,8.4691,1.00,1.00
2014.10.29 19:43:18.240,8.46733,8.46925,1.00,1.00
2014.10.29 19:43:23.461,8.46745,8.46925,1.00,1.00
2014.10.29 19:43:24.628,8.46745,8.46912,1.00,1.00
2014.10.29 19:43:25.972,8.46745,8.46926,1.00,1.00
2014.10.29 19:43:27.171,8.46745,8.46914,1.00,1.00
2014.10.29 19:43:28.821,8.46745,8.46898,1.00,1.00
2014.10.29 19:43:30.593,8.46745,8.46912,1.00,1.00
2014.10.29 19:43:31.915,8.46745,8.46927,1.00,1.00
2014.10.29 19:43:38.074,8.46745,8.4694,1.00,1.00
2014.10.29 19:43:38.628,8.46745,8.46926,1.00,1.00
2014.10.29 19:43:39.150,8.46745,8.46914,1.00,1.00
2014.10.29 19:43:40.107,8.46725,8.46914,1.50,1.00
2014.10.29 19:43:40.209,8.46704,8.46914,1.00,1.00
2014.10.29 19:43:40.269,8.46701,8.46914,1.50,1.00
2014.10.29 19:43:40.443,8.46701,8.46899,1.00,1.00
2014.10.29 19:43:41.031,8.46706,8.46916,1.00,1.00
2014.10.29 19:43:41.930,8.46713,8.46916,1.19,1.00
2014.10.29 19:43:42.133,8.46768,8.46978,1.00,1.00
2014.10.29 19:43:42.235,8.46768,8.46964,1.00,1.00
2014.10.29 19:43:42.786,8.46768,8.46965,1.00,1.00
2014.10.29 19:43:44.027,8.46755,8.46965,1.00,1.00
2014.10.29 19:43:44.129,8.46755,8.46949,1.00,1.00
2014.10.29 19:43:44.439,8.46755,8.46934,1.00,1.00
2014.10.29 19:43:45.153,8.46745,8.46934,1.00,1.00
2014.10.29 19:43:45.671,8.46745,8.46921,1.00,1.00
2014.10.29 19:43:45.772,8.46745,8.46934,1.00,1.00
2014.10.29 19:43:46.757,8.46745,8.46922,1.00,1.00
2014.10.29 19:43:47.641,8.46745,8.46934,1.00,1.00
2014.10.29 19:43:51.284,8.46745,8.46952,1.00,1.00
2014.10.29 19:43:51.385,8.46745,8.4694,1.00,1.00
2014.10.29 19:44:02.755,8.46779,8.4694,1.00,1.00
2014.10.29 19:44:02.856,8.46758,8.4694,1.00,1.00
2014.10.29 19:44:03.382,8.46758,8.46967,1.00,1.00
2014.10.29 19:44:03.546,8.46777,8.46967,1.00,1.00
2014.10.29 19:44:04.081,8.46777,8.46968,1.00,1.00
2014.10.29 19:44:04.407,8.46777,8.46966,1.00,1.00
2014.10.29 19:44:06.119,8.46777,8.46953,1.00,1.00
2014.10.29 19:44:09.206,8.46777,8.46966,1.00,1.00
2014.10.29 19:44:10.710,8.46777,8.46953,1.00,1.00
2014.10.29 19:44:12.592,8.46777,8.46965,1.00,1.00
2014.10.29 19:44:13.270,8.46777,8.46949,1.00,1.00
2014.10.29 19:44:15.589,8.46765,8.46989,1.00,1.00
2014.10.29 19:44:15.690,8.46765,8.46967,1.00,1.00
2014.10.29 19:44:28.563,8.46736,8.46967,1.50,1.00
2014.10.29 19:44:32.935,8.46771,8.46967,1.00,1.00
2014.10.29 19:44:36.620,8.46786,8.46967,1.00,1.00
2014.10.29 19:44:36.924,8.46876,8.47005,1.00,1.00
2014.10.29 19:44:37.026,8.46856,8.47005,1.00,1.00
2014.10.29 19:44:37.127,8.46818,8.46988,1.00,1.00
2014.10.29 19:44:37.178,8.46792,8.46988,1.00,1.00
2014.10.29 19:44:40.931,8.46797,8.46988,1.00,1.00
2014.10.29 19:44:45.605,8.46797,8.46967,1.00,1.00
2014.10.29 19:44:45.813,8.46797,8.46982,1.00,1.00
2014.10.29 19:44:47.419,8.46776,8.46982,1.00,1.00
2014.10.29 19:44:47.470,8.46752,8.46982,1.00,1.00
2014.10.29 19:44:53.751,8.46772,8.46982,1.00,1.00
2014.10.29 19:44:54.517,8.46772,8.4697,1.00,1.00
2014.10.29 19:44:57.184,8.46796,8.4697,1.00,1.00
2014.10.29 19:44:57.677,8.46796,8.46982,1.00,1.00
2014.10.29 19:44:59.715,8.46879,8.46982,1.17,1.00
2014.10.29 19:44:59.817,8.46888,8.47003,1.00,1.00
2014.10.29 19:44:59.918,8.46888,8.47036,1.00,1.00
2014.10.29 19:44:59.969,8.46868,8.47036,1.00,1.00
2014.10.29 19:45:00.020,8.468,8.47016,1.00,1.00
2014.10.29 19:45:00.071,8.46789,8.47016,1.00,1.00
2014.10.29 19:45:00.223,8.46789,8.46992,1.00,1.00
2014.10.29 19:45:01.582,8.468,8.46992,1.00,1.00
2014.10.29 19:45:11.718,8.46784,8.46992,1.00,1.00
2014.10.29 19:45:11.983,8.46797,8.46992,1.00,1.00
2014.10.29 19:45:25.003,8.46797,8.47011,1.00,1.00
2014.10.29 19:45:32.123,8.46793,8.47011,1.00,1.00
2014.10.29 19:45:32.438,8.46793,8.46997,1.00,1.00
2014.10.29 19:45:36.289,8.46793,8.4701,1.00,1.00
2014.10.29 19:45:42.778,8.46793,8.46996,1.00,1.00
2014.10.29 19:45:50.276,8.46793,8.47013,1.00,1.00
2014.10.29 19:45:50.503,8.46782,8.47013,1.00,1.00
2014.10.29 19:45:51.155,8.46779,8.46997,1.00,1.00
2014.10.29 19:45:55.107,8.46782,8.47012,1.00,1.00
2014.10.29 19:45:56.352,8.46779,8.46998,1.00,1.00
2014.10.29 19:45:58.201,8.46792,8.46998,1.00,1.00
2014.10.29 19:46:13.621,8.46792,8.46978,1.00,1.00
2014.10.29 19:46:18.501,8.46791,8.46978,1.00,1.00
2014.10.29 19:46:27.989,8.46791,8.46964,1.00,1.00
2014.10.29 19:46:28.640,8.46777,8.46964,1.00,1.00
2014.10.29 19:46:28.691,8.46777,8.46967,1.00,1.00
2014.10.29 19:46:40.555,8.46788,8.46967,1.00,1.00
2014.10.29 19:46:40.980,8.46778,8.46967,1.00,1.00
2014.10.29 19:46:49.390,8.46761,8.46967,1.00,1.00
2014.10.29 19:46:49.492,8.46787,8.46953,1.00,1.00
2014.10.29 19:46:49.593,8.46787,8.46969,1.00,1.00
2014.10.29 19:46:55.616,8.46787,8.46968,1.00,1.00
2014.10.29 19:46:55.718,8.46791,8.46968,1.00,1.00
2014.10.29 19:46:56.608,8.46776,8.46968,1.00,1.00
2014.10.29 19:47:01.438,8.46776,8.46946,1.00,1.00
2014.10.29 19:47:01.711,8.46702,8.46932,1.25,1.00
2014.10.29 19:47:01.812,8.46682,8.46903,1.19,1.00
2014.10.29 19:47:01.914,8.46677,8.46905,1.19,1.00
2014.10.29 19:47:02.654,8.4669,8.4692,1.19,1.00
2014.10.29 19:47:02.706,8.4669,8.4692,1.00,1.00
2014.10.29 19:47:03.109,8.46672,8.46902,1.00,1.00
2014.10.29 19:47:03.210,8.46686,8.46918,1.00,1.00
2014.10.29 19:47:04.406,8.46672,8.46902,1.00,1.00
2014.10.29 19:47:04.982,8.46687,8.46917,1.00,1.00
2014.10.29 19:47:05.291,8.46672,8.46902,1.00,1.00
2014.10.29 19:47:06.635,8.46675,8.46905,1.00,1.00
2014.10.29 19:47:09.766,8.46675,8.46905,1.19,1.00
2014.10.29 19:47:10.709,8.46675,8.46905,1.00,1.00
2014.10.29 19:47:11.447,8.46674,8.46904,1.00,1.00
2014.10.29 19:47:11.954,8.46673,8.46903,1.00,1.00
2014.10.29 19:47:13.721,8.46673,8.46903,1.19,1.00
2014.10.29 19:47:14.724,8.46673,8.46903,1.19,1.00
2014.10.29 19:47:15.728,8.46673,8.46903,1.19,1.00
2014.10.29 19:47:16.732,8.46673,8.46903,1.19,1.00
2014.10.29 19:47:17.773,8.46673,8.46903,1.19,1.00
2014.10.29 19:47:18.306,8.46688,8.46919,1.19,1.00
2014.10.29 19:47:18.706,8.46668,8.46898,1.69,1.00
2014.10.29 19:47:18.756,8.46668,8.46898,1.69,1.00
2014.10.29 19:47:18.858,8.46681,8.46913,1.19,1.00
2014.10.29 19:47:18.959,8.46668,8.46898,1.19,1.00
2014.10.29 19:47:19.513,8.46686,8.46916,1.00,1.00
2014.10.29 19:47:19.924,8.46689,8.46919,1.00,1.00
2014.10.29 19:47:20.233,8.46678,8.4691,1.19,1.00
2014.10.29 19:47:20.746,8.46678,8.4691,1.00,1.00
2014.10.29 19:47:20.797,8.46664,8.46894,1.19,1.00
2014.10.29 19:47:20.926,8.46677,8.46909,1.00,1.00
2014.10.29 19:47:21.768,8.46677,8.46909,1.19,1.00
2014.10.29 19:47:22.689,8.46661,8.46893,1.19,1.00
2014.10.29 19:47:23.200,8.46661,8.46893,1.19,1.00
2014.10.29 19:47:23.251,8.46683,8.46912,1.19,1.00
2014.10.29 19:47:23.753,8.46683,8.46913,1.19,1.00
2014.10.29 19:47:24.212,8.46669,8.46899,1.19,1.00
2014.10.29 19:47:24.536,8.46682,8.46913,1.19,1.00
2014.10.29 19:47:25.872,8.46687,8.46917,1.00,1.00
2014.10.29 19:47:26.956,8.46689,8.46919,1.00,1.00
2014.10.29 19:47:28.759,8.46685,8.46916,1.19,1.00
2014.10.29 19:47:29.267,8.46685,8.46916,1.00,1.00
2014.10.29 19:47:30.846,8.46666,8.46898,1.19,1.00
2014.10.29 19:47:30.955,8.46685,8.46916,1.00,1.00
2014.10.29 19:47:34.830,8.46685,8.46916,1.19,1.00
2014.10.29 19:47:35.298,8.46682,8.46912,1.19,1.00
2014.10.29 19:47:35.817,8.46682,8.46912,1.00,1.00
2014.10.29 19:47:36.847,8.46682,8.46912,1.19,1.00
2014.10.29 19:47:37.815,8.46682,8.46912,1.00,1.00
2014.10.29 19:47:39.843,8.46682,8.46912,1.19,1.00
2014.10.29 19:47:40.866,8.46682,8.46912,1.19,1.00
2014.10.29 19:47:41.830,8.46682,8.46912,1.19,1.00
2014.10.29 19:47:42.876,8.46682,8.46912,1.19,1.00
2014.10.29 19:47:43.280,8.46665,8.46897,1.19,1.00
2014.10.29 19:47:43.386,8.4668,8.4691,1.19,1.00
2014.10.29 19:47:44.071,8.4668,8.4691,1.00,1.00
2014.10.29 19:47:44.882,8.4668,8.4691,1.19,1.00
2014.10.29 19:47:44.933,8.46694,8.46924,1.00,1.00
2014.10.29 19:47:45.354,8.46679,8.46909,1.19,1.00
2014.10.29 19:47:45.836,8.46693,8.46924,1.00,1.00
2014.10.29 19:47:45.938,8.46679,8.46909,1.19,1.00
2014.10.29 19:47:46.933,8.46679,8.46909,1.00,1.00
2014.10.29 19:47:47.901,8.46679,8.46909,1.19,1.00
2014.10.29 19:47:48.775,8.46687,8.46917,1.00,1.00
2014.10.29 19:47:49.141,8.46672,8.46902,1.19,1.00
2014.10.29 19:47:49.447,8.46688,8.46918,1.00,1.00
2014.10.29 19:47:49.765,8.46701,8.46931,1.00,1.00
2014.10.29 19:47:50.235,8.46681,8.46911,1.00,1.00
2014.10.29 19:47:50.912,8.46681,8.46911,1.19,1.00
2014.10.29 19:47:51.919,8.46681,8.46911,1.19,1.00
2014.10.29 19:47:52.422,8.46697,8.46929,1.00,1.00
2014.10.29 19:47:52.524,8.46681,8.46911,1.19,1.00
2014.10.29 19:47:52.954,8.46681,8.46911,1.19,1.00
2014.10.29 19:47:53.285,8.46695,8.46925,1.00,1.00
2014.10.29 19:47:53.615,8.46679,8.46909,1.19,1.00
2014.10.29 19:47:53.724,8.46695,8.46925,1.00,1.00
2014.10.29 19:47:53.975,8.46679,8.46911,1.00,1.00
2014.10.29 19:47:54.962,8.46679,8.46911,1.19,1.00
2014.10.29 19:47:55.948,8.46679,8.46911,1.19,1.00
2014.10.29 19:47:56.986,8.46679,8.46911,1.00,1.00
2014.10.29 19:47:58.943,8.46679,8.46911,1.19,1.00
2014.10.29 19:48:00.142,8.4668,8.4691,1.19,1.00
2014.10.29 19:48:00.194,8.4668,8.4691,1.00,1.00
2014.10.29 19:48:00.977,8.4668,8.4691,1.19,1.00
2014.10.29 19:48:01.538,8.46681,8.46911,1.19,1.00
2014.10.29 19:48:02.005,8.46681,8.46911,1.25,1.00
2014.10.29 19:48:02.966,8.4668,8.4691,1.19,1.00
2014.10.29 19:48:03.018,8.4668,8.4691,1.19,1.00
2014.10.29 19:48:03.990,8.4668,8.4691,1.19,1.00
2014.10.29 19:48:04.994,8.4668,8.4691,1.19,1.00
2014.10.29 19:48:05.958,8.46696,8.46926,1.00,1.00
2014.10.29 19:48:06.164,8.46679,8.46909,1.19,1.00
2014.10.29 19:48:07.002,8.46679,8.46909,1.19,1.00
2014.10.29 19:48:07.495,8.46695,8.46925,1.00,1.00
2014.10.29 19:48:07.597,8.46681,8.46911,1.19,1.00
2014.10.29 19:48:08.013,8.46681,8.46911,1.00,1.00
2014.10.29 19:48:08.733,8.46695,8.46925,1.00,1.00
2014.10.29 19:48:09.107,8.4668,8.4691,1.19,1.00
2014.10.29 19:48:10.058,8.4668,8.4691,1.19,1.00
2014.10.29 19:48:10.365,8.46696,8.46926,1.00,1.00
2014.10.29 19:48:10.575,8.46679,8.46909,1.19,1.00
2014.10.29 19:48:11.018,8.46679,8.46909,1.19,1.00
2014.10.29 19:48:11.912,8.46729,8.469,1.00,1.00
2014.10.29 19:48:12.314,8.46718,8.46889,1.00,1.00
2014.10.29 19:48:12.864,8.46719,8.46889,1.00,1.00
2014.10.29 19:48:12.975,8.46729,8.469,1.00,1.00
2014.10.29 19:48:13.964,8.46719,8.46892,1.00,1.00
2014.10.29 19:48:14.184,8.4672,8.46896,1.00,1.00
2014.10.29 19:48:14.295,8.46729,8.46896,1.00,1.00
2014.10.29 19:48:14.675,8.4672,8.46896,1.00,1.00
2014.10.29 19:48:15.115,8.46717,8.46888,1.00,1.00
2014.10.29 19:48:15.450,8.46728,8.46899,1.00,1.00
2014.10.29 19:48:16.628,8.46715,8.46886,1.00,1.00
2014.10.29 19:48:16.731,8.46728,8.46903,1.00,1.00
2014.10.29 19:48:16.832,8.46729,8.46905,1.00,1.00
2014.10.29 19:48:17.044,8.4672,8.4689,1.00,1.00
2014.10.29 19:48:18.261,8.46714,8.46884,1.00,1.00
2014.10.29 19:48:18.413,8.46712,8.46883,1.00,1.00
2014.10.29 19:48:18.694,8.46725,8.46896,1.00,1.00
2014.10.29 19:48:19.027,8.46724,8.46894,1.00,1.00
2014.10.29 19:48:19.280,8.46716,8.46887,1.00,1.00
2014.10.29 19:48:19.485,8.46705,8.46875,1.00,1.00
2014.10.29 19:48:19.637,8.46725,8.46898,1.00,1.00
2014.10.29 19:48:20.124,8.46727,8.46897,1.00,1.00
2014.10.29 19:48:20.792,8.46727,8.46898,1.00,1.00
2014.10.29 19:48:21.155,8.46715,8.46886,1.00,1.00
2014.10.29 19:48:21.460,8.46717,8.46888,1.00,1.00
2014.10.29 19:48:21.774,8.46712,8.46882,1.00,1.00
2014.10.29 19:48:22.095,8.46728,8.46898,1.00,1.00
2014.10.29 19:48:22.145,8.46716,8.46887,1.00,1.00
2014.10.29 19:48:22.247,8.46728,8.46899,1.00,1.00
2014.10.29 19:48:22.554,8.46715,8.46888,1.00,1.00
2014.10.29 19:48:22.673,8.46728,8.46899,1.00,1.00
2014.10.29 19:48:22.775,8.46718,8.4689,1.00,1.00
2014.10.29 19:48:22.876,8.46717,8.46888,1.00,1.00
2014.10.29 19:48:22.984,8.46729,8.46901,1.00,1.00
2014.10.29 19:48:23.466,8.46716,8.46887,1.00,1.00
2014.10.29 19:48:24.130,8.46714,8.46885,1.00,1.00
2014.10.29 19:48:24.417,8.46694,8.46905,1.00,1.00
2014.10.29 19:48:24.468,8.46627,8.46976,1.19,1.00
2014.10.29 19:48:24.804,8.46627,8.46976,1.19,1.00
2014.10.29 19:48:25.818,8.46627,8.46976,1.19,1.00
2014.10.29 19:48:26.225,8.46676,8.46919,1.00,1.00
2014.10.29 19:48:26.538,8.46666,8.46909,1.00,1.00
2014.10.29 19:48:27.562,8.4676,8.46909,2.10,1.00
2014.10.29 19:48:27.714,8.46779,8.46929,2.10,1.00
2014.10.29 19:48:27.766,8.4679,8.46938,1.60,1.00
2014.10.29 19:48:27.867,8.46798,8.46981,2.10,1.00
2014.10.29 19:48:27.969,8.46808,8.47001,1.60,1.00
2014.10.29 19:48:28.020,8.46808,8.47027,1.60,1.00
2014.10.29 19:48:28.071,8.46813,8.47047,1.00,1.00
2014.10.29 19:48:28.123,8.46825,8.47055,2.10,1.00
2014.10.29 19:48:28.275,8.46838,8.47075,1.60,1.00
2014.10.29 19:48:28.326,8.46839,8.47081,1.60,1.00
2014.10.29 19:48:28.376,8.46859,8.47081,1.00,1.00
2014.10.29 19:48:43.399,8.46871,8.47081,1.00,1.00
2014.10.29 19:48:43.602,8.46871,8.47104,1.00,1.00
2014.10.29 19:48:44.480,8.46871,8.47084,1.00,1.00
2014.10.29 19:48:51.476,8.46871,8.47098,1.00,1.00
2014.10.29 19:48:52.178,8.46871,8.47067,1.00,1.00
2014.10.29 19:48:52.280,8.46871,8.47087,1.00,1.00
2014.10.29 19:48:52.331,8.46871,8.47089,1.00,1.00
2014.10.29 19:48:52.836,8.46871,8.4709,1.00,1.00
2014.10.29 19:48:53.616,8.46851,8.47089,1.00,1.00
2014.10.29 19:48:53.667,8.46848,8.47089,1.00,1.19
2014.10.29 19:48:53.820,8.46809,8.47051,1.19,1.00
2014.10.29 19:48:53.921,8.46796,8.47036,2.29,1.00
2014.10.29 19:48:54.022,8.46816,8.47059,1.19,1.00
2014.10.29 19:48:54.716,8.46816,8.47059,1.00,1.25
2014.10.29 19:48:55.769,8.46816,8.47059,1.00,1.19
2014.10.29 19:48:56.671,8.46816,8.47059,1.00,1.00
2014.10.29 19:48:57.675,8.46816,8.47059,1.00,1.19
2014.10.29 19:48:58.680,8.46816,8.47059,1.00,1.19
2014.10.29 19:48:59.782,8.46816,8.47059,1.00,1.19
2014.10.29 19:49:00.798,8.46816,8.47059,1.00,1.19
2014.10.29 19:49:02.411,8.46816,8.47059,1.19,1.00
2014.10.29 19:49:03.268,8.46816,8.47055,1.19,1.00
2014.10.29 19:49:04.215,8.46816,8.47055,1.00,1.00
2014.10.29 19:49:06.420,8.46816,8.47055,1.00,1.19
2014.10.29 19:49:07.441,8.46816,8.47055,1.00,1.19
2014.10.29 19:49:08.157,8.46816,8.47055,1.00,1.00
2014.10.29 19:49:08.574,8.46816,8.47055,1.19,1.00
2014.10.29 19:49:09.628,8.46816,8.47055,1.00,1.00
2014.10.29 19:49:10.331,8.46816,8.47055,1.00,1.19
2014.10.29 19:49:11.988,8.46816,8.47055,1.00,1.00
2014.10.29 19:49:15.602,8.46816,8.47055,1.00,1.19
2014.10.29 19:49:15.804,8.46799,8.47043,1.60,1.19
2014.10.29 19:49:16.605,8.46799,8.47043,1.60,1.19
2014.10.29 19:49:17.646,8.46799,8.47043,1.60,1.19
2014.10.29 19:49:18.612,8.46799,8.47043,1.60,1.19
2014.10.29 19:49:19.615,8.46799,8.47043,1.79,1.19
2014.10.29 19:49:21.621,8.46799,8.47043,1.60,1.19
2014.10.29 19:49:22.625,8.46799,8.47043,1.79,1.19
2014.10.29 19:49:24.535,8.46799,8.47043,1.79,1.00
2014.10.29 19:49:26.543,8.46799,8.47043,1.79,1.00
2014.10.29 19:49:27.727,8.46799,8.47043,1.79,1.00
2014.10.29 19:49:28.730,8.46799,8.47043,1.60,1.00
2014.10.29 19:49:29.735,8.46799,8.47043,1.79,1.00
2014.10.29 19:49:30.740,8.46799,8.47043,1.79,1.00
2014.10.29 19:49:31.744,8.46799,8.47043,1.79,1.00
2014.10.29 19:49:32.770,8.46799,8.47043,1.79,1.00
2014.10.29 19:49:33.186,8.46815,8.47058,1.00,1.00
2014.10.29 19:49:33.952,8.46815,8.47058,1.00,1.19
2014.10.29 19:49:34.968,8.46815,8.47058,1.00,1.19
2014.10.29 19:49:35.990,8.46815,8.47058,1.00,1.19
2014.10.29 19:49:36.978,8.46815,8.47058,1.19,1.25
2014.10.29 19:49:37.967,8.46815,8.47058,1.00,1.19
2014.10.29 19:49:40.317,8.46815,8.47058,1.00,1.19
2014.10.29 19:49:42.601,8.46815,8.47058,1.19,1.19
2014.10.29 19:49:43.303,8.46815,8.47058,1.19,1.19
2014.10.29 19:49:43.644,8.46815,8.47054,1.00,1.19
2014.10.29 19:49:44.535,8.46815,8.47055,1.00,1.19
2014.10.29 19:49:45.539,8.46815,8.47058,1.00,1.19
2014.10.29 19:49:46.542,8.46815,8.47058,1.00,1.19
2014.10.29 19:49:47.546,8.46815,8.47058,1.25,1.19
2014.10.29 19:49:48.548,8.46815,8.47058,1.19,1.19
2014.10.29 19:49:50.554,8.46815,8.47058,1.19,1.19
2014.10.29 19:49:51.558,8.46815,8.47058,1.19,1.19
2014.10.29 19:49:52.962,8.46815,8.47058,1.00,1.19
2014.10.29 19:49:54.567,8.46815,8.47058,1.19,1.00
2014.10.29 19:49:56.475,8.46815,8.47058,1.00,1.19
2014.10.29 19:49:57.629,8.46815,8.47058,1.00,1.00
2014.10.29 19:50:00.316,8.46815,8.47058,1.00,1.19
2014.10.29 19:50:01.231,8.46815,8.47058,1.00,1.19
2014.10.29 19:50:03.214,8.46815,8.47058,1.00,1.19
2014.10.29 19:50:04.718,8.46815,8.47058,1.19,1.00
2014.10.29 19:50:05.721,8.46815,8.47058,1.19,1.00
2014.10.29 19:50:06.724,8.46815,8.47058,1.00,1.00
2014.10.29 19:50:09.736,8.46815,8.47058,1.19,1.19
2014.10.29 19:50:10.738,8.46815,8.47058,1.19,1.19
2014.10.29 19:50:11.741,8.46815,8.47058,1.00,1.19
2014.10.29 19:50:12.565,8.46795,8.47064,2.29,1.19
2014.10.29 19:50:12.749,8.46795,8.47064,2.29,1.19
2014.10.29 19:50:13.747,8.46795,8.47064,2.29,1.19
2014.10.29 19:50:15.554,8.46795,8.47064,2.29,1.19
2014.10.29 19:50:18.768,8.46795,8.47064,2.29,1.00
2014.10.29 19:50:21.078,8.46795,8.47064,2.29,1.19
2014.10.29 19:50:22.118,8.46795,8.47064,2.29,1.25
2014.10.29 19:50:23.087,8.46795,8.47064,2.29,1.19
2014.10.29 19:50:25.093,8.46795,8.47064,2.29,1.25
2014.10.29 19:50:26.096,8.46795,8.47064,2.29,1.19
2014.10.29 19:50:26.845,8.46849,8.47064,1.00,1.19
2014.10.29 19:50:27.303,8.46899,8.47081,1.00,1.19
2014.10.29 19:50:27.902,8.46899,8.47081,1.00,1.19
2014.10.29 19:50:28.125,8.46899,8.47082,1.00,1.00
2014.10.29 19:50:28.226,8.46903,8.47146,1.00,1.65
2014.10.29 19:50:28.277,8.46964,8.47146,1.00,1.50
2014.10.29 19:50:28.328,8.46964,8.47194,1.00,1.00
2014.10.29 19:50:28.378,8.46992,8.47194,1.00,1.00
2014.10.29 19:50:28.429,8.46992,8.47224,1.00,1.00
2014.10.29 19:50:28.480,8.46952,8.47224,1.00,1.00
2014.10.29 19:50:28.531,8.46944,8.47208,1.00,1.00
2014.10.29 19:50:28.838,8.46944,8.47195,1.00,1.00
2014.10.29 19:50:29.697,8.46976,8.47195,1.00,1.00
2014.10.29 19:50:29.747,8.46976,8.47206,1.00,1.00
2014.10.29 19:50:30.616,8.46976,8.47206,1.00,1.19
2014.10.29 19:50:32.425,8.46976,8.47226,1.00,1.19
2014.10.29 19:50:33.420,8.46976,8.47226,1.00,1.19
2014.10.29 19:50:34.418,8.47005,8.47226,1.00,1.19
2014.10.29 19:50:34.469,8.47005,8.47226,1.00,1.00
2014.10.29 19:50:34.570,8.47031,8.47226,1.00,1.00
2014.10.29 19:50:34.722,8.47031,8.47236,1.00,1.00
2014.10.29 19:50:34.824,8.47031,8.47256,1.00,1.19
2014.10.29 19:50:35.138,8.47031,8.47256,1.00,1.19
2014.10.29 19:50:35.189,8.47058,8.47256,1.00,1.19
2014.10.29 19:50:36.288,8.47058,8.47256,1.00,1.19
2014.10.29 19:50:37.970,8.47058,8.47256,1.00,1.19
2014.10.29 19:50:39.975,8.47058,8.47256,1.00,1.19
2014.10.29 19:50:40.979,8.47058,8.47256,1.00,1.00
2014.10.29 19:50:41.634,8.47058,8.47276,1.00,1.19
2014.10.29 19:50:41.763,8.47145,8.47276,2.10,1.19
2014.10.29 19:50:41.814,8.47145,8.47276,2.10,1.00
2014.10.29 19:50:41.916,8.47169,8.47277,2.10,1.00
2014.10.29 19:50:41.967,8.47169,8.47297,2.10,1.00
2014.10.29 19:50:42.018,8.47184,8.47333,2.29,1.00
2014.10.29 19:50:42.069,8.47184,8.47445,2.29,1.00
2014.10.29 19:50:42.119,8.47241,8.47445,1.00,1.00
2014.10.29 19:50:42.170,8.47241,8.47487,1.00,1.00
2014.10.29 19:50:42.272,8.47241,8.47502,1.00,1.00
2014.10.29 19:50:42.866,8.47281,8.47502,2.10,1.00
2014.10.29 19:50:42.967,8.47306,8.47522,1.00,1.00
2014.10.29 19:50:43.047,8.47306,8.4754,1.00,1.00
2014.10.29 19:50:43.098,8.474,8.47587,1.00,1.00
2014.10.29 19:50:43.149,8.474,8.47606,1.00,2.25
2014.10.29 19:50:43.200,8.474,8.47606,1.00,1.60
2014.10.29 19:50:43.504,8.474,8.47569,1.00,1.05
2014.10.29 19:50:43.925,8.474,8.47534,1.00,1.19
2014.10.29 19:50:43.976,8.47289,8.4752,1.00,1.19
2014.10.29 19:50:44.027,8.47289,8.47481,1.00,1.00
2014.10.29 19:50:44.179,8.47231,8.47454,1.00,1.00
2014.10.29 19:50:44.230,8.47207,8.47454,1.00,1.00
2014.10.29 19:50:44.281,8.47209,8.47481,1.00,1.00
2014.10.29 19:50:44.433,8.47209,8.47318,1.00,4.12
2014.10.29 19:50:44.484,8.47207,8.47291,1.00,1.13
2014.10.29 19:50:44.535,8.47187,8.47328,1.00,1.00
2014.10.29 19:50:44.586,8.47187,8.47342,1.00,1.57
2014.10.29 19:50:44.637,8.47146,8.47342,1.00,1.00
2014.10.29 19:50:44.689,8.4717,8.47423,1.00,1.00
2014.10.29 19:50:44.790,8.47188,8.4746,1.00,1.19
2014.10.29 19:50:45.034,8.47188,8.4746,1.00,1.00
2014.10.29 19:50:45.085,8.47193,8.4746,1.00,1.00
2014.10.29 19:50:47.214,8.47193,8.47447,1.00,1.00
2014.10.29 19:50:48.526,8.47195,8.47467,1.00,1.00
2014.10.29 19:50:48.729,8.47219,8.47483,1.00,1.00
2014.10.29 19:50:50.026,8.47241,8.47513,1.00,1.00
2014.10.29 19:50:50.077,8.47255,8.47513,1.00,1.00
2014.10.29 19:50:51.014,8.47255,8.47525,1.00,1.00
2014.10.29 19:50:53.182,8.47307,8.47525,1.00,1.00
2014.10.29 19:50:53.501,8.474,8.47586,1.00,1.19
2014.10.29 19:50:53.805,8.47413,8.47589,1.00,1.19
2014.10.29 19:50:54.160,8.47393,8.47589,1.00,1.19
2014.10.29 19:50:54.363,8.47393,8.47583,1.00,1.19
2014.10.29 19:50:54.465,8.47393,8.4759,1.00,1.19
2014.10.29 19:50:54.720,8.47272,8.47405,1.00,2.25
2014.10.29 19:50:54.771,8.47269,8.47401,1.00,2.25
2014.10.29 19:50:54.823,8.47251,8.47377,1.19,1.00
2014.10.29 19:50:54.924,8.4723,8.47491,1.19,1.00
2014.10.29 19:50:55.252,8.47219,8.47491,1.00,1.00
2014.10.29 19:50:57.185,8.47238,8.47491,1.00,1.00
2014.10.29 19:50:58.252,8.47238,8.47502,1.00,1.00
2014.10.29 19:51:00.934,8.47393,8.47522,1.00,1.00
2014.10.29 19:51:00.985,8.47393,8.47558,1.00,1.19
2014.10.29 19:51:01.036,8.47373,8.47532,1.00,1.00
2014.10.29 19:51:01.087,8.47285,8.47532,1.00,1.00
2014.10.29 19:51:01.188,8.47265,8.47532,1.19,1.00
2014.10.29 19:51:01.249,8.47315,8.47532,1.00,1.00
2014.10.29 19:51:01.553,8.47403,8.47595,1.00,1.19
2014.10.29 19:51:01.705,8.47403,8.47617,1.00,1.19
2014.10.29 19:51:01.908,8.47403,8.47626,1.00,1.19
2014.10.29 19:51:01.959,8.47395,8.47584,1.00,1.00
2014.10.29 19:51:02.060,8.47372,8.47584,1.00,1.00
2014.10.29 19:51:02.161,8.47227,8.47521,1.00,1.00
2014.10.29 19:51:02.263,8.47204,8.47498,1.50,1.00
2014.10.29 19:51:02.314,8.47163,8.47498,1.00,1.00
2014.10.29 19:51:02.365,8.47159,8.47498,1.00,1.00
2014.10.29 19:51:02.892,8.47156,8.47493,1.00,1.00
2014.10.29 19:51:03.145,8.47131,8.47469,1.00,1.00
2014.10.29 19:51:03.335,8.47131,8.47469,1.60,1.00
2014.10.29 19:51:03.639,8.472,8.47472,1.69,1.00
2014.10.29 19:51:04.000,8.47197,8.47469,1.19,1.00
2014.10.29 19:51:04.253,8.47219,8.47491,1.00,1.00
2014.10.29 19:51:05.167,8.47219,8.47491,1.19,1.00
2014.10.29 19:51:05.679,8.4724,8.47491,1.00,1.00
2014.10.29 19:51:05.992,8.47365,8.47577,1.00,1.19
2014.10.29 19:51:06.909,8.47365,8.47577,1.00,1.19
2014.10.29 19:51:07.319,8.47365,8.47449,1.00,2.10
2014.10.29 19:51:07.370,8.47275,8.4739,1.00,1.00
2014.10.29 19:51:07.421,8.4722,8.4739,1.00,1.00
2014.10.29 19:51:07.472,8.4722,8.47373,1.00,1.00
2014.10.29 19:51:07.523,8.47187,8.47373,1.00,1.00
2014.10.29 19:51:07.574,8.47187,8.47355,1.00,1.00
2014.10.29 19:51:07.625,8.47145,8.47355,1.00,1.60
2014.10.29 19:51:07.677,8.47125,8.47355,1.00,1.60
2014.10.29 19:51:07.778,8.47052,8.47324,1.00,1.00
2014.10.29 19:51:07.880,8.46993,8.47265,1.00,1.00
2014.10.29 19:51:18.980,8.47006,8.47265,1.00,1.00
2014.10.29 19:51:19.716,8.47005,8.47265,1.00,1.00
2014.10.29 19:51:19.939,8.47007,8.47279,1.00,1.19
2014.10.29 19:51:20.387,8.47007,8.47279,1.00,1.19
2014.10.29 19:51:21.353,8.47007,8.47279,1.00,1.19
2014.10.29 19:51:22.357,8.47007,8.47279,1.00,1.19
2014.10.29 19:51:24.089,8.47007,8.47279,1.19,1.19
2014.10.29 19:51:25.110,8.47007,8.47279,1.19,1.00
2014.10.29 19:51:26.070,8.47007,8.47279,1.19,1.00
2014.10.29 19:51:27.677,8.47007,8.47279,1.19,1.19
2014.10.29 19:51:28.693,8.47007,8.47279,1.25,1.19
2014.10.29 19:51:29.826,8.47007,8.47279,1.19,1.19
2014.10.29 19:51:30.629,8.47007,8.47279,1.19,1.19
2014.10.29 19:51:31.638,8.47007,8.47279,1.19,1.19
2014.10.29 19:51:32.038,8.47011,8.47279,1.19,1.00
2014.10.29 19:51:32.140,8.47011,8.47299,1.19,1.00
2014.10.29 19:51:32.191,8.47011,8.47348,1.19,1.00
2014.10.29 19:51:32.292,8.47134,8.47368,1.00,1.00
2014.10.29 19:51:32.394,8.47134,8.47466,1.00,1.69
2014.10.29 19:51:32.495,8.47114,8.47449,1.00,1.19
2014.10.29 19:51:32.597,8.47112,8.47449,1.00,1.19
2014.10.29 19:51:32.749,8.47135,8.47466,1.00,1.69
2014.10.29 19:51:33.275,8.47135,8.47475,1.00,1.00
2014.10.29 19:51:34.915,8.47139,8.47476,1.00,1.00
2014.10.29 19:51:35.459,8.47138,8.47475,1.00,1.19
2014.10.29 19:51:35.784,8.47146,8.47484,1.00,1.19
2014.10.29 19:51:36.491,8.47146,8.47484,1.00,1.19
2014.10.29 19:51:37.592,8.47146,8.47483,1.00,1.00
2014.10.29 19:51:38.432,8.47172,8.47503,1.00,1.19
2014.10.29 19:51:38.761,8.47172,8.47503,1.00,1.19
2014.10.29 19:51:38.872,8.47152,8.47487,1.00,1.19
2014.10.29 19:51:38.975,8.4715,8.47487,1.00,1.19
2014.10.29 19:51:39.026,8.47148,8.47503,1.00,1.19
2014.10.29 19:51:39.455,8.47173,8.47503,1.00,1.19
2014.10.29 19:51:39.655,8.47153,8.47487,1.00,1.19
2014.10.29 19:51:39.757,8.4715,8.47487,1.00,1.19
2014.10.29 19:51:40.386,8.4715,8.47487,1.00,1.19
2014.10.29 19:51:40.437,8.4713,8.47465,1.00,1.00
2014.10.29 19:51:40.539,8.47127,8.47465,1.00,1.00
2014.10.29 19:51:42.876,8.4713,8.47468,1.00,1.00
2014.10.29 19:51:48.340,8.4713,8.47468,1.00,1.19
2014.10.29 19:51:49.515,8.4713,8.47468,1.00,1.19
2014.10.29 19:51:50.555,8.4713,8.47468,1.00,1.00
2014.10.29 19:51:55.189,8.47114,8.47445,1.19,1.00
2014.10.29 19:51:55.443,8.47114,8.47445,1.00,1.00
2014.10.29 19:51:56.157,8.47133,8.47465,1.00,1.00
2014.10.29 19:51:56.259,8.47133,8.47471,1.00,1.00
2014.10.29 19:51:56.716,8.47113,8.47447,1.00,1.00
2014.10.29 19:51:56.818,8.47109,8.47447,1.19,1.00
2014.10.29 19:51:57.241,8.47132,8.47467,1.00,1.00
2014.10.29 19:51:57.343,8.47132,8.4747,1.00,1.25
2014.10.29 19:51:58.385,8.47133,8.4747,1.00,1.00
2014.10.29 19:51:58.588,8.47135,8.47472,1.00,1.00
2014.10.29 19:51:58.923,8.47135,8.47472,1.00,1.19
2014.10.29 19:51:59.335,8.47129,8.47466,1.00,1.00
2014.10.29 19:52:05.390,8.47129,8.47466,1.00,1.19
2014.10.29 19:52:05.654,8.47129,8.47466,1.00,1.00
2014.10.29 19:52:09.451,8.47109,8.47443,1.00,1.00
2014.10.29 19:52:09.562,8.47106,8.47443,1.00,1.00
2014.10.29 19:52:09.940,8.47132,8.47463,1.00,1.00
2014.10.29 19:52:10.042,8.47132,8.47469,1.00,1.19
2014.10.29 19:52:11.443,8.47112,8.47434,1.00,1.00
2014.10.29 19:52:11.748,8.47075,8.47241,1.00,1.00
2014.10.29 19:52:11.799,8.47045,8.47241,1.00,1.00
2014.10.29 19:52:11.903,8.46969,8.47241,1.00,1.00
2014.10.29 19:52:12.005,8.46985,8.47241,1.00,1.00
2014.10.29 19:52:12.207,8.46969,8.47241,1.00,1.00
2014.10.29 19:52:12.421,8.46984,8.47241,1.00,1.00
2014.10.29 19:52:12.751,8.46984,8.47231,1.00,1.19
2014.10.29 19:52:13.787,8.46984,8.47239,1.00,1.19
2014.10.29 19:52:14.124,8.46984,8.47317,1.19,1.19
2014.10.29 19:52:14.226,8.47026,8.47342,1.19,1.00
2014.10.29 19:52:14.529,8.47066,8.4733,1.00,1.00
2014.10.29 19:52:14.929,8.47064,8.47328,1.00,1.00
2014.10.29 19:52:15.501,8.47056,8.47328,1.00,1.00
2014.10.29 19:52:15.552,8.47067,8.47339,1.00,1.00
2014.10.29 19:52:15.856,8.47089,8.47361,1.00,1.00
2014.10.29 19:52:16.621,8.47104,8.47376,1.00,1.00
2014.10.29 19:52:18.651,8.4712,8.47392,1.00,1.00
2014.10.29 19:52:34.985,8.47069,8.47399,1.19,1.00
2014.10.29 19:52:35.958,8.47069,8.47399,1.00,1.00
2014.10.29 19:52:38.052,8.47069,8.47399,1.00,1.19
2014.10.29 19:52:39.043,8.47069,8.47399,1.00,1.19
2014.10.29 19:52:40.052,8.47069,8.47399,1.00,1.00
2014.10.29 19:52:41.161,8.47069,8.47399,1.00,1.19
2014.10.29 19:52:42.490,8.47069,8.47399,1.19,1.00
2014.10.29 19:52:43.458,8.47069,8.47399,1.19,1.00
2014.10.29 19:52:44.433,8.47069,8.47399,1.19,1.00
2014.10.29 19:52:45.474,8.47069,8.47399,1.19,1.00
2014.10.29 19:52:47.446,8.47069,8.47399,1.00,1.00
2014.10.29 19:52:55.310,8.47061,8.47399,1.00,1.00
2014.10.29 19:52:55.480,8.47061,8.47399,1.19,1.00
2014.10.29 19:52:56.759,8.47061,8.47399,1.19,1.00
2014.10.29 19:52:57.462,8.47061,8.47399,1.19,1.00
2014.10.29 19:52:58.482,8.47061,8.47399,1.00,1.00
2014.10.29 19:52:59.473,8.47061,8.47399,1.19,1.00
2014.10.29 19:53:00.515,8.47061,8.47399,1.19,1.25
2014.10.29 19:53:01.531,8.47061,8.47399,1.00,1.00
2014.10.29 19:53:02.586,8.47061,8.47399,1.19,1.00
2014.10.29 19:53:03.489,8.47061,8.47399,1.19,1.00
2014.10.29 19:53:04.513,8.47061,8.47399,1.19,1.00
2014.10.29 19:53:06.499,8.47061,8.47399,1.19,1.00
2014.10.29 19:53:07.707,8.47061,8.47399,1.00,1.00
2014.10.29 19:53:08.815,8.47061,8.47399,1.19,1.00
2014.10.29 19:53:10.136,8.47061,8.47399,1.19,1.00
2014.10.29 19:53:11.158,8.47061,8.47399,1.19,1.00
2014.10.29 19:53:12.203,8.47061,8.47399,1.19,1.00
2014.10.29 19:53:13.182,8.47061,8.47399,1.19,1.00
2014.10.29 19:53:14.240,8.47061,8.47399,1.19,1.00
2014.10.29 19:53:16.252,8.47061,8.47399,1.00,1.00
2014.10.29 19:53:23.154,8.47061,8.47399,1.19,1.00
2014.10.29 19:53:24.170,8.47061,8.47399,1.25,1.00
2014.10.29 19:53:25.179,8.47061,8.47399,1.19,1.00
2014.10.29 19:53:26.194,8.47061,8.47399,1.00,1.00
2014.10.29 19:53:29.190,8.47061,8.47399,1.19,1.00
2014.10.29 19:53:30.185,8.47061,8.47399,1.25,1.00
2014.10.29 19:53:31.187,8.47061,8.47399,1.19,1.00
2014.10.29 19:53:33.515,8.47061,8.47399,1.00,1.00
2014.10.29 19:53:35.501,8.47061,8.47399,1.19,1.00
2014.10.29 19:53:37.342,8.47061,8.47399,1.00,1.00
2014.10.29 19:53:38.426,8.47061,8.47399,1.19,1.00
2014.10.29 19:53:40.415,8.47061,8.47399,1.19,1.00
2014.10.29 19:53:41.426,8.47061,8.47399,1.00,1.00
2014.10.29 19:53:47.383,8.47061,8.47399,1.19,1.00
2014.10.29 19:53:48.363,8.47061,8.47399,1.19,1.00
2014.10.29 19:53:49.366,8.47061,8.47399,1.19,1.00
2014.10.29 19:53:50.368,8.47061,8.47399,1.19,1.00
2014.10.29 19:53:51.380,8.47061,8.47399,1.19,1.00
2014.10.29 19:53:52.416,8.47061,8.47399,1.19,1.00
2014.10.29 19:53:53.380,8.47061,8.47399,1.19,1.00
2014.10.29 19:53:54.384,8.47061,8.47399,1.19,1.00
2014.10.29 19:53:55.387,8.47061,8.47399,1.19,1.00
2014.10.29 19:53:57.030,8.47061,8.47399,1.19,1.25
2014.10.29 19:53:57.998,8.47061,8.47399,1.19,1.00
2014.10.29 19:53:59.033,8.47061,8.47399,1.19,1.00
2014.10.29 19:54:00.051,8.47061,8.47399,1.19,1.00
2014.10.29 19:54:01.006,8.47061,8.47399,1.19,1.00
2014.10.29 19:54:02.014,8.47062,8.47399,1.19,1.00
2014.10.29 19:54:03.015,8.47066,8.47399,1.19,1.00
2014.10.29 19:54:04.047,8.47061,8.47399,1.19,1.00
2014.10.29 19:54:05.065,8.47061,8.47399,1.19,1.00
2014.10.29 19:54:06.093,8.47061,8.47399,1.19,1.00
2014.10.29 19:54:07.057,8.47063,8.47399,1.19,1.00
2014.10.29 19:54:08.073,8.47061,8.47399,1.19,1.00
2014.10.29 19:54:09.094,8.47061,8.47399,1.19,1.00
2014.10.29 19:54:10.101,8.47061,8.47399,1.19,1.00
2014.10.29 19:54:11.090,8.47061,8.47399,1.19,1.00
2014.10.29 19:54:11.395,8.47058,8.47377,1.19,1.00
2014.10.29 19:54:12.221,8.47088,8.47377,1.00,1.00
2014.10.29 19:54:12.272,8.47108,8.47414,1.00,1.19
2014.10.29 19:54:13.177,8.47108,8.47414,1.00,1.19
2014.10.29 19:54:14.181,8.47108,8.47414,1.00,1.19
2014.10.29 19:54:15.222,8.47108,8.47404,1.00,1.19
2014.10.29 19:54:16.187,8.47108,8.47399,1.00,1.19
2014.10.29 19:54:18.193,8.47108,8.47401,1.00,1.19
2014.10.29 19:54:19.201,8.47108,8.47395,1.00,1.19
2014.10.29 19:54:20.225,8.47108,8.47404,1.00,1.19
2014.10.29 19:54:21.247,8.47108,8.47409,1.00,1.19
2014.10.29 19:54:22.209,8.47108,8.47414,1.00,1.19
2014.10.29 19:54:23.161,8.47108,8.47406,1.00,1.19
2014.10.29 19:54:24.165,8.47108,8.47401,1.00,1.19
2014.10.29 19:54:25.201,8.47108,8.47402,1.00,1.19
2014.10.29 19:54:25.681,8.47088,8.47394,1.00,1.19
2014.10.29 19:54:26.232,8.47088,8.47394,1.00,1.00
2014.10.29 19:54:27.213,8.47088,8.47394,1.00,1.19
2014.10.29 19:54:28.216,8.47088,8.47394,1.00,1.19
2014.10.29 19:54:29.326,8.47088,8.47394,1.00,1.19
2014.10.29 19:54:30.367,8.47088,8.47394,1.00,1.00
2014.10.29 19:54:32.336,8.47088,8.47394,1.00,1.19
2014.10.29 19:54:33.382,8.47088,8.47394,1.00,1.19
2014.10.29 19:54:34.361,8.47088,8.47394,1.00,1.00
2014.10.29 19:54:35.342,8.47088,8.47394,1.00,1.19
2014.10.29 19:54:36.351,8.47088,8.47394,1.00,1.25
2014.10.29 19:54:37.583,8.47088,8.47394,1.00,1.19
2014.10.29 19:54:38.402,8.47088,8.47394,1.00,1.19
2014.10.29 19:54:39.425,8.47088,8.47394,1.00,1.00
2014.10.29 19:54:40.391,8.47088,8.47394,1.00,1.19
2014.10.29 19:54:41.393,8.47088,8.47394,1.00,1.19
2014.10.29 19:54:42.397,8.47088,8.47394,1.00,1.19
2014.10.29 19:54:43.422,8.47088,8.47394,1.00,1.19
2014.10.29 19:54:45.425,8.47088,8.47394,1.00,1.19
2014.10.29 19:54:47.433,8.47088,8.47394,1.00,1.19
2014.10.29 19:54:48.469,8.47088,8.47394,1.00,1.19
2014.10.29 19:54:49.422,8.47088,8.47394,1.00,1.19
2014.10.29 19:54:50.426,8.47088,8.47394,1.00,1.19
2014.10.29 19:54:51.430,8.47088,8.47394,1.00,1.19
2014.10.29 19:54:52.434,8.47088,8.47394,1.00,1.19
2014.10.29 19:54:53.572,8.47088,8.47394,1.00,1.00
2014.10.29 19:54:54.482,8.47088,8.47394,1.00,1.19
2014.10.29 19:54:55.512,8.47088,8.47394,1.00,1.19
2014.10.29 19:54:56.279,8.47088,8.47394,1.00,1.00
2014.10.29 19:55:00.269,8.47107,8.47413,1.00,1.00
2014.10.29 19:55:02.300,8.47107,8.47397,1.00,1.19
2014.10.29 19:55:03.570,8.47086,8.47391,1.00,1.19
2014.10.29 19:55:04.205,8.47086,8.47391,1.00,1.00
2014.10.29 19:55:09.234,8.47086,8.47391,1.00,1.19
2014.10.29 19:55:10.260,8.47086,8.47391,1.00,1.19
2014.10.29 19:55:11.241,8.47086,8.47391,1.00,1.19
2014.10.29 19:55:11.292,8.47088,8.47391,1.00,1.19
2014.10.29 19:55:11.600,8.47108,8.47413,1.00,1.19
2014.10.29 19:55:12.476,8.47108,8.47414,1.00,1.19
2014.10.29 19:55:13.282,8.47108,8.47414,1.00,1.19
2014.10.29 19:55:14.294,8.47108,8.47414,1.00,1.19
2014.10.29 19:55:15.318,8.47108,8.47414,1.00,1.19
2014.10.29 19:55:16.273,8.47108,8.47414,1.00,1.19
2014.10.29 19:55:17.276,8.47108,8.47414,1.00,1.25
2014.10.29 19:55:18.278,8.47108,8.47414,1.00,1.19
2014.10.29 19:55:19.281,8.47108,8.47414,1.00,1.19
2014.10.29 19:55:20.332,8.47108,8.47414,1.00,1.19
2014.10.29 19:55:21.288,8.47108,8.47414,1.00,1.19
2014.10.29 19:55:22.328,8.47108,8.47414,1.00,1.69
2014.10.29 19:55:23.296,8.47108,8.47414,1.00,1.19
2014.10.29 19:55:24.320,8.47108,8.47414,1.00,1.19
2014.10.29 19:55:25.312,8.47108,8.47414,1.00,1.19
2014.10.29 19:55:26.315,8.47108,8.47414,1.00,1.19
2014.10.29 19:55:27.442,8.47108,8.47414,1.00,1.69
2014.10.29 19:55:28.314,8.47108,8.47414,1.00,1.19
2014.10.29 19:55:29.313,8.47108,8.47414,1.00,1.19
2014.10.29 19:55:30.316,8.47108,8.47414,1.00,1.19
2014.10.29 19:55:31.332,8.47108,8.47414,1.00,1.19
2014.10.29 19:55:32.342,8.47108,8.47414,1.00,1.19
2014.10.29 19:55:33.425,8.47108,8.47414,1.00,1.00
2014.10.29 19:55:40.383,8.47108,8.47414,1.00,1.19
2014.10.29 19:55:42.453,8.47108,8.47414,1.00,1.00
2014.10.29 19:55:52.023,8.47108,8.47411,1.00,1.00
2014.10.29 19:55:52.074,8.47085,8.47391,1.00,1.00
2014.10.29 19:56:13.590,8.47085,8.47338,1.00,1.00
2014.10.29 19:56:13.641,8.47061,8.47318,1.00,1.00
2014.10.29 19:56:15.901,8.4708,8.47318,1.00,1.00
2014.10.29 19:56:16.009,8.47057,8.47318,1.00,1.00
2014.10.29 19:56:20.971,8.47057,8.47318,1.19,1.00
2014.10.29 19:56:21.990,8.47057,8.47318,1.19,1.00
2014.10.29 19:56:22.978,8.47057,8.47318,1.19,1.00
2014.10.29 19:56:23.225,8.47061,8.47335,1.25,1.00
2014.10.29 19:56:45.331,8.47042,8.47316,1.19,1.00
2014.10.29 19:56:45.433,8.47058,8.47334,1.00,1.00
2014.10.29 19:57:00.260,8.47058,8.47334,1.19,1.00
2014.10.29 19:57:01.236,8.47058,8.47334,1.00,1.00
2014.10.29 19:57:08.249,8.47058,8.47334,1.19,1.00
2014.10.29 19:57:10.297,8.47058,8.47334,1.19,1.00
2014.10.29 19:57:11.950,8.47058,8.47334,1.00,1.00
2014.10.29 19:57:14.909,8.47058,8.47334,1.19,1.00
2014.10.29 19:57:15.937,8.47058,8.47334,1.19,1.00
2014.10.29 19:57:16.896,8.47058,8.47334,1.00,1.00
2014.10.29 19:57:17.903,8.47058,8.47334,1.19,1.00
2014.10.29 19:57:18.916,8.47058,8.47334,1.00,1.00
2014.10.29 19:57:20.916,8.47058,8.47334,1.19,1.00
2014.10.29 19:57:21.919,8.47058,8.47334,1.19,1.00
2014.10.29 19:57:23.977,8.47058,8.47334,1.19,1.00
2014.10.29 19:57:24.933,8.47058,8.47334,1.19,1.00
2014.10.29 19:57:26.797,8.47058,8.47334,1.19,1.00
2014.10.29 19:57:27.765,8.47058,8.47334,1.19,1.00
2014.10.29 19:57:28.767,8.47058,8.47334,1.19,1.00
2014.10.29 19:57:28.868,8.47077,8.47351,1.00,1.00
2014.10.29 19:57:29.210,8.47059,8.47333,1.25,1.00
2014.10.29 19:57:30.807,8.47059,8.47333,1.19,1.00
2014.10.29 19:57:31.782,8.47059,8.47333,1.19,1.00
2014.10.29 19:57:32.785,8.47059,8.47333,1.19,1.00
2014.10.29 19:57:34.217,8.47059,8.47333,1.19,1.00
2014.10.29 19:57:35.195,8.47059,8.47333,1.25,1.00
2014.10.29 19:57:36.199,8.47059,8.47333,1.19,1.00
2014.10.29 19:57:37.010,8.47076,8.4735,1.00,1.00
2014.10.29 19:57:42.251,8.47076,8.4735,1.19,1.00
2014.10.29 19:57:44.257,8.47076,8.4735,1.00,1.00
2014.10.29 19:57:46.266,8.47076,8.4735,1.19,1.00
2014.10.29 19:57:47.269,8.47076,8.4735,1.19,1.00
2014.10.29 19:57:48.293,8.47076,8.4735,1.19,1.00
2014.10.29 19:57:49.311,8.47076,8.4735,1.00,1.00
2014.10.29 19:57:50.308,8.47076,8.4735,1.19,1.00
2014.10.29 19:57:51.282,8.47076,8.4735,1.00,1.00
2014.10.29 19:58:00.836,8.47076,8.4735,1.19,1.00
2014.10.29 19:58:01.340,8.47076,8.4735,1.19,1.00
2014.10.29 19:58:03.068,8.47076,8.4735,1.00,1.00
2014.10.29 19:58:04.094,8.47076,8.4735,1.19,1.00
2014.10.29 19:58:05.064,8.47076,8.4735,1.00,1.00
2014.10.29 19:58:09.067,8.47076,8.4735,1.19,1.00
2014.10.29 19:58:09.168,8.47093,8.47366,1.00,1.00
2014.10.29 19:58:09.269,8.47076,8.47349,1.19,1.00
2014.10.29 19:58:10.124,8.47076,8.47349,1.00,1.00
2014.10.29 19:58:13.082,8.47076,8.47349,1.19,1.00
2014.10.29 19:58:14.487,8.47076,8.47349,1.00,1.00
2014.10.29 19:58:15.070,8.47058,8.47332,1.19,1.00
2014.10.29 19:58:15.536,8.47079,8.47353,1.00,1.00
2014.10.29 19:58:15.688,8.47088,8.47353,1.00,1.00
2014.10.29 19:58:16.030,8.47108,8.47353,1.00,1.00
2014.10.29 19:58:17.940,8.47123,8.47353,1.00,1.00
2014.10.29 19:58:18.377,8.47105,8.47353,1.00,1.00
2014.10.29 19:58:19.810,8.47121,8.47353,1.00,1.00
2014.10.29 19:58:20.381,8.47119,8.47353,1.00,1.00
2014.10.29 19:58:20.691,8.47119,8.47369,1.00,1.00
2014.10.29 19:58:21.138,8.47119,8.47354,1.00,1.00
2014.10.29 19:58:24.533,8.47103,8.47354,1.00,1.00
2014.10.29 19:58:24.636,8.47103,8.47339,1.00,1.00
2014.10.29 19:58:31.084,8.47103,8.47339,1.19,1.00
2014.10.29 19:58:32.077,8.47103,8.47339,1.19,1.00
2014.10.29 19:58:33.105,8.47103,8.47339,1.19,1.00
2014.10.29 19:58:35.086,8.47103,8.47339,1.19,1.00
2014.10.29 19:58:35.550,8.47103,8.47358,1.19,1.00
2014.10.29 19:58:35.855,8.47118,8.47358,1.00,1.00
2014.10.29 19:58:36.696,8.47102,8.47358,1.00,1.00
2014.10.29 19:58:37.326,8.47102,8.47343,1.25,1.00
2014.10.29 19:58:40.274,8.47102,8.47357,1.00,1.00
2014.10.29 19:58:40.326,8.47102,8.47357,1.19,1.00
2014.10.29 19:58:40.630,8.47116,8.47358,1.00,1.00
2014.10.29 19:58:41.086,8.47133,8.47359,1.00,1.00
2014.10.29 19:58:41.137,8.47153,8.47395,1.00,1.00
2014.10.29 19:58:41.289,8.47171,8.47413,1.00,1.00
2014.10.29 19:58:41.594,8.47323,8.47428,1.00,1.00
2014.10.29 19:58:41.696,8.47323,8.47447,1.00,1.00
2014.10.29 19:58:41.797,8.47323,8.47462,1.00,1.00
2014.10.29 19:58:42.065,8.47323,8.47478,1.00,1.00
2014.10.29 19:58:42.826,8.47323,8.47463,1.00,1.00
2014.10.29 19:58:42.928,8.47323,8.4748,1.00,1.00
2014.10.29 19:58:43.560,8.47323,8.47463,1.00,1.00
2014.10.29 19:58:43.665,8.47323,8.47481,1.00,1.00
2014.10.29 19:58:43.817,8.47323,8.47466,1.00,1.00
2014.10.29 19:58:45.557,8.47323,8.47491,1.00,1.00
2014.10.29 19:58:46.717,8.47324,8.47491,1.00,1.00
2014.10.29 19:58:46.768,8.47344,8.47491,1.00,1.00
2014.10.29 19:58:46.870,8.47344,8.4751,1.00,1.00
2014.10.29 19:58:47.225,8.47344,8.47495,1.00,1.00
2014.10.29 19:58:47.987,8.47323,8.47495,1.00,1.00
2014.10.29 19:58:48.038,8.47323,8.47487,1.00,1.00
2014.10.29 19:58:48.358,8.47323,8.47467,1.00,1.00
2014.10.29 19:58:50.388,8.47323,8.47482,1.00,1.00
2014.10.29 19:58:50.854,8.47323,8.47501,1.00,1.00
2014.10.29 19:58:51.006,8.47323,8.47498,1.00,1.00
2014.10.29 19:58:51.057,8.47236,8.47478,1.00,1.00
2014.10.29 19:58:51.108,8.47236,8.47462,1.00,1.00
2014.10.29 19:58:51.159,8.472,8.47442,1.00,1.00
2014.10.29 19:58:51.261,8.47185,8.47427,1.00,1.00
2014.10.29 19:58:51.566,8.47122,8.47354,1.00,1.00
2014.10.29 19:58:51.870,8.47122,8.47339,1.00,1.00
2014.10.29 19:58:52.174,8.47109,8.47339,1.00,1.00
2014.10.29 19:58:52.795,8.47109,8.47355,1.00,1.00
2014.10.29 19:58:53.787,8.47109,8.47355,1.19,1.00
2014.10.29 19:58:54.709,8.47124,8.47355,1.00,1.00
2014.10.29 19:58:55.774,8.47124,8.47375,1.00,1.00
2014.10.29 19:58:55.875,8.47124,8.47361,1.00,1.00
2014.10.29 19:58:56.356,8.47124,8.47376,1.00,1.00
2014.10.29 19:58:56.457,8.47124,8.47361,1.00,1.00
2014.10.29 19:58:57.567,8.47126,8.47361,1.00,1.00
2014.10.29 19:58:57.769,8.47122,8.47364,1.00,1.00
2014.10.29 19:58:58.886,8.47105,8.47347,1.19,1.00
2014.10.29 19:58:58.987,8.47121,8.47364,1.00,1.00
2014.10.29 19:58:59.555,8.47121,8.47363,1.00,1.00
2014.10.29 19:59:00.731,8.47105,8.47347,1.19,1.00
2014.10.29 19:59:00.935,8.47126,8.4737,1.00,1.00
2014.10.29 19:59:01.162,8.47111,8.47353,1.00,1.00
2014.10.29 19:59:01.526,8.47131,8.47373,1.00,1.00
2014.10.29 19:59:01.836,8.47111,8.47353,1.19,1.00
2014.10.29 19:59:02.177,8.47114,8.47356,1.00,1.00
2014.10.29 19:59:02.476,8.47112,8.47355,1.25,1.00
2014.10.29 19:59:02.527,8.47115,8.47355,1.00,1.00
2014.10.29 19:59:02.585,8.47135,8.47378,1.00,1.00
2014.10.29 19:59:02.864,8.47135,8.47363,1.00,1.00
2014.10.29 19:59:03.224,8.47101,8.47343,1.19,1.00
2014.10.29 19:59:03.822,8.47101,8.47343,1.19,1.00
2014.10.29 19:59:04.827,8.47101,8.47343,1.00,1.00
2014.10.29 19:59:06.692,8.4711,8.47343,1.00,1.00
2014.10.29 19:59:07.181,8.4711,8.47343,1.19,1.00
2014.10.29 19:59:09.178,8.4711,8.47343,1.19,1.00
2014.10.29 19:59:10.181,8.47106,8.47343,1.19,1.00
2014.10.29 19:59:11.185,8.47102,8.47343,1.19,1.00
2014.10.29 19:59:12.334,8.47104,8.47343,1.19,1.00
2014.10.29 19:59:13.194,8.47101,8.47343,1.19,1.00
2014.10.29 19:59:14.134,8.47117,8.4736,1.19,1.00
2014.10.29 19:59:14.289,8.47101,8.47343,1.19,1.00
2014.10.29 19:59:15.217,8.47101,8.47343,1.19,1.00
2014.10.29 19:59:16.205,8.47101,8.47343,1.00,1.00
2014.10.29 19:59:17.208,8.47101,8.47343,1.19,1.00
2014.10.29 19:59:18.647,8.4711,8.47343,1.19,1.00
2014.10.29 19:59:19.618,8.4711,8.47343,1.19,1.00
2014.10.29 19:59:20.020,8.4711,8.47343,1.00,1.00
2014.10.29 19:59:20.172,8.47101,8.47343,1.00,1.00
2014.10.29 19:59:20.324,8.47101,8.47446,1.00,1.00
2014.10.29 19:59:20.448,8.47106,8.47395,1.00,1.00
2014.10.29 19:59:20.753,8.47094,8.47309,1.50,1.00
2014.10.29 19:59:20.855,8.47094,8.47327,1.50,1.00
2014.10.29 19:59:20.956,8.47084,8.47328,1.00,1.00
2014.10.29 19:59:21.007,8.47084,8.47308,1.00,1.00
2014.10.29 19:59:21.109,8.47046,8.47288,1.00,1.00
2014.10.29 19:59:22.020,8.47049,8.47288,1.00,1.00
2014.10.29 19:59:22.071,8.47069,8.47311,1.00,1.00
2014.10.29 19:59:22.977,8.47072,8.47311,1.19,1.00
2014.10.29 19:59:23.972,8.47083,8.47311,1.19,1.00
2014.10.29 19:59:25.864,8.47083,8.47311,1.19,1.00
2014.10.29 19:59:26.915,8.47088,8.47311,1.19,1.00
2014.10.29 19:59:27.122,8.47088,8.47325,1.19,1.00
2014.10.29 19:59:27.892,8.47094,8.47325,1.19,1.00
2014.10.29 19:59:28.922,8.47083,8.47325,1.69,1.00
2014.10.29 19:59:29.247,8.47083,8.47364,1.69,1.00
2014.10.29 19:59:29.349,8.47113,8.47364,1.00,1.00
2014.10.29 19:59:30.225,8.47113,8.47364,1.19,1.00
2014.10.29 19:59:31.586,8.47113,8.47364,1.00,1.00
2014.10.29 19:59:33.275,8.47113,8.47348,1.25,1.00
2014.10.29 19:59:33.596,8.47113,8.47348,1.19,1.00
2014.10.29 19:59:33.962,8.47113,8.47364,1.19,1.00
2014.10.29 19:59:34.063,8.47129,8.47364,1.00,1.00
2014.10.29 19:59:34.727,8.47129,8.47389,1.00,1.00
2014.10.29 19:59:34.828,8.47149,8.47389,1.00,1.00
2014.10.29 19:59:35.806,8.47149,8.47403,1.00,1.00
2014.10.29 19:59:35.959,8.47149,8.47403,1.19,1.00
2014.10.29 19:59:36.272,8.47148,8.47389,1.19,1.00
2014.10.29 19:59:36.968,8.47148,8.47389,1.19,1.00
2014.10.29 19:59:37.974,8.47148,8.47389,1.19,1.00
2014.10.29 19:59:39.025,8.47148,8.47389,1.19,1.00
2014.10.29 19:59:40.009,8.47148,8.47389,1.19,1.00
2014.10.29 19:59:41.037,8.47148,8.47389,1.00,1.00
2014.10.29 19:59:43.302,8.47134,8.47388,1.00,1.00
2014.10.29 19:59:45.528,8.47134,8.47373,1.00,1.00
2014.10.29 19:59:52.432,8.47134,8.47373,1.19,1.00
2014.10.29 19:59:53.465,8.47134,8.47373,1.19,1.00
2014.10.29 19:59:54.420,8.47134,8.47373,1.19,1.00
2014.10.29 19:59:55.432,8.47134,8.47373,1.00,1.00
2014.10.29 19:59:59.743,8.47134,8.47373,1.19,1.00
