2017.08.03 13:00:00.396,9.37308,9.37512,1.50,1.00
2017.08.03 13:00:00.447,9.37318,9.37512,1.50,1.00
2017.08.03 13:00:00.961,9.37309,9.37512,1.50,1.00
2017.08.03 13:00:01.324,9.37309,9.37499,1.50,1.00
2017.08.03 13:00:02.093,9.37299,9.37499,2.10,1.00
2017.08.03 13:00:02.195,9.37299,9.37499,2.10,1.00
2017.08.03 13:00:02.602,9.37277,9.37492,1.60,1.00
2017.08.03 13:00:02.653,9.37279,9.37499,1.50,1.00
2017.08.03 13:00:02.705,9.37279,9.37492,1.50,1.00
2017.08.03 13:00:03.027,9.37279,9.37486,1.50,1.00
2017.08.03 13:00:03.078,9.37269,9.37486,1.50,1.00
2017.08.03 13:00:03.130,9.37264,9.37472,1.00,1.00
2017.08.03 13:00:03.438,9.37214,9.37382,1.00,1.00
2017.08.03 13:00:03.490,9.37188,9.37382,1.00,1.00
2017.08.03 13:00:03.541,9.37175,9.37382,1.18,1.00
2017.08.03 13:00:03.592,9.37175,9.37382,1.00,1.00
2017.08.03 13:00:03.643,9.37174,9.37377,1.00,1.00
2017.08.03 13:00:03.796,9.37157,9.37372,1.00,1.00
2017.08.03 13:00:03.949,9.37157,9.37377,1.00,1.00
2017.08.03 13:00:05.522,9.37169,9.37377,1.50,1.00
2017.08.03 13:00:05.778,9.37189,9.37405,1.50,1.00
2017.08.03 13:00:06.247,9.37185,9.37405,1.00,1.00
2017.08.03 13:00:06.298,9.37189,9.37405,1.00,1.00
2017.08.03 13:00:07.091,9.37185,9.37405,1.00,1.00
2017.08.03 13:00:09.351,9.37179,9.37376,1.50,1.00
2017.08.03 13:00:09.859,9.37154,9.37376,1.00,1.00
2017.08.03 13:00:10.106,9.37154,9.37357,1.00,1.00
2017.08.03 13:00:10.157,9.37126,9.37346,1.00,1.00
2017.08.03 13:00:10.208,9.37126,9.37326,1.00,1.00
2017.08.03 13:00:10.515,9.37221,9.37426,1.60,1.00
2017.08.03 13:00:10.566,9.37221,9.37426,1.60,1.00
2017.08.03 13:00:10.617,9.37221,9.37431,1.00,1.00
2017.08.03 13:00:10.669,9.37205,9.37425,1.60,1.00
2017.08.03 13:00:10.720,9.37205,9.37425,1.60,1.00
2017.08.03 13:00:11.270,9.37209,9.37425,2.10,1.00
2017.08.03 13:00:11.372,9.37218,9.37438,1.60,1.00
2017.08.03 13:00:11.924,9.37218,9.37438,1.60,1.00
2017.08.03 13:00:11.975,9.37212,9.37432,1.60,1.00
2017.08.03 13:00:12.026,9.37212,9.37432,1.60,1.00
2017.08.03 13:00:12.401,9.37212,9.37432,1.60,1.00
2017.08.03 13:00:12.453,9.37212,9.37432,1.00,1.00
2017.08.03 13:00:12.555,9.37212,9.37422,1.00,1.00
2017.08.03 13:00:12.707,9.37182,9.37401,1.00,1.50
2017.08.03 13:00:13.064,9.37169,9.37389,1.00,1.00
2017.08.03 13:00:13.667,9.37157,9.37377,1.60,1.00
2017.08.03 13:00:13.972,9.37157,9.37377,1.60,1.00
2017.08.03 13:00:14.326,9.37157,9.37377,1.00,1.00
2017.08.03 13:00:14.377,9.37157,9.37371,1.00,1.50
2017.08.03 13:00:14.428,9.37157,9.37377,1.00,1.00
2017.08.03 13:00:14.479,9.37139,9.3735,1.50,1.00
2017.08.03 13:00:14.581,9.37134,9.3735,1.60,1.00
2017.08.03 13:00:15.933,9.37134,9.3735,1.60,1.00
2017.08.03 13:00:16.668,9.37134,9.3735,1.60,1.00
2017.08.03 13:00:16.719,9.37144,9.3735,1.00,1.00
2017.08.03 13:00:17.075,9.37144,9.37363,1.00,1.50
2017.08.03 13:00:20.705,9.37149,9.37363,1.50,1.00
2017.08.03 13:00:21.011,9.37159,9.37363,1.50,1.00
2017.08.03 13:00:21.113,9.37159,9.37376,1.50,1.00
2017.08.03 13:00:22.854,9.37158,9.37376,1.50,1.00
2017.08.03 13:00:24.415,9.37157,9.37376,2.10,1.00
2017.08.03 13:00:24.628,9.3717,9.3739,1.00,1.00
2017.08.03 13:00:25.142,9.37178,9.3739,1.00,1.00
2017.08.03 13:00:25.244,9.37183,9.37403,1.60,1.00
2017.08.03 13:00:25.347,9.37196,9.37416,1.00,1.00
2017.08.03 13:00:26.537,9.37196,9.37396,1.00,1.00
2017.08.03 13:00:26.589,9.37196,9.37416,1.00,1.50
2017.08.03 13:00:26.640,9.37196,9.37381,1.00,1.00
2017.08.03 13:00:26.840,9.37167,9.37387,1.00,1.00
2017.08.03 13:00:26.894,9.37167,9.37383,1.00,1.00
2017.08.03 13:00:26.946,9.37147,9.37367,1.00,1.00
2017.08.03 13:00:27.353,9.37134,9.37354,1.00,1.00
2017.08.03 13:00:27.743,9.37137,9.37354,1.00,1.00
2017.08.03 13:00:28.251,9.37138,9.37354,1.00,1.00
2017.08.03 13:00:29.824,9.37149,9.37354,1.50,1.00
2017.08.03 13:00:30.078,9.37149,9.37367,1.50,1.00
2017.08.03 13:00:30.770,9.37148,9.37367,2.10,1.00
2017.08.03 13:00:30.821,9.37148,9.37367,2.10,1.00
2017.08.03 13:00:31.126,9.37168,9.3738,1.60,1.00
2017.08.03 13:00:31.228,9.37168,9.3738,1.60,1.00
2017.08.03 13:00:32.052,9.37168,9.37384,1.60,1.00
2017.08.03 13:00:32.132,9.37168,9.37384,1.60,1.00
2017.08.03 13:00:32.285,9.37168,9.37384,1.60,1.00
2017.08.03 13:00:32.438,9.37162,9.37384,1.00,1.00
2017.08.03 13:00:32.489,9.37169,9.37384,1.50,1.00
2017.08.03 13:00:33.998,9.37162,9.37384,1.00,1.00
2017.08.03 13:00:34.054,9.37162,9.37356,1.00,1.00
2017.08.03 13:00:34.156,9.37143,9.37338,1.00,1.00
2017.08.03 13:00:34.208,9.37118,9.37327,1.00,1.00
2017.08.03 13:00:34.260,9.37118,9.37338,1.00,1.00
2017.08.03 13:00:34.312,9.37118,9.37338,1.00,1.37
2017.08.03 13:00:34.465,9.37111,9.37331,1.00,1.00
2017.08.03 13:00:34.567,9.37097,9.37317,1.00,1.00
2017.08.03 13:00:35.176,9.37084,9.37304,1.00,1.00
2017.08.03 13:00:35.723,9.37084,9.37303,1.00,1.00
2017.08.03 13:00:36.028,9.37084,9.37287,1.00,1.00
2017.08.03 13:00:36.079,9.37056,9.37276,1.00,1.00
2017.08.03 13:00:36.181,9.37042,9.37262,1.00,1.00
2017.08.03 13:00:36.492,9.37028,9.37248,1.00,1.00
2017.08.03 13:00:37.154,9.37028,9.37203,1.00,1.00
2017.08.03 13:00:37.206,9.37028,9.37231,1.00,1.00
2017.08.03 13:00:37.258,9.37028,9.37216,1.00,1.00
2017.08.03 13:00:37.382,9.37008,9.37216,1.00,1.00
2017.08.03 13:00:37.434,9.36989,9.37209,1.00,1.00
2017.08.03 13:00:37.536,9.36989,9.37209,1.60,1.00
2017.08.03 13:00:37.588,9.37002,9.37224,1.00,1.00
2017.08.03 13:00:37.689,9.37016,9.37236,1.00,1.00
2017.08.03 13:00:37.996,9.37038,9.37249,1.00,1.00
2017.08.03 13:00:38.098,9.37047,9.37267,1.00,1.00
2017.08.03 13:00:38.291,9.37058,9.37267,1.00,1.00
2017.08.03 13:00:38.343,9.37047,9.37267,1.00,1.00
2017.08.03 13:00:38.445,9.37047,9.37267,1.60,1.00
2017.08.03 13:00:38.649,9.37047,9.37267,1.60,1.00
2017.08.03 13:00:38.903,9.37047,9.37267,1.60,1.00
2017.08.03 13:00:38.954,9.37047,9.37267,1.00,1.00
2017.08.03 13:00:39.401,9.3707,9.37288,1.00,1.00
2017.08.03 13:00:39.452,9.3707,9.3729,1.00,1.00
2017.08.03 13:00:39.991,9.37085,9.37301,1.60,1.50
2017.08.03 13:00:40.044,9.37085,9.37305,1.60,1.00
2017.08.03 13:00:40.095,9.37101,9.37321,1.00,1.00
2017.08.03 13:00:40.333,9.37115,9.37335,1.00,1.00
2017.08.03 13:00:41.000,9.37128,9.37348,1.00,1.00
2017.08.03 13:00:42.707,9.37128,9.37316,1.00,1.00
2017.08.03 13:00:42.758,9.37128,9.37348,1.00,1.00
2017.08.03 13:00:42.810,9.37128,9.37315,1.00,1.00
2017.08.03 13:00:42.913,9.3709,9.37289,1.00,1.00
2017.08.03 13:00:42.964,9.3709,9.37292,1.00,1.00
2017.08.03 13:00:43.016,9.37064,9.37282,1.00,1.00
2017.08.03 13:00:43.067,9.37064,9.37284,1.00,1.00
2017.08.03 13:00:43.118,9.37053,9.37273,1.00,1.00
2017.08.03 13:00:43.455,9.3707,9.3729,1.00,1.00
2017.08.03 13:00:44.535,9.3707,9.3729,1.60,1.00
2017.08.03 13:00:44.637,9.37084,9.37304,1.00,1.00
2017.08.03 13:00:44.739,9.37097,9.37317,1.00,1.00
2017.08.03 13:00:45.146,9.37106,9.37317,1.00,1.00
2017.08.03 13:00:45.197,9.37112,9.37332,1.00,1.00
2017.08.03 13:00:45.332,9.37117,9.37332,1.00,1.00
2017.08.03 13:00:45.434,9.37125,9.37345,1.00,1.00
2017.08.03 13:00:45.485,9.37125,9.37345,1.60,1.00
2017.08.03 13:00:45.638,9.37139,9.37359,1.00,1.00
2017.08.03 13:00:47.527,9.37152,9.37372,1.00,1.00
2017.08.03 13:00:50.015,9.37139,9.37359,1.00,1.00
2017.08.03 13:00:50.805,9.37139,9.37316,1.00,1.00
2017.08.03 13:00:50.857,9.37139,9.37332,1.00,1.00
2017.08.03 13:00:50.910,9.37143,9.37332,1.00,1.00
2017.08.03 13:00:51.063,9.37099,9.37312,1.00,1.00
2017.08.03 13:00:51.115,9.37099,9.37292,1.00,1.00
2017.08.03 13:00:51.166,9.37073,9.37282,1.00,1.00
2017.08.03 13:00:51.307,9.37068,9.37288,1.00,1.00
2017.08.03 13:00:51.359,9.37051,9.37271,1.00,1.00
2017.08.03 13:00:51.866,9.37052,9.37272,1.00,1.00
2017.08.03 13:00:52.261,9.37059,9.37279,1.00,1.00
2017.08.03 13:00:53.486,9.37059,9.37279,1.72,1.00
2017.08.03 13:00:53.942,9.37059,9.37279,1.72,1.00
2017.08.03 13:00:55.074,9.37059,9.37279,1.72,1.00
2017.08.03 13:00:55.621,9.3706,9.3728,1.72,1.00
2017.08.03 13:00:56.193,9.3706,9.3728,1.72,1.00
2017.08.03 13:00:57.452,9.3706,9.3728,1.72,1.00
2017.08.03 13:00:58.054,9.3706,9.3728,1.72,1.00
2017.08.03 13:00:59.158,9.3706,9.3728,1.72,1.00
2017.08.03 13:01:00.288,9.3706,9.3728,1.72,1.00
2017.08.03 13:01:01.451,9.3706,9.3728,1.72,1.00
2017.08.03 13:01:02.733,9.3706,9.3728,1.72,1.00
2017.08.03 13:01:04.178,9.3706,9.3728,1.72,1.00
2017.08.03 13:01:04.690,9.3706,9.3728,1.72,1.00
2017.08.03 13:01:05.082,9.37072,9.37294,1.72,1.00
2017.08.03 13:01:05.336,9.37079,9.37294,1.32,1.00
2017.08.03 13:01:05.388,9.37086,9.37306,1.72,1.00
2017.08.03 13:01:05.490,9.37101,9.37322,1.72,1.00
2017.08.03 13:01:05.543,9.37101,9.37322,1.72,1.00
2017.08.03 13:01:05.989,9.37136,9.37339,1.32,1.00
2017.08.03 13:01:06.090,9.37144,9.37364,1.72,1.00
2017.08.03 13:01:06.244,9.37144,9.37364,2.07,1.00
2017.08.03 13:01:06.400,9.3717,9.37379,1.32,1.00
2017.08.03 13:01:06.936,9.37185,9.37405,1.72,1.00
2017.08.03 13:01:06.987,9.37185,9.37405,1.72,1.00
2017.08.03 13:01:07.647,9.37185,9.37382,1.72,1.00
2017.08.03 13:01:07.894,9.37198,9.37418,1.72,1.00
2017.08.03 13:01:08.098,9.37198,9.37418,1.72,1.00
2017.08.03 13:01:08.645,9.37198,9.37418,1.72,1.00
2017.08.03 13:01:09.305,9.37198,9.37418,1.72,1.00
2017.08.03 13:01:10.131,9.37224,9.37431,1.32,1.00
2017.08.03 13:01:10.285,9.37243,9.37447,1.32,1.00
2017.08.03 13:01:10.387,9.37268,9.37461,1.32,1.00
2017.08.03 13:01:10.489,9.37265,9.37461,1.32,1.00
2017.08.03 13:01:11.028,9.37265,9.37461,1.33,1.00
2017.08.03 13:01:11.131,9.37273,9.37473,1.33,1.00
2017.08.03 13:01:12.034,9.37252,9.37472,1.73,1.00
2017.08.03 13:01:12.086,9.37232,9.37432,1.73,1.00
2017.08.03 13:01:12.413,9.37226,9.37443,1.73,1.00
2017.08.03 13:01:12.921,9.37226,9.37442,1.73,1.00
2017.08.03 13:01:13.073,9.37302,9.37442,1.35,1.00
2017.08.03 13:01:13.444,9.37302,9.37446,1.35,1.00
2017.08.03 13:01:13.680,9.37302,9.37433,1.35,1.00
2017.08.03 13:01:13.731,9.37302,9.37442,1.35,1.00
2017.08.03 13:01:13.782,9.37302,9.37432,1.35,1.00
2017.08.03 13:01:14.121,9.37306,9.37432,1.35,1.00
2017.08.03 13:01:15.203,9.37306,9.37431,1.35,1.00
2017.08.03 13:01:15.254,9.37292,9.37431,1.35,1.00
2017.08.03 13:01:16.434,9.37305,9.37431,1.35,1.00
2017.08.03 13:01:16.563,9.37305,9.37447,1.35,1.00
2017.08.03 13:01:17.713,9.37305,9.37461,1.35,1.00
2017.08.03 13:01:18.742,9.37312,9.37461,1.35,1.00
2017.08.03 13:01:19.906,9.37323,9.37461,1.35,1.00
2017.08.03 13:01:21.050,9.37314,9.37457,1.35,1.00
2017.08.03 13:01:21.836,9.37314,9.37461,1.35,1.00
2017.08.03 13:01:22.391,9.37311,9.37461,1.35,1.00
2017.08.03 13:01:23.038,9.37311,9.37442,1.35,1.00
2017.08.03 13:01:23.344,9.37308,9.37429,1.35,1.00
2017.08.03 13:01:26.974,9.37242,9.37429,1.00,1.00
2017.08.03 13:01:27.025,9.37228,9.37421,1.35,1.00
2017.08.03 13:01:30.142,9.37215,9.37421,1.70,1.00
2017.08.03 13:01:30.860,9.37201,9.37411,1.35,1.00
2017.08.03 13:01:31.365,9.37204,9.37411,1.35,1.00
2017.08.03 13:01:32.664,9.37204,9.37411,1.35,1.00
2017.08.03 13:01:33.839,9.37204,9.37411,1.35,1.00
2017.08.03 13:01:34.973,9.37204,9.37411,1.35,1.00
2017.08.03 13:01:36.249,9.37204,9.37411,1.35,1.00
2017.08.03 13:01:37.532,9.37198,9.37411,1.70,1.00
2017.08.03 13:01:38.295,9.37224,9.37411,1.00,1.00
2017.08.03 13:01:38.346,9.37214,9.37411,1.00,1.00
2017.08.03 13:01:38.397,9.37201,9.37411,2.45,1.00
2017.08.03 13:01:38.500,9.37207,9.37415,1.95,1.00
2017.08.03 13:01:38.551,9.3721,9.37415,1.32,1.00
2017.08.03 13:01:38.743,9.37224,9.37426,1.95,1.00
2017.08.03 13:01:38.794,9.37224,9.37426,1.95,1.00
2017.08.03 13:01:39.200,9.37224,9.37426,1.95,1.00
2017.08.03 13:01:40.038,9.37228,9.37426,1.95,1.00
2017.08.03 13:01:40.089,9.37228,9.37426,1.95,1.00
2017.08.03 13:01:40.685,9.37228,9.37426,1.60,1.00
2017.08.03 13:01:40.819,9.37228,9.37435,1.60,1.00
2017.08.03 13:01:41.124,9.37238,9.37435,2.45,1.00
2017.08.03 13:01:41.713,9.37238,9.37435,3.95,1.00
2017.08.03 13:01:42.152,9.37238,9.37435,1.95,1.00
2017.08.03 13:01:42.407,9.37238,9.37435,2.45,1.00
2017.08.03 13:01:43.316,9.37238,9.37435,1.95,1.00
2017.08.03 13:01:43.759,9.37246,9.37435,1.32,1.00
2017.08.03 13:01:43.810,9.37246,9.37449,1.32,1.00
2017.08.03 13:01:43.861,9.37249,9.37449,2.10,1.00
2017.08.03 13:01:43.963,9.37269,9.37449,1.30,1.00
2017.08.03 13:01:44.014,9.37254,9.37461,1.97,1.00
2017.08.03 13:01:44.562,9.37254,9.37461,1.97,1.00
2017.08.03 13:01:45.342,9.37252,9.37461,1.95,1.00
2017.08.03 13:01:45.394,9.37252,9.37461,1.95,1.00
2017.08.03 13:01:46.538,9.37252,9.37461,1.35,1.00
2017.08.03 13:01:47.219,9.37294,9.37461,1.00,1.00
2017.08.03 13:01:47.422,9.37342,9.37522,1.72,1.00
2017.08.03 13:01:47.473,9.3737,9.37522,1.72,1.00
2017.08.03 13:01:47.524,9.37376,9.37556,1.32,1.00
2017.08.03 13:01:47.576,9.37376,9.37556,1.32,1.00
2017.08.03 13:01:47.628,9.37405,9.37596,1.37,1.00
2017.08.03 13:01:47.679,9.37405,9.37596,1.72,1.00
2017.08.03 13:01:47.730,9.37405,9.37614,1.72,1.00
2017.08.03 13:01:47.832,9.37421,9.37631,1.00,1.50
2017.08.03 13:01:47.883,9.37421,9.37638,1.00,1.00
2017.08.03 13:01:47.935,9.37421,9.3764,1.00,1.00
2017.08.03 13:01:48.037,9.37455,9.3764,1.00,1.00
2017.08.03 13:01:48.140,9.37455,9.37653,1.00,1.00
2017.08.03 13:01:48.949,9.37455,9.3767,1.00,1.00
2017.08.03 13:01:49.262,9.37457,9.3767,1.00,1.00
2017.08.03 13:01:50.465,9.3746,9.3767,1.00,1.00
2017.08.03 13:01:51.187,9.3746,9.37659,1.00,1.00
2017.08.03 13:01:51.290,9.37435,9.37649,1.00,1.00
2017.08.03 13:01:51.341,9.3742,9.3764,1.00,1.50
2017.08.03 13:01:51.443,9.37418,9.37625,1.00,1.00
2017.08.03 13:01:51.496,9.37411,9.37625,1.00,1.00
2017.08.03 13:01:51.815,9.3739,9.37607,1.00,1.00
2017.08.03 13:01:51.918,9.3738,9.37595,1.00,1.00
2017.08.03 13:01:52.019,9.37381,9.37601,1.00,1.00
2017.08.03 13:01:52.245,9.37381,9.37592,1.00,1.00
2017.08.03 13:01:52.550,9.3738,9.37582,1.00,1.00
2017.08.03 13:01:52.856,9.37367,9.37582,1.00,1.00
2017.08.03 13:01:52.958,9.37356,9.37577,1.00,1.00
2017.08.03 13:01:53.355,9.37355,9.37563,1.00,1.00
2017.08.03 13:01:53.458,9.37339,9.37559,1.00,1.00
2017.08.03 13:01:53.510,9.37339,9.37554,1.00,1.00
2017.08.03 13:01:53.824,9.37325,9.37533,1.00,1.00
2017.08.03 13:01:54.156,9.37325,9.37522,1.00,1.00
2017.08.03 13:01:54.207,9.37313,9.37522,1.00,1.00
2017.08.03 13:01:54.476,9.373,9.37492,1.00,1.00
2017.08.03 13:01:54.527,9.37292,9.37492,1.00,1.00
2017.08.03 13:01:54.679,9.37292,9.37494,1.00,1.00
2017.08.03 13:01:55.205,9.37272,9.37493,1.00,1.00
2017.08.03 13:01:55.256,9.37272,9.37482,1.00,1.00
2017.08.03 13:01:55.358,9.37253,9.3747,1.50,1.00
2017.08.03 13:01:55.409,9.37253,9.37437,1.00,1.00
2017.08.03 13:01:55.461,9.3724,9.37437,1.00,1.00
2017.08.03 13:01:55.577,9.37228,9.37437,1.00,1.00
2017.08.03 13:01:55.629,9.37228,9.37448,1.00,1.00
2017.08.03 13:01:59.488,9.37228,9.37448,1.37,1.00
2017.08.03 13:01:59.540,9.37243,9.37463,1.00,1.00
2017.08.03 13:01:59.592,9.37243,9.37463,1.37,1.00
2017.08.03 13:01:59.643,9.37264,9.37484,1.00,1.00
2017.08.03 13:01:59.960,9.37281,9.37501,1.00,1.00
2017.08.03 13:02:00.266,9.37313,9.37531,1.00,1.00
2017.08.03 13:02:00.521,9.37313,9.37533,1.00,1.00
2017.08.03 13:02:00.572,9.37313,9.37533,1.37,1.00
2017.08.03 13:02:00.760,9.37326,9.37546,1.00,1.00
2017.08.03 13:02:00.811,9.37348,9.37546,1.00,1.00
2017.08.03 13:02:00.862,9.37348,9.37561,1.00,1.00
2017.08.03 13:02:02.069,9.37341,9.37561,1.00,1.00
2017.08.03 13:02:04.478,9.37354,9.37565,1.00,1.00
2017.08.03 13:02:06.342,9.37354,9.37568,1.00,1.00
2017.08.03 13:02:09.556,9.37342,9.37562,1.00,1.00
2017.08.03 13:02:09.862,9.37332,9.37548,1.00,1.00
2017.08.03 13:02:10.337,9.37328,9.37548,1.00,1.00
2017.08.03 13:02:12.096,9.37338,9.37558,1.00,1.00
2017.08.03 13:02:15.987,9.37323,9.37545,1.50,1.00
2017.08.03 13:02:19.180,9.37324,9.37545,1.00,1.00
2017.08.03 13:02:19.587,9.37337,9.37557,1.00,1.00
2017.08.03 13:02:21.287,9.37344,9.37564,1.00,1.00
2017.08.03 13:02:22.009,9.37327,9.37547,1.00,1.00
2017.08.03 13:02:26.829,9.3734,9.3756,1.00,1.00
2017.08.03 13:02:28.436,9.37355,9.37575,1.00,1.00
2017.08.03 13:02:30.632,9.37342,9.37562,1.00,1.00
2017.08.03 13:02:32.008,9.37353,9.37573,1.00,1.00
2017.08.03 13:02:35.028,9.37353,9.37568,1.00,1.00
2017.08.03 13:02:37.101,9.37353,9.37573,1.00,1.00
2017.08.03 13:02:37.660,9.37358,9.37573,1.00,1.00
2017.08.03 13:02:37.965,9.37402,9.37622,1.00,1.00
2017.08.03 13:02:39.318,9.37404,9.37622,1.00,1.00
2017.08.03 13:02:39.956,9.37416,9.37636,1.00,1.00
2017.08.03 13:02:40.966,9.3743,9.3765,1.00,1.00
2017.08.03 13:02:42.129,9.37434,9.3765,1.37,1.00
2017.08.03 13:02:42.180,9.37443,9.37665,1.00,1.00
2017.08.03 13:02:42.359,9.37457,9.37677,1.00,1.00
2017.08.03 13:02:46.883,9.37442,9.37662,1.00,1.00
2017.08.03 13:02:48.771,9.37414,9.37633,1.00,1.00
2017.08.03 13:02:49.320,9.37413,9.37632,1.00,1.00
2017.08.03 13:02:49.473,9.37401,9.37621,1.00,1.00
2017.08.03 13:02:50.380,9.37414,9.37634,1.00,1.00
2017.08.03 13:02:50.688,9.37456,9.37676,1.00,1.00
2017.08.03 13:02:50.790,9.37468,9.3769,1.00,1.00
2017.08.03 13:02:50.994,9.37455,9.37675,1.00,1.00
2017.08.03 13:02:51.300,9.37472,9.37692,1.00,1.00
2017.08.03 13:02:52.112,9.3747,9.3769,1.00,1.00
2017.08.03 13:02:54.081,9.37483,9.37703,1.00,1.00
2017.08.03 13:02:56.402,9.37496,9.37716,1.00,1.00
2017.08.03 13:02:56.505,9.37509,9.37729,1.00,1.00
2017.08.03 13:02:56.810,9.37537,9.37757,1.00,1.00
2017.08.03 13:02:57.115,9.37555,9.37777,1.00,1.00
2017.08.03 13:02:58.041,9.37543,9.37763,1.00,1.00
2017.08.03 13:03:02.570,9.37543,9.37762,1.00,1.00
2017.08.03 13:03:02.724,9.37527,9.37747,1.00,1.00
2017.08.03 13:03:02.826,9.37514,9.37734,1.00,1.00
2017.08.03 13:03:03.177,9.37514,9.37732,1.00,1.00
2017.08.03 13:03:03.735,9.37514,9.37722,1.00,1.00
2017.08.03 13:03:04.119,9.375,9.37712,1.00,1.00
2017.08.03 13:03:04.222,9.37487,9.37707,1.00,1.00
2017.08.03 13:03:04.854,9.37499,9.37719,1.00,1.00
2017.08.03 13:03:07.961,9.37513,9.37733,1.00,1.00
2017.08.03 13:03:09.831,9.37513,9.37732,1.00,1.00
2017.08.03 13:03:10.137,9.37513,9.37722,1.00,1.00
2017.08.03 13:03:10.443,9.37513,9.37712,1.00,1.00
2017.08.03 13:03:10.545,9.37499,9.37712,1.00,1.00
2017.08.03 13:03:10.724,9.37499,9.37719,1.00,1.00
2017.08.03 13:03:11.028,9.37517,9.37732,1.00,1.00
2017.08.03 13:03:11.428,9.37504,9.37724,1.00,1.00
2017.08.03 13:03:12.026,9.37511,9.37731,1.00,1.00
2017.08.03 13:03:12.351,9.37511,9.37722,1.00,1.00
2017.08.03 13:03:12.453,9.37496,9.37716,1.00,1.00
2017.08.03 13:03:12.555,9.37483,9.37704,1.00,1.00
2017.08.03 13:03:12.960,9.37564,9.37704,1.00,1.00
2017.08.03 13:03:13.192,9.37568,9.37723,1.00,1.00
2017.08.03 13:03:13.243,9.3757,9.37786,1.00,1.00
2017.08.03 13:03:13.410,9.3757,9.3779,1.00,1.00
2017.08.03 13:03:13.564,9.37584,9.37804,1.00,1.00
2017.08.03 13:03:21.144,9.37584,9.37791,1.00,1.00
2017.08.03 13:03:21.379,9.37539,9.37755,1.00,1.00
2017.08.03 13:03:21.532,9.37535,9.37755,1.00,1.00
2017.08.03 13:03:21.583,9.37535,9.37741,1.00,1.00
2017.08.03 13:03:21.685,9.37522,9.37737,1.00,1.00
2017.08.03 13:03:21.787,9.37505,9.3772,1.00,1.00
2017.08.03 13:03:22.351,9.375,9.37719,1.00,1.00
2017.08.03 13:03:22.453,9.37488,9.37708,1.00,1.00
2017.08.03 13:03:23.120,9.37488,9.37687,1.00,1.00
2017.08.03 13:03:23.171,9.37474,9.37687,1.00,1.00
2017.08.03 13:03:23.277,9.37467,9.37673,1.00,1.00
2017.08.03 13:03:23.328,9.37457,9.37673,1.00,1.00
2017.08.03 13:03:23.380,9.37453,9.37673,1.00,1.00
2017.08.03 13:03:23.685,9.37466,9.37686,1.00,1.00
2017.08.03 13:03:26.465,9.37479,9.37699,1.00,1.00
2017.08.03 13:03:27.705,9.37489,9.37699,1.00,1.00
2017.08.03 13:03:27.858,9.37506,9.37726,1.00,1.00
2017.08.03 13:03:28.162,9.3751,9.37726,1.00,1.00
2017.08.03 13:03:28.265,9.37519,9.37739,1.00,1.00
2017.08.03 13:03:28.713,9.37532,9.37739,1.60,1.00
2017.08.03 13:03:28.764,9.37533,9.37751,1.60,1.00
2017.08.03 13:03:28.866,9.37547,9.37767,1.00,1.00
2017.08.03 13:03:29.171,9.37547,9.37767,1.60,1.00
2017.08.03 13:03:29.476,9.37575,9.37767,1.00,1.00
2017.08.03 13:03:29.578,9.37575,9.3778,1.00,1.00
2017.08.03 13:03:32.084,9.37575,9.37782,1.00,1.00
2017.08.03 13:03:33.090,9.37573,9.37782,1.00,1.00
2017.08.03 13:03:34.013,9.37573,9.37772,1.00,1.00
2017.08.03 13:03:34.174,9.37564,9.37782,1.00,1.50
2017.08.03 13:03:34.378,9.37555,9.37768,1.00,1.00
2017.08.03 13:03:34.824,9.37548,9.37768,1.00,1.00
2017.08.03 13:03:34.876,9.37556,9.37768,1.00,1.00
2017.08.03 13:03:35.612,9.37548,9.37768,1.00,1.00
2017.08.03 13:03:36.068,9.37535,9.37755,1.00,1.00
2017.08.03 13:03:36.376,9.37509,9.37729,1.00,1.00
2017.08.03 13:03:36.681,9.37496,9.37716,1.00,1.00
2017.08.03 13:03:37.294,9.37496,9.37712,1.00,1.00
2017.08.03 13:03:37.497,9.37483,9.37702,1.00,1.00
2017.08.03 13:03:37.599,9.37476,9.3769,1.00,1.00
2017.08.03 13:03:38.978,9.37475,9.3769,1.00,1.00
2017.08.03 13:03:39.446,9.3747,9.3769,1.00,1.00
2017.08.03 13:03:39.548,9.37478,9.3769,1.00,1.00
2017.08.03 13:03:39.700,9.37488,9.37708,1.00,1.00
2017.08.03 13:03:40.444,9.37489,9.37708,1.00,1.00
2017.08.03 13:03:44.685,9.37488,9.37708,1.50,1.00
2017.08.03 13:03:45.866,9.37499,9.37708,1.00,1.00
2017.08.03 13:03:46.028,9.37515,9.37735,1.00,1.00
2017.08.03 13:03:46.180,9.37532,9.37735,1.60,1.00
2017.08.03 13:03:46.231,9.37531,9.37747,1.60,1.00
2017.08.03 13:03:46.334,9.37557,9.37761,1.00,1.00
2017.08.03 13:03:46.436,9.37568,9.37774,1.00,1.00
2017.08.03 13:03:46.958,9.37567,9.37774,1.00,1.00
2017.08.03 13:03:47.156,9.37568,9.37747,1.00,1.00
2017.08.03 13:03:47.501,9.37555,9.37715,1.00,1.00
2017.08.03 13:03:47.704,9.37512,9.37692,1.00,1.00
2017.08.03 13:03:47.806,9.37498,9.37692,1.00,1.00
2017.08.03 13:03:48.587,9.37498,9.37686,1.00,1.00
2017.08.03 13:03:48.830,9.37485,9.37686,1.00,1.00
2017.08.03 13:03:49.033,9.37485,9.37669,1.00,1.00
2017.08.03 13:03:52.043,9.37492,9.37669,1.00,1.00
2017.08.03 13:03:57.858,9.37492,9.37649,1.00,1.00
2017.08.03 13:03:57.910,9.37478,9.37649,1.00,1.00
2017.08.03 13:03:58.012,9.37465,9.37649,1.00,1.00
2017.08.03 13:03:58.136,9.37456,9.37632,1.00,1.00
2017.08.03 13:03:58.187,9.37449,9.37632,1.00,1.00
2017.08.03 13:03:58.238,9.37436,9.37632,1.00,1.00
2017.08.03 13:03:58.615,9.37436,9.37623,1.00,1.00
2017.08.03 13:03:59.352,9.37436,9.37606,1.00,1.00
2017.08.03 13:03:59.915,9.37436,9.376,1.00,1.00
2017.08.03 13:04:00.220,9.3742,9.37586,1.00,1.00
2017.08.03 13:04:00.732,9.37407,9.37586,1.00,1.00
2017.08.03 13:04:00.835,9.37394,9.37586,1.00,1.00
2017.08.03 13:04:00.886,9.37394,9.37586,1.37,1.00
2017.08.03 13:04:01.242,9.37407,9.37586,1.00,1.00
2017.08.03 13:04:06.061,9.37407,9.37584,1.00,1.00
2017.08.03 13:04:06.163,9.37395,9.37584,1.00,1.00
2017.08.03 13:04:06.553,9.37382,9.37569,1.00,1.00
2017.08.03 13:04:06.858,9.37382,9.37557,1.00,1.00
2017.08.03 13:04:06.960,9.37382,9.37569,1.00,1.00
2017.08.03 13:04:07.437,9.37382,9.37556,1.00,1.00
2017.08.03 13:04:07.843,9.37382,9.37541,1.00,1.00
2017.08.03 13:04:08.027,9.37365,9.37538,1.00,1.00
2017.08.03 13:04:08.129,9.37351,9.37541,1.00,1.00
2017.08.03 13:04:08.231,9.37345,9.37541,1.00,1.00
2017.08.03 13:04:08.332,9.37339,9.37541,1.00,1.00
2017.08.03 13:04:08.536,9.37339,9.37528,1.00,1.00
2017.08.03 13:04:08.740,9.37326,9.37528,1.00,1.00
2017.08.03 13:04:09.146,9.37326,9.37511,1.00,1.00
2017.08.03 13:04:10.068,9.37464,9.37532,1.50,1.00
2017.08.03 13:04:10.119,9.3739,9.37546,1.52,1.00
2017.08.03 13:04:10.170,9.3739,9.37546,1.60,1.00
2017.08.03 13:04:10.221,9.37366,9.37538,1.20,1.00
2017.08.03 13:04:10.272,9.37379,9.37562,1.00,1.00
2017.08.03 13:04:10.324,9.37379,9.37588,1.00,1.00
2017.08.03 13:04:10.426,9.37379,9.37598,1.00,1.00
2017.08.03 13:04:10.477,9.37366,9.37586,1.00,1.00
2017.08.03 13:04:10.952,9.37366,9.37581,1.00,1.00
2017.08.03 13:04:11.267,9.37366,9.37561,1.00,1.00
2017.08.03 13:04:11.930,9.37367,9.37561,1.00,1.00
2017.08.03 13:04:13.086,9.37464,9.37587,1.50,1.00
2017.08.03 13:04:13.138,9.37482,9.37616,1.00,1.00
2017.08.03 13:04:13.189,9.37482,9.37616,1.60,1.00
2017.08.03 13:04:13.240,9.37497,9.3769,1.60,1.00
2017.08.03 13:04:13.291,9.37497,9.3769,1.60,1.00
2017.08.03 13:04:13.342,9.375,9.37692,1.12,1.00
2017.08.03 13:04:13.444,9.375,9.37692,1.12,1.00
2017.08.03 13:04:13.496,9.375,9.37682,1.12,1.00
2017.08.03 13:04:13.597,9.37497,9.37682,1.87,1.00
2017.08.03 13:04:13.742,9.37499,9.37689,1.12,1.00
2017.08.03 13:04:14.016,9.37499,9.37681,1.12,1.00
2017.08.03 13:04:14.462,9.37497,9.37674,1.52,1.00
2017.08.03 13:04:15.155,9.37497,9.37678,1.52,1.00
2017.08.03 13:04:15.815,9.37497,9.37661,1.52,1.00
2017.08.03 13:04:18.062,9.37497,9.37661,1.00,1.00
2017.08.03 13:04:18.838,9.37496,9.37636,1.00,1.00
2017.08.03 13:04:18.970,9.37475,9.37649,1.00,1.00
2017.08.03 13:04:20.788,9.37463,9.37649,1.00,1.00
2017.08.03 13:04:20.992,9.37449,9.37649,1.00,1.00
2017.08.03 13:04:21.246,9.37449,9.37638,1.00,1.00
2017.08.03 13:04:21.399,9.3742,9.37612,1.00,1.00
2017.08.03 13:04:21.540,9.37399,9.37596,1.00,1.00
2017.08.03 13:04:21.591,9.37385,9.37596,1.00,1.00
2017.08.03 13:04:22.064,9.37385,9.37588,1.00,1.00
2017.08.03 13:04:22.915,9.37385,9.37562,1.00,1.00
2017.08.03 13:04:22.966,9.37372,9.37574,1.00,1.00
2017.08.03 13:04:23.017,9.37372,9.37584,1.00,1.00
2017.08.03 13:04:23.423,9.37372,9.37569,1.00,1.00
2017.08.03 13:04:23.930,9.37372,9.37581,1.00,1.00
2017.08.03 13:04:23.982,9.3738,9.37581,1.00,1.00
2017.08.03 13:04:24.304,9.37399,9.37574,1.00,1.00
2017.08.03 13:04:27.104,9.37386,9.37574,1.00,1.00
2017.08.03 13:04:28.214,9.37373,9.37574,1.00,1.00
2017.08.03 13:04:30.136,9.37374,9.37574,1.00,1.00
2017.08.03 13:04:30.342,9.37373,9.37574,1.52,1.00
2017.08.03 13:04:30.646,9.37387,9.37574,1.00,1.00
2017.08.03 13:04:30.988,9.37401,9.37574,1.00,1.00
2017.08.03 13:04:31.912,9.37387,9.37574,1.00,1.00
2017.08.03 13:04:36.205,9.37389,9.37574,1.00,1.00
2017.08.03 13:04:36.510,9.37404,9.37574,1.00,1.00
2017.08.03 13:04:38.153,9.37391,9.37574,1.27,1.00
2017.08.03 13:04:43.448,9.37391,9.37594,1.00,1.00
2017.08.03 13:04:43.803,9.37404,9.37594,1.00,1.00
2017.08.03 13:04:43.854,9.37404,9.37611,1.00,1.00
2017.08.03 13:04:43.905,9.37409,9.37624,1.50,1.00
2017.08.03 13:04:43.956,9.37418,9.3764,1.00,1.00
2017.08.03 13:04:44.058,9.37437,9.3765,1.00,1.00
2017.08.03 13:04:44.525,9.37437,9.37657,1.00,1.00
2017.08.03 13:04:45.334,9.37437,9.37651,1.00,1.00
2017.08.03 13:04:48.541,9.37437,9.37636,1.00,1.00
2017.08.03 13:04:48.643,9.3742,9.37631,1.00,1.00
2017.08.03 13:04:48.748,9.37431,9.37631,1.00,1.00
2017.08.03 13:04:48.850,9.37428,9.37631,1.00,1.00
2017.08.03 13:04:48.952,9.37441,9.37631,1.00,1.00
2017.08.03 13:04:52.091,9.3744,9.37631,1.00,1.00
2017.08.03 13:04:58.464,9.37453,9.37631,1.00,1.00
2017.08.03 13:04:58.780,9.37459,9.37624,1.00,1.00
2017.08.03 13:05:00.107,9.37446,9.37624,1.00,1.00
2017.08.03 13:05:00.361,9.37446,9.37604,1.00,1.00
2017.08.03 13:05:00.615,9.37432,9.37604,1.00,1.00
2017.08.03 13:05:00.666,9.37445,9.37604,1.00,1.00
2017.08.03 13:05:00.783,9.37428,9.37604,1.00,1.00
2017.08.03 13:05:00.886,9.37417,9.37604,1.00,1.00
2017.08.03 13:05:00.987,9.37414,9.37604,1.00,1.00
2017.08.03 13:05:03.206,9.37414,9.3762,1.00,1.00
2017.08.03 13:05:05.444,9.37414,9.37632,1.00,1.00
2017.08.03 13:05:05.495,9.37414,9.37632,1.52,1.00
2017.08.03 13:05:05.800,9.37428,9.37632,1.00,1.00
2017.08.03 13:05:06.529,9.37414,9.37632,1.52,1.00
2017.08.03 13:05:07.086,9.37414,9.37632,1.00,1.00
2017.08.03 13:05:08.030,9.37427,9.37632,1.00,1.00
2017.08.03 13:05:09.681,9.37414,9.37632,1.00,1.00
2017.08.03 13:05:11.532,9.37427,9.37632,1.00,1.00
2017.08.03 13:05:12.011,9.37425,9.37632,1.00,1.00
2017.08.03 13:05:20.871,9.37425,9.37622,1.00,1.00
2017.08.03 13:05:20.973,9.37411,9.37622,1.00,1.00
2017.08.03 13:05:22.505,9.37411,9.37601,1.00,1.00
2017.08.03 13:05:24.869,9.37423,9.37601,1.00,1.00
2017.08.03 13:05:27.158,9.37411,9.37601,1.00,1.00
2017.08.03 13:05:30.356,9.37425,9.37601,1.00,1.00
2017.08.03 13:05:31.987,9.37423,9.37601,1.00,1.00
2017.08.03 13:05:32.862,9.37423,9.37611,1.00,1.00
2017.08.03 13:05:32.996,9.37423,9.37605,1.00,1.00
2017.08.03 13:05:33.048,9.37431,9.3764,1.52,1.00
2017.08.03 13:05:33.201,9.37452,9.3764,1.52,1.00
2017.08.03 13:05:33.252,9.37458,9.37669,1.52,1.00
2017.08.03 13:05:33.303,9.37478,9.37693,1.00,1.00
2017.08.03 13:05:33.355,9.37478,9.37697,1.00,1.00
2017.08.03 13:05:33.457,9.37491,9.37697,1.00,1.00
2017.08.03 13:05:33.763,9.37517,9.37719,1.00,1.00
2017.08.03 13:05:33.815,9.3752,9.37724,1.00,1.00
2017.08.03 13:05:33.901,9.3752,9.37737,1.00,1.00
2017.08.03 13:05:33.953,9.37531,9.3773,1.52,1.00
2017.08.03 13:05:34.005,9.37543,9.37763,1.00,1.00
2017.08.03 13:05:34.310,9.37557,9.37762,1.00,1.00
2017.08.03 13:05:34.616,9.37557,9.37756,1.00,1.00
2017.08.03 13:05:35.132,9.37557,9.37748,1.00,1.00
2017.08.03 13:05:35.436,9.37557,9.37711,1.00,1.00
2017.08.03 13:05:35.488,9.37544,9.37711,1.00,1.00
2017.08.03 13:05:35.589,9.3753,9.37711,1.00,1.00
2017.08.03 13:05:35.692,9.37514,9.37711,1.00,1.00
2017.08.03 13:05:35.743,9.37503,9.37711,1.00,1.00
2017.08.03 13:05:37.506,9.37503,9.37691,1.00,1.00
2017.08.03 13:05:38.146,9.37503,9.37674,1.00,1.00
2017.08.03 13:05:38.262,9.3749,9.37674,1.00,1.00
2017.08.03 13:05:38.313,9.37477,9.37674,1.00,1.00
2017.08.03 13:05:38.415,9.37477,9.37667,1.00,1.00
2017.08.03 13:05:39.068,9.37477,9.3765,1.00,1.00
2017.08.03 13:05:40.411,9.37477,9.37641,1.00,1.00
2017.08.03 13:05:40.615,9.37464,9.37641,1.00,1.00
2017.08.03 13:05:41.022,9.37451,9.37624,1.00,1.00
2017.08.03 13:05:41.899,9.37451,9.37619,1.00,1.00
2017.08.03 13:05:42.319,9.37435,9.37625,1.00,1.00
2017.08.03 13:05:42.371,9.37435,9.37631,1.00,1.00
2017.08.03 13:05:45.218,9.37447,9.37631,1.00,1.00
2017.08.03 13:05:46.711,9.37459,9.37631,1.00,1.00
2017.08.03 13:05:46.977,9.37459,9.37651,1.00,1.00
2017.08.03 13:05:47.028,9.37459,9.37644,1.00,1.00
2017.08.03 13:05:47.345,9.37473,9.37644,1.00,1.00
2017.08.03 13:05:49.520,9.3746,9.37644,1.00,1.00
2017.08.03 13:05:49.622,9.3746,9.37644,1.52,1.00
2017.08.03 13:05:49.724,9.3746,9.37644,1.00,1.00
2017.08.03 13:05:49.826,9.3746,9.37644,1.52,1.00
2017.08.03 13:05:52.021,9.3747,9.37644,1.00,1.00
2017.08.03 13:05:53.704,9.3747,9.37644,1.52,1.00
2017.08.03 13:05:53.805,9.3747,9.37644,1.00,1.00
2017.08.03 13:05:53.907,9.3747,9.37667,1.00,1.00
2017.08.03 13:05:53.958,9.3747,9.37683,1.52,1.00
2017.08.03 13:05:54.060,9.37474,9.37681,1.52,1.00
2017.08.03 13:05:54.395,9.375,9.37681,1.00,1.00
2017.08.03 13:05:58.035,9.37485,9.37681,1.00,1.00
2017.08.03 13:05:58.755,9.37497,9.37681,1.00,1.00
2017.08.03 13:06:00.460,9.37485,9.37681,1.00,1.00
2017.08.03 13:06:11.939,9.3748,9.37681,1.00,1.00
2017.08.03 13:06:18.957,9.37468,9.37681,1.00,1.00
2017.08.03 13:06:20.259,9.37468,9.3768,1.00,1.00
2017.08.03 13:06:21.138,9.37468,9.37688,1.00,1.00
2017.08.03 13:06:21.399,9.3748,9.37702,1.00,1.00
2017.08.03 13:06:22.167,9.37469,9.37687,1.50,1.00
2017.08.03 13:06:22.422,9.37467,9.37687,1.00,1.00
2017.08.03 13:06:23.099,9.3747,9.37687,1.00,1.00
2017.08.03 13:06:23.405,9.37514,9.377,1.00,1.00
2017.08.03 13:06:23.710,9.37566,9.37757,1.00,1.00
2017.08.03 13:06:23.842,9.37566,9.37757,1.52,1.00
2017.08.03 13:06:24.146,9.37619,9.37792,1.00,1.50
2017.08.03 13:06:24.699,9.37611,9.37792,1.00,1.50
2017.08.03 13:06:24.852,9.37633,9.37792,1.00,1.00
2017.08.03 13:06:25.482,9.37633,9.37802,1.00,1.00
2017.08.03 13:06:26.781,9.37633,9.37792,1.00,1.00
2017.08.03 13:06:27.693,9.37633,9.37782,1.00,1.00
2017.08.03 13:06:27.795,9.37622,9.37782,1.00,1.00
2017.08.03 13:06:28.519,9.37622,9.37772,1.00,1.00
2017.08.03 13:06:29.235,9.37622,9.37762,1.00,1.00
2017.08.03 13:06:30.134,9.3761,9.37762,1.00,1.00
2017.08.03 13:06:30.185,9.3761,9.37753,1.00,1.00
2017.08.03 13:06:30.236,9.37583,9.37752,1.00,1.00
2017.08.03 13:06:30.288,9.37583,9.37742,1.00,1.00
2017.08.03 13:06:30.340,9.37566,9.37742,1.00,1.00
2017.08.03 13:06:30.543,9.37552,9.37732,1.00,1.00
2017.08.03 13:06:30.645,9.37552,9.37742,1.00,1.00
2017.08.03 13:06:31.219,9.37552,9.37732,1.00,1.00
2017.08.03 13:06:32.274,9.37552,9.37741,1.00,1.00
2017.08.03 13:06:32.375,9.37552,9.37732,1.00,1.00
2017.08.03 13:06:33.107,9.37552,9.37742,1.00,1.00
2017.08.03 13:06:33.209,9.37563,9.37742,1.00,1.00
2017.08.03 13:06:34.826,9.37563,9.37748,1.00,1.00
2017.08.03 13:06:35.098,9.37563,9.37753,1.00,1.00
2017.08.03 13:06:35.201,9.37563,9.3775,1.00,1.00
2017.08.03 13:06:35.624,9.37563,9.37758,1.00,1.00
2017.08.03 13:06:36.694,9.37563,9.37752,1.00,1.00
2017.08.03 13:06:39.058,9.37563,9.37758,1.00,1.00
2017.08.03 13:06:39.109,9.37575,9.37758,1.00,1.00
2017.08.03 13:06:39.414,9.37575,9.37753,1.00,1.00
2017.08.03 13:06:39.782,9.37575,9.37758,1.00,1.00
2017.08.03 13:06:41.075,9.37575,9.37764,1.00,1.00
2017.08.03 13:06:41.436,9.37589,9.37776,1.00,1.00
2017.08.03 13:06:41.639,9.37581,9.37776,1.00,1.00
2017.08.03 13:06:45.944,9.37581,9.37772,1.00,1.00
2017.08.03 13:06:46.581,9.37581,9.37762,1.00,1.00
2017.08.03 13:06:48.391,9.37568,9.37752,1.00,1.00
2017.08.03 13:06:48.544,9.37568,9.37762,1.00,1.00
2017.08.03 13:06:48.595,9.37568,9.37752,1.00,1.00
2017.08.03 13:06:49.038,9.37568,9.37742,1.00,1.00
2017.08.03 13:06:49.090,9.37558,9.37742,1.00,1.00
2017.08.03 13:06:49.293,9.37558,9.37732,1.00,1.00
2017.08.03 13:06:49.344,9.37548,9.37732,1.00,1.00
2017.08.03 13:06:49.547,9.37534,9.37732,1.00,1.00
2017.08.03 13:06:50.327,9.37534,9.37733,1.00,1.00
2017.08.03 13:06:50.834,9.37523,9.37732,1.00,1.00
2017.08.03 13:06:52.409,9.37536,9.37732,1.00,1.00
2017.08.03 13:06:52.512,9.37536,9.37738,1.00,1.00
2017.08.03 13:06:53.843,9.37536,9.37742,1.00,1.00
2017.08.03 13:06:54.056,9.37536,9.37752,1.00,1.50
2017.08.03 13:06:54.718,9.37543,9.37752,1.00,1.50
2017.08.03 13:06:57.314,9.37543,9.37742,1.00,1.00
2017.08.03 13:06:57.635,9.37543,9.37752,1.00,1.00
2017.08.03 13:06:57.915,9.37534,9.37752,1.00,1.50
2017.08.03 13:06:58.118,9.37534,9.37742,1.00,1.00
2017.08.03 13:06:58.423,9.37534,9.37732,1.00,1.00
2017.08.03 13:06:58.626,9.37534,9.37742,1.00,1.00
2017.08.03 13:06:59.065,9.37534,9.37752,1.00,1.50
2017.08.03 13:06:59.169,9.37534,9.37743,1.00,1.00
2017.08.03 13:06:59.271,9.37534,9.37752,1.00,1.00
2017.08.03 13:06:59.818,9.37534,9.37732,1.00,1.00
2017.08.03 13:07:00.123,9.3753,9.37722,1.00,1.00
2017.08.03 13:07:00.327,9.37519,9.37722,1.00,1.00
2017.08.03 13:07:00.897,9.37519,9.37712,1.00,1.00
2017.08.03 13:07:02.235,9.37519,9.37726,1.00,1.00
2017.08.03 13:07:04.443,9.37519,9.37723,1.00,1.00
2017.08.03 13:07:04.496,9.37512,9.37722,1.00,1.00
2017.08.03 13:07:05.521,9.37506,9.37722,1.00,1.00
2017.08.03 13:07:05.977,9.37506,9.3771,1.00,1.00
2017.08.03 13:07:07.292,9.37506,9.37702,1.00,1.00
2017.08.03 13:07:07.394,9.37494,9.37692,1.00,1.00
2017.08.03 13:07:08.605,9.37494,9.37693,1.00,1.00
2017.08.03 13:07:09.632,9.37494,9.37692,1.00,1.00
2017.08.03 13:07:10.911,9.37494,9.37697,1.00,1.00
2017.08.03 13:07:12.028,9.37494,9.37698,1.00,1.00
2017.08.03 13:07:12.361,9.37504,9.37698,1.00,1.00
2017.08.03 13:07:12.412,9.37504,9.37712,1.00,1.00
2017.08.03 13:07:12.464,9.37518,9.37712,1.00,1.00
2017.08.03 13:07:12.515,9.37519,9.37739,1.00,1.00
2017.08.03 13:07:12.618,9.37533,9.37739,1.00,1.00
2017.08.03 13:07:12.720,9.37533,9.37752,1.00,1.00
2017.08.03 13:07:12.822,9.37544,9.37752,1.00,1.00
2017.08.03 13:07:13.706,9.37551,9.37771,1.00,1.00
2017.08.03 13:07:25.646,9.37551,9.37752,1.00,1.00
2017.08.03 13:07:25.748,9.37537,9.37752,1.00,1.00
2017.08.03 13:07:25.799,9.37537,9.37742,1.00,1.00
2017.08.03 13:07:25.850,9.3752,9.37732,1.00,1.00
2017.08.03 13:07:26.054,9.37507,9.37727,1.00,1.00
2017.08.03 13:07:31.884,9.37521,9.37741,1.00,1.00
2017.08.03 13:07:32.253,9.37524,9.37744,1.00,1.00
2017.08.03 13:07:34.079,9.37511,9.37731,1.00,1.00
2017.08.03 13:07:45.737,9.37499,9.37714,1.00,1.00
2017.08.03 13:07:46.250,9.37494,9.37712,1.00,1.00
2017.08.03 13:07:46.301,9.37486,9.377,1.00,1.00
2017.08.03 13:07:47.436,9.3748,9.377,1.00,1.00
2017.08.03 13:07:49.520,9.3746,9.37668,1.00,1.00
2017.08.03 13:07:49.571,9.37458,9.37668,1.00,1.00
2017.08.03 13:07:49.622,9.37448,9.37668,1.00,1.00
2017.08.03 13:07:50.029,9.37448,9.37662,1.00,1.00
2017.08.03 13:07:50.497,9.37448,9.37668,1.00,1.00
2017.08.03 13:07:50.649,9.37434,9.37656,1.50,1.00
2017.08.03 13:07:50.971,9.37434,9.37652,1.00,1.00
2017.08.03 13:07:51.176,9.3741,9.3763,1.00,1.00
2017.08.03 13:07:51.982,9.37402,9.37622,1.00,1.00
2017.08.03 13:07:52.379,9.37404,9.37622,1.00,1.00
2017.08.03 13:07:52.482,9.37415,9.37635,1.00,1.00
2017.08.03 13:07:54.187,9.37419,9.37635,1.50,1.00
2017.08.03 13:07:54.774,9.37428,9.37648,1.00,1.00
2017.08.03 13:07:57.061,9.37428,9.37632,1.00,1.00
2017.08.03 13:07:57.213,9.37414,9.37632,1.00,1.00
2017.08.03 13:07:57.316,9.37414,9.37612,1.00,1.00
2017.08.03 13:07:57.570,9.37388,9.37592,1.00,1.50
2017.08.03 13:07:57.622,9.37404,9.37588,1.98,1.00
2017.08.03 13:07:57.724,9.37422,9.3764,1.00,1.00
2017.08.03 13:07:57.775,9.37432,9.37632,1.00,1.00
2017.08.03 13:07:57.928,9.37404,9.37612,1.00,1.00
2017.08.03 13:07:58.029,9.3739,9.37582,1.00,1.00
2017.08.03 13:07:58.182,9.37376,9.37572,1.00,1.00
2017.08.03 13:07:58.233,9.37348,9.37568,1.00,1.00
2017.08.03 13:07:58.335,9.37339,9.37553,1.00,1.00
2017.08.03 13:07:58.437,9.37349,9.37569,1.00,1.00
2017.08.03 13:08:00.016,9.37337,9.37557,1.00,1.00
2017.08.03 13:08:00.574,9.37337,9.37552,1.00,1.00
2017.08.03 13:08:00.727,9.37323,9.37543,1.00,1.00
2017.08.03 13:08:00.903,9.37307,9.37527,1.50,1.00
2017.08.03 13:08:01.260,9.3732,9.3754,1.00,1.00
2017.08.03 13:08:03.181,9.37332,9.37554,1.00,1.00
2017.08.03 13:08:05.461,9.3732,9.3754,1.00,1.00
2017.08.03 13:08:06.687,9.37332,9.37552,1.00,1.00
2017.08.03 13:08:06.991,9.37319,9.37539,1.00,1.00
2017.08.03 13:08:08.784,9.37332,9.37552,1.00,1.00
2017.08.03 13:08:09.269,9.37318,9.3754,1.00,1.00
2017.08.03 13:08:10.584,9.37332,9.37552,1.00,1.00
2017.08.03 13:08:12.086,9.3733,9.3755,1.00,1.00
2017.08.03 13:08:12.392,9.37484,9.37575,1.00,1.00
2017.08.03 13:08:12.494,9.37517,9.37632,1.52,1.00
2017.08.03 13:08:12.596,9.37523,9.37723,1.12,1.37
2017.08.03 13:08:12.697,9.37544,9.37731,1.00,1.87
2017.08.03 13:08:13.307,9.37505,9.37701,1.00,1.87
2017.08.03 13:08:13.410,9.37474,9.37694,1.00,1.37
2017.08.03 13:08:13.512,9.37462,9.37682,1.00,1.12
2017.08.03 13:08:14.021,9.37462,9.37682,1.00,1.37
2017.08.03 13:08:14.988,9.37464,9.37682,1.00,1.37
2017.08.03 13:08:15.293,9.37505,9.37721,1.00,1.87
2017.08.03 13:08:15.623,9.37517,9.37721,1.00,1.87
2017.08.03 13:08:16.766,9.37517,9.37722,1.00,1.87
2017.08.03 13:08:17.020,9.37505,9.37711,1.00,1.87
2017.08.03 13:08:17.285,9.37494,9.3771,1.00,1.37
2017.08.03 13:08:17.552,9.37502,9.37711,1.00,1.87
2017.08.03 13:08:20.186,9.37489,9.37709,1.50,1.37
2017.08.03 13:08:21.461,9.37489,9.37702,1.00,1.87
2017.08.03 13:08:21.816,9.37498,9.37701,1.00,1.87
2017.08.03 13:08:22.422,9.37487,9.37701,1.00,1.87
2017.08.03 13:08:22.639,9.37485,9.37682,1.00,1.37
2017.08.03 13:08:22.741,9.37485,9.37672,1.00,1.00
2017.08.03 13:08:22.792,9.37472,9.37672,1.00,1.00
2017.08.03 13:08:22.894,9.37459,9.37672,1.00,1.00
2017.08.03 13:08:22.996,9.37446,9.37666,1.00,1.00
2017.08.03 13:08:23.048,9.37446,9.37642,1.00,1.00
2017.08.03 13:08:23.201,9.37431,9.37632,1.00,1.00
2017.08.03 13:08:24.232,9.37414,9.37632,1.00,1.00
2017.08.03 13:08:25.813,9.37414,9.37634,1.00,1.00
2017.08.03 13:08:31.026,9.37401,9.37621,1.00,1.00
2017.08.03 13:08:31.332,9.37373,9.37572,1.00,1.00
2017.08.03 13:08:31.435,9.37359,9.37562,1.00,1.00
2017.08.03 13:08:31.486,9.37359,9.37532,1.00,1.00
2017.08.03 13:08:31.538,9.37346,9.37532,1.00,1.00
2017.08.03 13:08:31.640,9.37332,9.37542,1.00,1.00
2017.08.03 13:08:31.774,9.37319,9.37539,1.00,1.00
2017.08.03 13:08:31.827,9.37319,9.37532,1.00,1.00
2017.08.03 13:08:32.134,9.37327,9.37532,1.00,1.00
2017.08.03 13:08:32.239,9.37311,9.37532,1.00,1.00
2017.08.03 13:08:32.291,9.37313,9.37532,1.00,1.00
2017.08.03 13:08:32.627,9.37368,9.37588,1.00,1.00
2017.08.03 13:08:33.735,9.37356,9.37576,1.00,1.00
2017.08.03 13:08:34.039,9.37342,9.37553,1.00,1.00
2017.08.03 13:08:34.674,9.37342,9.37552,1.00,1.00
2017.08.03 13:08:34.876,9.37342,9.37562,1.00,1.00
2017.08.03 13:08:35.383,9.37342,9.37552,1.00,1.00
2017.08.03 13:08:35.688,9.37329,9.37532,1.00,1.00
2017.08.03 13:08:35.739,9.37316,9.37532,1.00,1.00
2017.08.03 13:08:35.790,9.37316,9.37536,1.00,1.00
2017.08.03 13:08:36.958,9.3733,9.3755,1.00,1.00
2017.08.03 13:08:39.900,9.3733,9.37542,1.00,1.00
2017.08.03 13:08:40.002,9.3733,9.3755,1.00,1.00
2017.08.03 13:08:40.054,9.37315,9.37537,1.00,1.00
2017.08.03 13:08:41.727,9.37315,9.37532,1.00,1.00
2017.08.03 13:08:41.879,9.37315,9.37537,1.00,1.00
2017.08.03 13:08:42.990,9.37315,9.37533,1.00,1.00
2017.08.03 13:08:43.513,9.37315,9.37532,1.00,1.00
2017.08.03 13:08:43.653,9.37301,9.37523,1.00,1.00
2017.08.03 13:08:43.908,9.37301,9.37512,1.00,1.00
2017.08.03 13:08:44.010,9.37301,9.37523,1.00,1.00
2017.08.03 13:08:44.062,9.37289,9.37509,1.00,1.00
2017.08.03 13:08:44.367,9.37277,9.37482,1.00,1.00
2017.08.03 13:08:44.519,9.37277,9.37492,1.00,1.00
2017.08.03 13:08:44.571,9.3726,9.37482,1.00,1.00
2017.08.03 13:08:46.746,9.37248,9.37468,1.00,1.00
2017.08.03 13:08:47.051,9.3722,9.3744,1.00,1.00
2017.08.03 13:08:50.472,9.37233,9.37453,1.00,1.00
2017.08.03 13:08:52.090,9.37245,9.37465,1.00,1.00
2017.08.03 13:08:54.274,9.37258,9.37478,1.00,1.00
2017.08.03 13:08:57.927,9.37273,9.37492,1.00,1.00
2017.08.03 13:08:58.713,9.3726,9.3748,1.00,1.00
2017.08.03 13:08:58.978,9.3726,9.3748,1.52,1.00
2017.08.03 13:08:59.284,9.37299,9.37492,1.00,1.00
2017.08.03 13:08:59.538,9.37299,9.37519,1.00,1.00
2017.08.03 13:09:00.994,9.37299,9.37519,1.52,1.00
2017.08.03 13:09:02.391,9.37299,9.37519,1.00,1.00
2017.08.03 13:09:03.616,9.37286,9.37506,1.00,1.00
2017.08.03 13:09:05.088,9.37286,9.37503,1.00,1.00
2017.08.03 13:09:05.424,9.37274,9.37494,1.00,1.00
2017.08.03 13:09:08.206,9.37279,9.37494,1.52,1.00
2017.08.03 13:09:08.359,9.37302,9.37522,1.52,1.00
2017.08.03 13:09:10.443,9.37315,9.37535,1.00,1.00
2017.08.03 13:09:10.866,9.37315,9.37532,1.00,1.00
2017.08.03 13:09:10.917,9.37315,9.37535,1.00,1.00
2017.08.03 13:09:12.035,9.3731,9.3753,1.00,1.00
2017.08.03 13:09:14.964,9.3731,9.3753,1.52,1.00
2017.08.03 13:09:15.067,9.37325,9.37541,1.00,1.00
2017.08.03 13:09:15.118,9.37328,9.37541,1.52,1.00
2017.08.03 13:09:17.796,9.37325,9.37545,1.52,1.00
2017.08.03 13:09:18.523,9.37325,9.37545,1.00,1.00
2017.08.03 13:09:21.370,9.37325,9.37542,1.00,1.00
2017.08.03 13:09:22.150,9.37325,9.37541,1.00,1.00
2017.08.03 13:09:31.912,9.37321,9.37541,1.52,1.50
2017.08.03 13:09:34.111,9.37328,9.37541,1.00,1.50
2017.08.03 13:09:34.428,9.37339,9.37541,1.00,1.50
2017.08.03 13:09:35.618,9.3737,9.37541,1.00,1.00
2017.08.03 13:09:35.669,9.37368,9.37553,1.00,1.00
2017.08.03 13:09:35.721,9.37377,9.37553,1.60,1.00
2017.08.03 13:09:35.772,9.3739,9.37573,2.10,1.00
2017.08.03 13:09:35.823,9.3739,9.37591,2.10,1.37
2017.08.03 13:09:35.874,9.37413,9.37596,1.00,1.37
2017.08.03 13:09:36.179,9.37425,9.37621,1.00,1.87
2017.08.03 13:09:37.345,9.37425,9.37617,1.00,1.37
2017.08.03 13:09:37.886,9.37425,9.37617,1.00,1.37
2017.08.03 13:09:39.160,9.37425,9.37617,1.00,1.00
2017.08.03 13:09:39.734,9.37425,9.37617,1.00,1.37
2017.08.03 13:09:41.110,9.37425,9.37617,1.00,1.37
2017.08.03 13:09:41.627,9.37425,9.37617,1.00,1.37
2017.08.03 13:09:42.135,9.37425,9.37612,1.00,1.87
2017.08.03 13:09:42.806,9.37425,9.37611,1.00,1.87
2017.08.03 13:09:45.526,9.37425,9.37612,1.00,1.87
2017.08.03 13:09:46.063,9.37425,9.37611,1.00,1.87
2017.08.03 13:09:52.030,9.37422,9.37611,1.00,1.87
2017.08.03 13:09:53.081,9.37422,9.37617,1.00,1.37
2017.08.03 13:09:53.716,9.37422,9.37617,1.00,1.37
2017.08.03 13:09:58.811,9.37427,9.37611,1.00,1.87
2017.08.03 13:09:59.896,9.37431,9.37632,1.00,1.37
2017.08.03 13:10:00.227,9.37462,9.37621,1.00,1.87
2017.08.03 13:10:02.597,9.37453,9.37621,1.00,1.87
2017.08.03 13:10:03.380,9.37446,9.37611,1.00,1.87
2017.08.03 13:10:03.533,9.37431,9.37601,1.00,1.87
2017.08.03 13:10:03.686,9.3742,9.37602,1.00,1.87
2017.08.03 13:10:04.041,9.37412,9.37601,1.00,1.87
2017.08.03 13:10:11.190,9.37424,9.37601,1.00,1.37
2017.08.03 13:10:11.868,9.37424,9.37602,1.00,1.87
2017.08.03 13:10:12.233,9.37429,9.37601,1.00,1.87
2017.08.03 13:10:12.584,9.37429,9.37622,1.60,1.37
2017.08.03 13:10:12.635,9.37429,9.37612,1.00,1.37
2017.08.03 13:10:13.341,9.37429,9.37611,1.60,1.37
2017.08.03 13:10:13.772,9.37429,9.37611,1.60,1.87
2017.08.03 13:10:13.823,9.37429,9.37611,1.60,1.87
2017.08.03 13:10:14.036,9.37429,9.37611,1.60,1.87
2017.08.03 13:10:14.087,9.37429,9.37611,1.60,1.87
2017.08.03 13:10:14.189,9.37429,9.37611,1.60,1.87
2017.08.03 13:10:14.291,9.37429,9.37611,1.00,1.87
2017.08.03 13:10:15.304,9.37431,9.37601,1.00,1.87
2017.08.03 13:10:16.781,9.37431,9.37602,1.00,1.87
2017.08.03 13:10:16.884,9.37429,9.37602,1.00,1.87
2017.08.03 13:10:17.441,9.37429,9.37601,1.00,1.87
2017.08.03 13:10:19.714,9.3743,9.37601,1.00,1.87
2017.08.03 13:10:20.263,9.37429,9.37601,1.00,1.37
2017.08.03 13:10:21.144,9.37429,9.37611,1.60,1.87
2017.08.03 13:10:21.664,9.37429,9.37601,1.00,2.47
2017.08.03 13:10:21.715,9.37422,9.37601,1.00,2.47
2017.08.03 13:10:24.304,9.37418,9.37591,1.00,1.87
2017.08.03 13:10:28.315,9.37406,9.37591,1.00,1.87
2017.08.03 13:10:28.418,9.37413,9.37591,1.00,1.87
2017.08.03 13:10:29.428,9.37405,9.37592,1.00,2.47
2017.08.03 13:10:29.479,9.37405,9.37593,1.00,2.47
2017.08.03 13:10:29.631,9.37395,9.37581,1.00,2.47
2017.08.03 13:10:30.170,9.37395,9.37572,1.00,1.00
2017.08.03 13:10:30.221,9.37395,9.37582,1.00,2.47
2017.08.03 13:10:30.629,9.37394,9.37581,1.00,2.47
2017.08.03 13:10:30.680,9.37394,9.37572,1.00,1.00
2017.08.03 13:10:31.526,9.37394,9.37581,1.00,2.47
2017.08.03 13:10:32.047,9.37394,9.37581,1.00,2.47
2017.08.03 13:10:32.199,9.37394,9.37581,1.50,2.47
2017.08.03 13:10:32.250,9.37403,9.37581,1.00,1.87
2017.08.03 13:10:32.590,9.37414,9.37601,1.00,1.37
2017.08.03 13:10:33.748,9.37402,9.37591,1.50,1.97
2017.08.03 13:10:33.898,9.37402,9.37591,1.50,1.97
2017.08.03 13:10:34.051,9.37394,9.37591,1.00,1.97
2017.08.03 13:10:35.934,9.37394,9.3759,1.00,2.47
2017.08.03 13:10:39.155,9.37394,9.37591,1.00,1.97
2017.08.03 13:10:39.206,9.37405,9.37581,1.00,2.47
2017.08.03 13:10:39.308,9.37405,9.37581,1.00,2.47
2017.08.03 13:10:39.359,9.37405,9.37581,1.00,2.47
2017.08.03 13:10:39.461,9.37424,9.37602,1.00,1.97
2017.08.03 13:10:39.765,9.37432,9.37612,1.00,1.37
2017.08.03 13:10:40.098,9.37428,9.37602,1.00,1.37
2017.08.03 13:10:43.617,9.37404,9.37572,1.00,1.00
2017.08.03 13:10:43.669,9.37401,9.37562,1.00,1.00
2017.08.03 13:10:43.978,9.37345,9.37502,1.00,1.60
2017.08.03 13:10:44.080,9.37291,9.37492,1.00,1.60
2017.08.03 13:10:44.131,9.37291,9.37503,1.00,2.10
2017.08.03 13:10:44.232,9.37291,9.37492,1.00,1.60
2017.08.03 13:10:44.564,9.37278,9.37474,1.00,2.10
2017.08.03 13:10:44.818,9.37278,9.37481,1.00,2.10
2017.08.03 13:10:44.971,9.37278,9.37473,1.00,1.60
2017.08.03 13:10:45.226,9.37278,9.37482,1.00,2.10
2017.08.03 13:10:45.327,9.37278,9.37482,1.00,2.10
2017.08.03 13:10:45.378,9.37258,9.37478,1.00,1.60
2017.08.03 13:10:45.480,9.37258,9.37478,1.00,1.60
2017.08.03 13:10:45.531,9.37258,9.37478,1.00,1.60
2017.08.03 13:10:45.696,9.37271,9.37472,1.00,1.60
2017.08.03 13:10:46.965,9.37271,9.37472,1.00,1.60
2017.08.03 13:10:48.914,9.37271,9.37472,1.00,1.00
2017.08.03 13:10:49.831,9.37271,9.37473,1.00,1.00
2017.08.03 13:10:50.878,9.37274,9.37491,1.00,1.00
2017.08.03 13:10:50.930,9.37291,9.37481,1.00,1.50
2017.08.03 13:10:50.981,9.37297,9.37491,1.00,1.50
2017.08.03 13:10:51.997,9.37303,9.37511,1.00,1.50
2017.08.03 13:10:52.100,9.3732,9.37511,1.00,1.50
2017.08.03 13:10:52.878,9.3732,9.37521,1.00,2.10
2017.08.03 13:10:53.420,9.3732,9.37522,1.00,1.60
2017.08.03 13:10:53.471,9.3732,9.37522,1.00,1.60
2017.08.03 13:10:53.776,9.3732,9.37511,1.00,2.10
2017.08.03 13:10:54.119,9.37305,9.37501,1.00,2.10
2017.08.03 13:10:54.220,9.37305,9.37501,1.00,2.10
2017.08.03 13:10:54.386,9.37305,9.37502,1.00,1.00
2017.08.03 13:10:54.437,9.37305,9.37512,1.00,1.60
2017.08.03 13:10:54.489,9.37305,9.37512,1.00,1.60
2017.08.03 13:10:54.540,9.37305,9.37503,1.00,1.00
2017.08.03 13:10:54.692,9.37305,9.37512,1.00,1.60
2017.08.03 13:10:54.743,9.37305,9.37512,1.00,1.00
2017.08.03 13:10:54.907,9.37305,9.37501,1.00,1.50
2017.08.03 13:10:55.741,9.37305,9.37502,1.00,1.50
2017.08.03 13:10:55.995,9.37291,9.37492,1.00,1.00
2017.08.03 13:10:57.092,9.37291,9.37482,1.00,1.00
2017.08.03 13:10:57.772,9.37291,9.37483,1.00,1.00
2017.08.03 13:10:58.157,9.37291,9.37492,1.00,1.00
2017.08.03 13:10:59.477,9.37291,9.37491,1.00,2.10
2017.08.03 13:10:59.529,9.37291,9.37492,1.00,1.60
2017.08.03 13:10:59.581,9.37291,9.37492,1.00,1.00
2017.08.03 13:10:59.682,9.37291,9.37482,1.00,1.00
2017.08.03 13:10:59.785,9.37278,9.37482,1.00,2.10
2017.08.03 13:10:59.836,9.37278,9.37472,1.00,1.60
2017.08.03 13:10:59.888,9.37267,9.37462,1.00,1.00
2017.08.03 13:10:59.939,9.37263,9.37442,1.00,1.00
2017.08.03 13:10:59.991,9.37263,9.37463,1.00,1.00
2017.08.03 13:11:00.181,9.37259,9.37462,1.00,1.00
2017.08.03 13:11:00.232,9.37264,9.37462,1.00,1.00
2017.08.03 13:11:00.842,9.37268,9.37471,1.00,1.50
2017.08.03 13:11:00.893,9.37264,9.37471,1.00,1.50
2017.08.03 13:11:01.283,9.37269,9.37471,1.00,1.50
2017.08.03 13:11:01.436,9.37277,9.37492,1.00,1.00
2017.08.03 13:11:01.741,9.37279,9.37492,1.00,1.00
2017.08.03 13:11:02.047,9.3729,9.37492,1.00,1.00
2017.08.03 13:11:02.200,9.37279,9.37492,1.00,1.00
2017.08.03 13:11:02.251,9.37279,9.37497,1.00,1.00
2017.08.03 13:11:03.318,9.37279,9.37492,1.00,1.00
2017.08.03 13:11:03.623,9.37279,9.37484,1.00,1.00
2017.08.03 13:11:03.961,9.37368,9.37484,1.00,1.00
2017.08.03 13:11:04.013,9.37309,9.3751,1.50,1.00
2017.08.03 13:11:04.419,9.37319,9.3751,1.50,1.00
2017.08.03 13:11:04.623,9.37321,9.37539,1.00,1.00
2017.08.03 13:11:04.994,9.37329,9.37539,1.50,1.00
2017.08.03 13:11:05.616,9.37339,9.37539,1.50,1.00
2017.08.03 13:11:05.820,9.37345,9.37565,1.00,1.00
2017.08.03 13:11:05.922,9.37361,9.37581,1.00,1.12
2017.08.03 13:11:06.465,9.37362,9.37581,1.00,1.12
2017.08.03 13:11:06.770,9.37362,9.37561,1.00,1.50
2017.08.03 13:11:08.059,9.37362,9.37562,1.00,1.50
2017.08.03 13:11:09.951,9.37361,9.37562,1.00,1.00
2017.08.03 13:11:10.256,9.37361,9.37551,1.00,1.50
2017.08.03 13:11:10.764,9.37361,9.37552,1.00,1.50
2017.08.03 13:11:11.105,9.37341,9.37532,1.00,1.00
2017.08.03 13:11:11.156,9.3733,9.37539,1.00,1.00
2017.08.03 13:11:11.410,9.3733,9.37532,1.00,1.00
2017.08.03 13:11:11.970,9.3733,9.37539,1.00,1.00
2017.08.03 13:11:12.021,9.3733,9.37542,1.00,1.50
2017.08.03 13:11:12.140,9.37358,9.37541,1.50,1.50
2017.08.03 13:11:12.192,9.3733,9.37542,1.00,1.50
2017.08.03 13:11:13.243,9.37335,9.37542,1.00,1.00
2017.08.03 13:11:13.950,9.37335,9.37552,1.00,1.00
2017.08.03 13:11:15.862,9.37336,9.37552,1.00,1.00
2017.08.03 13:11:17.833,9.37336,9.37551,1.00,1.50
2017.08.03 13:11:17.884,9.37336,9.37555,1.00,1.00
2017.08.03 13:11:18.036,9.37345,9.37555,1.00,1.00
2017.08.03 13:11:18.138,9.37348,9.37563,1.00,1.00
2017.08.03 13:11:18.646,9.37348,9.37562,1.00,1.00
2017.08.03 13:11:24.409,9.37348,9.37551,1.00,1.50
2017.08.03 13:11:24.562,9.37335,9.37555,1.00,1.00
2017.08.03 13:11:28.371,9.37348,9.37562,1.00,1.00
2017.08.03 13:11:28.473,9.37348,9.37568,1.00,1.00
2017.08.03 13:11:28.575,9.37362,9.37572,1.00,1.00
2017.08.03 13:11:28.758,9.37349,9.37569,1.00,1.00
2017.08.03 13:11:30.351,9.37349,9.37562,1.00,1.00
2017.08.03 13:11:30.657,9.37349,9.37569,1.00,1.00
2017.08.03 13:11:32.070,9.37348,9.37568,1.00,1.00
2017.08.03 13:11:34.041,9.37348,9.37562,1.00,1.00
2017.08.03 13:11:38.261,9.37348,9.37561,1.00,1.00
2017.08.03 13:11:38.414,9.37334,9.37554,1.00,1.00
2017.08.03 13:11:44.292,9.37347,9.37567,1.00,1.00
2017.08.03 13:11:44.750,9.37347,9.37561,1.00,1.50
2017.08.03 13:11:45.054,9.37359,9.37561,1.00,1.50
2017.08.03 13:11:46.359,9.37359,9.37576,1.00,1.00
2017.08.03 13:11:46.410,9.37359,9.37579,1.00,1.00
2017.08.03 13:11:46.461,9.37359,9.37572,1.00,1.00
2017.08.03 13:11:47.437,9.37359,9.37573,1.00,1.00
2017.08.03 13:11:47.784,9.37359,9.37579,1.00,1.00
2017.08.03 13:11:47.938,9.37374,9.37582,1.00,1.00
2017.08.03 13:11:49.003,9.37374,9.37583,1.00,1.00
2017.08.03 13:11:49.706,9.37374,9.37582,1.00,1.00
2017.08.03 13:11:50.236,9.37374,9.37583,1.00,1.00
2017.08.03 13:11:50.819,9.37374,9.37582,1.00,1.00
2017.08.03 13:11:51.380,9.3736,9.3758,1.00,1.00
2017.08.03 13:11:52.012,9.37363,9.37582,1.00,1.00
2017.08.03 13:11:53.873,9.37363,9.37585,1.00,1.00
2017.08.03 13:11:54.026,9.37377,9.37592,1.00,1.50
2017.08.03 13:11:54.413,9.37377,9.37597,1.00,1.00
2017.08.03 13:11:55.643,9.37377,9.37591,1.00,1.50
2017.08.03 13:11:55.744,9.37388,9.3761,1.00,1.50
2017.08.03 13:11:55.796,9.37388,9.37602,1.00,1.00
2017.08.03 13:11:56.100,9.37403,9.37602,1.00,1.00
2017.08.03 13:11:57.029,9.37403,9.37612,1.00,1.00
2017.08.03 13:11:57.845,9.37417,9.37612,1.00,1.00
2017.08.03 13:11:58.332,9.37402,9.37612,1.00,1.00
2017.08.03 13:11:59.841,9.37402,9.37602,1.00,1.00
2017.08.03 13:12:00.291,9.37402,9.37592,1.00,1.00
2017.08.03 13:12:00.545,9.37387,9.37592,1.00,1.00
2017.08.03 13:12:00.648,9.37387,9.37582,1.00,1.00
2017.08.03 13:12:00.699,9.37387,9.37592,1.00,1.00
2017.08.03 13:12:01.081,9.37373,9.37592,1.00,1.00
2017.08.03 13:12:05.293,9.37373,9.37571,1.00,1.50
2017.08.03 13:12:06.218,9.37373,9.37572,1.00,1.50
2017.08.03 13:12:06.971,9.37373,9.37571,1.00,1.50
2017.08.03 13:12:10.829,9.37373,9.37572,1.00,1.50
2017.08.03 13:12:11.773,9.37386,9.37572,1.00,1.50
2017.08.03 13:12:11.976,9.37386,9.37581,1.00,1.50
2017.08.03 13:12:12.078,9.37384,9.37581,1.00,1.50
2017.08.03 13:12:13.989,9.37371,9.37581,1.00,1.50
2017.08.03 13:12:16.154,9.37371,9.37582,1.00,1.50
2017.08.03 13:12:16.709,9.37371,9.37572,1.00,1.00
2017.08.03 13:12:16.812,9.37359,9.37562,1.00,1.00
2017.08.03 13:12:16.863,9.37359,9.37552,1.00,1.50
2017.08.03 13:12:17.103,9.37346,9.37542,1.00,1.00
2017.08.03 13:12:17.205,9.3733,9.37542,1.00,1.00
2017.08.03 13:12:17.256,9.3733,9.37542,1.00,1.60
2017.08.03 13:12:17.307,9.37315,9.37535,1.00,1.00
2017.08.03 13:12:19.357,9.37315,9.37532,1.00,1.00
2017.08.03 13:12:19.718,9.37315,9.37535,1.00,1.00
2017.08.03 13:12:20.336,9.37315,9.37532,1.00,1.00
2017.08.03 13:12:22.853,9.37315,9.37535,1.00,1.00
2017.08.03 13:12:23.266,9.37315,9.37532,1.00,1.00
2017.08.03 13:12:23.794,9.37315,9.37522,1.00,1.00
2017.08.03 13:12:25.030,9.37315,9.37512,1.00,1.00
2017.08.03 13:12:25.335,9.37302,9.37482,1.00,1.00
2017.08.03 13:12:25.474,9.37288,9.37482,1.00,1.00
2017.08.03 13:12:25.525,9.37283,9.37488,1.00,1.00
2017.08.03 13:12:25.678,9.37269,9.37488,1.00,1.00
2017.08.03 13:12:30.426,9.37269,9.37489,1.00,1.00
2017.08.03 13:12:30.528,9.37282,9.375,1.00,1.00
2017.08.03 13:12:30.579,9.37282,9.37502,1.00,1.00
2017.08.03 13:12:30.731,9.37296,9.3751,1.00,1.00
2017.08.03 13:12:30.884,9.37296,9.37516,1.00,1.00
2017.08.03 13:12:32.020,9.37301,9.37519,1.00,1.00
2017.08.03 13:12:33.035,9.37298,9.37508,1.00,1.00
2017.08.03 13:12:37.765,9.37302,9.37519,1.00,1.00
2017.08.03 13:12:38.538,9.37289,9.37509,1.00,1.00
2017.08.03 13:12:41.001,9.37289,9.37502,1.00,1.50
2017.08.03 13:12:41.258,9.37262,9.37482,1.00,1.50
2017.08.03 13:12:46.449,9.37275,9.37493,1.00,1.00
2017.08.03 13:12:47.079,9.37275,9.37495,1.00,1.00
2017.08.03 13:12:50.958,9.37284,9.37495,1.00,1.00
2017.08.03 13:12:51.009,9.37275,9.37495,1.00,1.00
2017.08.03 13:12:51.061,9.37289,9.37509,1.00,1.00
2017.08.03 13:12:51.202,9.37302,9.37524,1.00,1.00
2017.08.03 13:12:52.054,9.37306,9.37526,1.00,1.00
2017.08.03 13:12:55.117,9.37306,9.37522,1.00,1.00
2017.08.03 13:12:57.043,9.37306,9.37526,1.00,1.00
2017.08.03 13:12:57.196,9.37306,9.37522,1.00,1.00
2017.08.03 13:12:57.299,9.37293,9.37513,1.00,1.00
2017.08.03 13:12:57.502,9.37279,9.37499,1.00,1.00
2017.08.03 13:13:01.491,9.37294,9.37513,1.00,1.00
2017.08.03 13:13:02.104,9.37294,9.37514,1.00,1.00
2017.08.03 13:13:03.076,9.3728,9.37502,1.00,1.00
2017.08.03 13:13:07.619,9.37294,9.37514,1.00,1.00
2017.08.03 13:13:10.830,9.37308,9.37528,1.00,1.00
2017.08.03 13:13:12.034,9.373,9.3752,1.00,1.00
2017.08.03 13:13:12.338,9.37306,9.3752,1.00,1.00
2017.08.03 13:13:12.440,9.37315,9.37535,1.00,1.00
2017.08.03 13:13:16.112,9.37316,9.37535,1.00,1.00
2017.08.03 13:13:16.215,9.37329,9.37549,1.00,1.00
2017.08.03 13:13:16.524,9.37344,9.37564,1.00,1.00
2017.08.03 13:13:18.552,9.37344,9.37561,1.00,1.50
2017.08.03 13:13:19.002,9.37344,9.37558,1.00,1.00
2017.08.03 13:13:19.054,9.37331,9.37551,1.00,1.00
2017.08.03 13:13:19.951,9.37314,9.37534,1.00,1.00
2017.08.03 13:13:20.918,9.37297,9.37514,1.00,1.00
2017.08.03 13:13:21.064,9.37288,9.37508,1.00,1.00
2017.08.03 13:13:21.538,9.37288,9.37502,1.00,1.00
2017.08.03 13:13:22.361,9.37288,9.37508,1.00,1.00
2017.08.03 13:13:22.616,9.37288,9.37503,1.00,1.00
2017.08.03 13:13:22.843,9.37288,9.37508,1.00,1.00
2017.08.03 13:13:25.759,9.373,9.3752,1.00,1.50
2017.08.03 13:13:27.641,9.37286,9.37506,1.00,1.00
2017.08.03 13:13:30.047,9.373,9.3752,1.00,1.00
2017.08.03 13:13:38.862,9.37312,9.37531,1.00,1.50
2017.08.03 13:13:39.066,9.37298,9.3752,1.00,1.00
2017.08.03 13:13:42.588,9.37298,9.37517,1.00,1.00
2017.08.03 13:13:46.084,9.37285,9.37505,1.00,1.00
2017.08.03 13:13:50.094,9.37298,9.3752,1.00,1.00
2017.08.03 13:13:51.973,9.37301,9.37523,1.00,1.00
2017.08.03 13:13:55.012,9.37315,9.37535,1.00,1.00
2017.08.03 13:13:57.002,9.37302,9.37522,1.00,1.00
2017.08.03 13:13:57.719,9.37316,9.37536,1.00,1.00
2017.08.03 13:13:58.912,9.37316,9.37533,1.00,1.00
2017.08.03 13:13:59.017,9.37303,9.37523,1.00,1.00
2017.08.03 13:14:00.412,9.37316,9.37536,1.00,1.00
2017.08.03 13:14:00.920,9.37303,9.37523,1.00,1.00
2017.08.03 13:14:01.232,9.37303,9.37502,1.00,1.00
2017.08.03 13:14:01.284,9.37303,9.37522,1.00,1.60
2017.08.03 13:14:01.335,9.37288,9.37508,1.00,1.00
2017.08.03 13:14:02.450,9.37288,9.37508,1.00,1.60
2017.08.03 13:14:02.815,9.37302,9.37522,1.00,2.10
2017.08.03 13:14:03.119,9.37302,9.37522,1.00,1.00
2017.08.03 13:14:05.247,9.37315,9.37535,1.00,1.00
2017.08.03 13:14:06.010,9.37315,9.37532,1.00,1.00
2017.08.03 13:14:06.061,9.37299,9.37521,1.00,1.00
2017.08.03 13:14:12.040,9.37299,9.37519,1.00,1.00
2017.08.03 13:14:14.363,9.37283,9.37503,1.00,1.00
2017.08.03 13:14:14.684,9.37309,9.37529,1.00,1.00
2017.08.03 13:14:14.988,9.37291,9.37511,1.00,1.00
2017.08.03 13:14:16.370,9.37308,9.37528,1.00,1.00
2017.08.03 13:14:16.982,9.37325,9.37538,1.00,1.00
2017.08.03 13:14:19.101,9.37325,9.37545,1.00,1.00
2017.08.03 13:14:25.211,9.37325,9.37542,1.00,1.00
2017.08.03 13:14:25.312,9.37325,9.37545,1.00,1.00
2017.08.03 13:14:25.668,9.37325,9.37542,1.00,1.00
2017.08.03 13:14:25.769,9.37325,9.37545,1.00,1.00
2017.08.03 13:14:28.535,9.37325,9.37542,1.00,1.00
2017.08.03 13:14:29.711,9.37325,9.37545,1.00,1.00
2017.08.03 13:14:29.862,9.37337,9.37549,1.00,1.00
2017.08.03 13:14:30.424,9.37337,9.37557,1.00,1.00
2017.08.03 13:14:31.990,9.37332,9.37552,1.00,1.00
2017.08.03 13:14:32.308,9.3731,9.3753,1.00,1.00
2017.08.03 13:14:32.716,9.37296,9.37516,1.00,1.00
2017.08.03 13:14:33.260,9.37296,9.37502,1.00,1.00
2017.08.03 13:14:33.412,9.37283,9.37492,1.00,1.00
2017.08.03 13:14:34.224,9.37283,9.37482,1.00,1.00
2017.08.03 13:14:34.345,9.3727,9.37482,1.00,1.00
2017.08.03 13:14:34.498,9.3727,9.37488,1.00,1.00
2017.08.03 13:14:34.600,9.37257,9.37477,1.00,1.00
2017.08.03 13:14:36.204,9.3727,9.37488,1.00,1.00
2017.08.03 13:14:36.306,9.3727,9.3749,1.00,1.00
2017.08.03 13:14:39.132,9.37284,9.37504,1.00,1.00
2017.08.03 13:14:43.110,9.37298,9.3752,1.00,1.00
2017.08.03 13:14:49.740,9.37313,9.37529,1.00,1.00
2017.08.03 13:14:51.358,9.37299,9.37519,1.00,1.00
2017.08.03 13:14:51.967,9.373,9.3752,1.00,1.00
2017.08.03 13:15:01.482,9.37287,9.37507,1.00,1.00
2017.08.03 13:15:01.888,9.37287,9.37502,1.00,1.00
2017.08.03 13:15:02.092,9.37275,9.37495,1.00,1.00
2017.08.03 13:15:02.755,9.37291,9.37502,1.00,1.00
2017.08.03 13:15:02.856,9.37278,9.37498,1.00,1.00
2017.08.03 13:15:04.784,9.3729,9.37502,1.00,1.00
2017.08.03 13:15:04.987,9.37278,9.37498,1.00,1.00
2017.08.03 13:15:06.810,9.37278,9.37492,1.00,1.00
2017.08.03 13:15:12.010,9.37276,9.37492,1.00,1.00
2017.08.03 13:15:12.930,9.37276,9.37482,1.00,1.00
2017.08.03 13:15:15.640,9.37276,9.37472,1.00,1.00
2017.08.03 13:15:15.691,9.3726,9.37472,1.00,1.00
2017.08.03 13:15:16.602,9.3726,9.3748,1.00,1.00
2017.08.03 13:15:17.326,9.37273,9.37482,1.00,1.00
2017.08.03 13:15:19.067,9.37273,9.37493,1.00,1.50
2017.08.03 13:15:19.169,9.37273,9.37483,1.00,1.00
2017.08.03 13:15:19.220,9.3726,9.3748,1.00,1.00
2017.08.03 13:15:20.302,9.3726,9.37472,1.00,1.00
2017.08.03 13:15:20.553,9.3726,9.3748,1.00,1.00
2017.08.03 13:15:20.709,9.3726,9.37472,1.00,1.00
2017.08.03 13:15:22.291,9.3726,9.3748,1.00,1.00
2017.08.03 13:15:23.039,9.3726,9.37472,1.00,1.00
2017.08.03 13:15:23.558,9.3726,9.3748,1.00,1.00
2017.08.03 13:15:25.640,9.37273,9.37492,1.00,1.00
2017.08.03 13:15:26.373,9.37273,9.37493,1.00,1.00
2017.08.03 13:15:26.957,9.37287,9.37507,1.00,1.00
2017.08.03 13:15:27.718,9.37299,9.37519,1.00,1.00
2017.08.03 13:15:28.026,9.37286,9.37506,1.00,1.00
2017.08.03 13:15:32.056,9.37288,9.37508,1.00,1.00
2017.08.03 13:15:46.871,9.37301,9.37521,1.00,1.00
2017.08.03 13:15:52.016,9.37299,9.37521,1.00,1.00
2017.08.03 13:15:53.784,9.373,9.37521,1.00,1.00
2017.08.03 13:15:54.486,9.37299,9.37521,1.50,1.00
2017.08.03 13:15:55.489,9.37313,9.37533,1.00,1.00
2017.08.03 13:15:55.797,9.37302,9.37522,1.50,1.00
2017.08.03 13:15:57.954,9.37314,9.37522,1.00,1.00
2017.08.03 13:15:58.576,9.37302,9.37522,1.00,1.00
2017.08.03 13:16:00.112,9.37293,9.37509,1.00,1.00
2017.08.03 13:16:00.926,9.37289,9.37509,1.00,1.00
2017.08.03 13:16:01.416,9.37289,9.37502,1.00,1.00
2017.08.03 13:16:01.913,9.37289,9.37509,1.00,1.00
2017.08.03 13:16:02.421,9.37289,9.37502,1.00,1.00
2017.08.03 13:16:02.943,9.37289,9.37501,1.00,1.00
2017.08.03 13:16:03.276,9.37289,9.37492,1.00,1.00
2017.08.03 13:16:03.758,9.37287,9.37496,1.00,1.00
2017.08.03 13:16:03.809,9.37289,9.37501,1.00,1.00
2017.08.03 13:16:05.592,9.37291,9.37501,1.00,1.00
2017.08.03 13:16:06.788,9.37294,9.37501,1.00,1.00
2017.08.03 13:16:06.839,9.37289,9.37501,1.50,1.00
2017.08.03 13:16:07.043,9.37277,9.37497,1.00,1.00
2017.08.03 13:16:08.070,9.37293,9.37497,1.00,1.00
2017.08.03 13:16:08.579,9.37293,9.37496,1.00,1.00
2017.08.03 13:16:08.732,9.37276,9.37496,1.00,1.00
2017.08.03 13:16:08.819,9.37276,9.37492,1.00,1.00
2017.08.03 13:16:09.124,9.37276,9.37486,1.00,1.00
2017.08.03 13:16:09.276,9.37276,9.3749,1.00,1.00
2017.08.03 13:16:09.429,9.37278,9.3749,1.00,1.00
2017.08.03 13:16:09.734,9.37278,9.37487,1.00,1.00
2017.08.03 13:16:10.831,9.37277,9.37487,1.00,1.00
2017.08.03 13:16:11.617,9.37277,9.3749,1.00,1.00
2017.08.03 13:16:12.042,9.37283,9.3749,1.00,1.00
2017.08.03 13:16:15.958,9.37283,9.37503,1.00,1.50
2017.08.03 13:16:19.585,9.37284,9.37503,1.00,1.50
2017.08.03 13:16:20.229,9.37283,9.37503,1.00,1.50
2017.08.03 13:16:27.996,9.37283,9.3749,1.00,1.00
2017.08.03 13:16:28.200,9.3727,9.3749,1.00,1.50
2017.08.03 13:16:29.412,9.37276,9.3749,1.00,1.50
2017.08.03 13:16:29.734,9.37276,9.37477,1.00,1.00
2017.08.03 13:16:30.025,9.37261,9.37477,1.00,1.00
2017.08.03 13:16:31.022,9.37271,9.37477,1.00,1.00
2017.08.03 13:16:33.467,9.37271,9.37472,1.00,1.00
2017.08.03 13:16:33.714,9.37152,9.37367,1.00,1.00
2017.08.03 13:16:33.816,9.37144,9.3736,1.00,1.00
2017.08.03 13:16:34.019,9.37147,9.3736,1.00,1.00
2017.08.03 13:16:34.323,9.37175,9.37395,1.00,1.60
2017.08.03 13:16:34.475,9.37175,9.37395,1.00,1.00
2017.08.03 13:16:35.975,9.37175,9.37392,1.00,1.00
2017.08.03 13:16:38.155,9.37175,9.37382,1.00,1.00
2017.08.03 13:16:38.447,9.37175,9.37392,1.00,1.00
2017.08.03 13:16:39.327,9.37175,9.37382,1.00,1.00
2017.08.03 13:16:39.378,9.37175,9.37392,1.00,1.00
2017.08.03 13:16:39.480,9.37175,9.37382,1.00,1.00
2017.08.03 13:16:40.319,9.37175,9.37392,1.00,1.00
2017.08.03 13:16:40.977,9.37175,9.37395,1.00,1.00
2017.08.03 13:16:41.436,9.37175,9.37392,1.00,1.00
2017.08.03 13:16:41.741,9.37175,9.37382,1.00,1.00
2017.08.03 13:16:42.048,9.37175,9.37372,1.00,1.00
2017.08.03 13:16:43.073,9.37175,9.37382,1.00,1.00
2017.08.03 13:16:47.450,9.37175,9.37392,1.00,1.00
2017.08.03 13:16:47.653,9.37188,9.37392,1.00,1.00
2017.08.03 13:16:48.487,9.37188,9.37402,1.00,1.00
2017.08.03 13:16:48.937,9.37188,9.37372,1.00,1.00
2017.08.03 13:16:49.039,9.37175,9.37372,1.00,1.00
2017.08.03 13:16:49.143,9.37175,9.37362,1.00,1.00
2017.08.03 13:16:49.245,9.37175,9.37372,1.00,1.00
2017.08.03 13:16:49.347,9.37161,9.37372,1.00,1.00
2017.08.03 13:16:49.651,9.37161,9.37381,1.00,1.00
2017.08.03 13:16:49.945,9.37161,9.37372,1.00,1.00
2017.08.03 13:16:50.250,9.37146,9.37322,1.00,1.00
2017.08.03 13:16:50.351,9.37118,9.37312,1.00,1.00
2017.08.03 13:16:50.453,9.37118,9.37322,1.00,1.00
2017.08.03 13:16:50.986,9.37118,9.37338,1.00,1.00
2017.08.03 13:16:51.088,9.37118,9.37322,1.00,1.00
2017.08.03 13:16:51.241,9.37105,9.37322,1.00,1.00
2017.08.03 13:16:52.007,9.37105,9.37325,1.00,1.00
2017.08.03 13:16:52.058,9.37118,9.3733,1.00,1.00
2017.08.03 13:16:52.351,9.37122,9.37342,1.00,1.00
2017.08.03 13:17:03.447,9.37128,9.37342,1.00,1.00
2017.08.03 13:17:03.653,9.37122,9.37342,1.00,1.00
2017.08.03 13:17:06.983,9.37139,9.37359,1.00,1.00
2017.08.03 13:17:07.290,9.37152,9.37372,1.00,1.00
2017.08.03 13:17:09.270,9.37139,9.37359,1.00,1.00
2017.08.03 13:17:11.559,9.37154,9.37374,1.00,1.00
2017.08.03 13:17:12.092,9.37151,9.37371,1.00,1.00
2017.08.03 13:17:14.280,9.37152,9.37372,1.00,1.50
2017.08.03 13:17:15.226,9.37166,9.37386,1.00,1.00
2017.08.03 13:17:15.584,9.37168,9.37386,1.00,1.00
2017.08.03 13:17:15.686,9.37183,9.37403,1.00,1.00
2017.08.03 13:17:15.788,9.37196,9.37416,1.00,1.00
2017.08.03 13:17:18.396,9.37209,9.37429,1.00,1.00
2017.08.03 13:17:18.846,9.37209,9.37429,1.00,1.60
2017.08.03 13:17:18.897,9.37193,9.37415,1.00,1.00
2017.08.03 13:17:19.151,9.37193,9.37412,1.00,1.00
2017.08.03 13:17:19.455,9.3718,9.37399,1.00,1.00
2017.08.03 13:17:27.126,9.37179,9.37392,1.00,1.00
2017.08.03 13:17:27.329,9.37163,9.37383,1.00,1.00
2017.08.03 13:17:28.583,9.37163,9.37373,1.00,1.00
2017.08.03 13:17:28.634,9.37149,9.37369,1.00,1.00
2017.08.03 13:17:29.813,9.37149,9.37362,1.00,1.00
2017.08.03 13:17:30.067,9.37149,9.37369,1.00,1.00
2017.08.03 13:17:30.220,9.37136,9.37356,1.00,1.00
2017.08.03 13:17:30.855,9.37136,9.37342,1.00,1.00
2017.08.03 13:17:31.008,9.37124,9.37332,1.00,1.00
2017.08.03 13:17:31.838,9.3711,9.3733,1.00,1.00
2017.08.03 13:17:32.235,9.37123,9.37332,1.00,1.00
2017.08.03 13:17:36.008,9.37123,9.37322,1.00,1.00
2017.08.03 13:17:36.110,9.37123,9.37332,1.00,1.00
2017.08.03 13:17:36.161,9.37123,9.37322,1.00,1.00
2017.08.03 13:17:36.262,9.37123,9.37332,1.00,1.00
2017.08.03 13:17:36.546,9.37123,9.37322,1.00,1.00
2017.08.03 13:17:40.667,9.37123,9.37323,1.00,1.00
2017.08.03 13:17:41.320,9.37123,9.37332,1.00,1.00
2017.08.03 13:17:41.930,9.37123,9.37333,1.00,1.00
2017.08.03 13:17:44.213,9.37123,9.37322,1.00,1.00
2017.08.03 13:17:44.264,9.3711,9.37322,1.00,1.00
2017.08.03 13:17:48.405,9.3711,9.3733,1.00,1.00
2017.08.03 13:17:48.456,9.3711,9.37322,1.00,1.00
2017.08.03 13:17:48.558,9.3711,9.3733,1.00,1.00
2017.08.03 13:17:50.333,9.3711,9.37322,1.00,1.00
2017.08.03 13:17:50.638,9.37123,9.37322,1.00,1.00
2017.08.03 13:17:51.992,9.37116,9.37322,1.00,1.00
2017.08.03 13:17:52.865,9.37103,9.37322,1.00,1.00
2017.08.03 13:17:53.451,9.37103,9.37323,1.00,1.00
2017.08.03 13:17:54.417,9.37117,9.37337,1.00,1.00
2017.08.03 13:17:55.922,9.37154,9.37337,1.00,1.00
2017.08.03 13:17:55.973,9.37154,9.37357,1.00,1.00
2017.08.03 13:17:56.024,9.37204,9.37357,1.00,1.00
2017.08.03 13:17:56.159,9.37233,9.37418,1.00,1.00
2017.08.03 13:17:56.413,9.37233,9.37432,1.00,1.00
2017.08.03 13:17:56.668,9.37233,9.37432,1.00,1.60
2017.08.03 13:17:57.074,9.37233,9.37432,1.00,1.60
2017.08.03 13:17:57.580,9.37233,9.37432,1.00,1.60
2017.08.03 13:17:58.498,9.37234,9.37435,1.00,1.60
2017.08.03 13:17:58.848,9.37234,9.37435,1.00,1.60
2017.08.03 13:17:59.386,9.37234,9.37435,1.00,1.60
2017.08.03 13:18:00.419,9.37233,9.37435,1.00,1.60
2017.08.03 13:18:00.470,9.37233,9.37435,1.00,1.60
2017.08.03 13:18:01.592,9.37254,9.3744,1.00,2.10
2017.08.03 13:18:01.693,9.37254,9.37444,1.00,2.10
2017.08.03 13:18:01.744,9.37254,9.37447,1.00,2.10
2017.08.03 13:18:01.795,9.37254,9.37449,1.00,2.10
2017.08.03 13:18:01.847,9.37254,9.37453,1.00,2.85
2017.08.03 13:18:02.206,9.37254,9.37453,1.00,1.60
2017.08.03 13:18:02.364,9.37254,9.37452,1.00,2.85
2017.08.03 13:18:02.681,9.37254,9.37448,1.00,2.10
2017.08.03 13:18:02.934,9.37258,9.37453,1.00,1.60
2017.08.03 13:18:03.169,9.37258,9.37453,1.00,1.60
2017.08.03 13:18:03.856,9.37258,9.37453,1.00,1.60
2017.08.03 13:18:04.785,9.37258,9.37453,1.00,1.60
2017.08.03 13:18:06.076,9.37268,9.37458,1.00,1.60
2017.08.03 13:18:06.381,9.37283,9.37446,1.00,2.10
2017.08.03 13:18:06.754,9.37272,9.37451,1.00,2.10
2017.08.03 13:18:06.856,9.37284,9.37456,1.00,2.10
2017.08.03 13:18:07.109,9.37273,9.37453,1.00,2.10
2017.08.03 13:18:07.211,9.37273,9.37446,1.00,2.10
2017.08.03 13:18:07.818,9.37273,9.37445,1.00,2.10
2017.08.03 13:18:08.038,9.37273,9.37449,1.00,2.10
2017.08.03 13:18:08.313,9.37273,9.37447,1.00,2.10
2017.08.03 13:18:08.630,9.37273,9.37445,1.00,2.10
2017.08.03 13:18:09.563,9.37273,9.37457,1.00,2.10
2017.08.03 13:18:09.614,9.37273,9.37463,1.00,2.10
2017.08.03 13:18:09.665,9.3726,9.37453,1.00,2.10
2017.08.03 13:18:09.717,9.3726,9.37448,1.00,2.10
2017.08.03 13:18:10.021,9.3726,9.3744,1.00,2.10
2017.08.03 13:18:10.173,9.3726,9.37442,1.00,2.10
2017.08.03 13:18:10.225,9.3726,9.37446,1.00,2.10
2017.08.03 13:18:10.409,9.3726,9.37444,1.00,2.10
2017.08.03 13:18:10.816,9.3726,9.37441,1.00,2.10
2017.08.03 13:18:10.918,9.3726,9.37444,1.00,2.10
2017.08.03 13:18:11.339,9.3726,9.37448,1.00,2.10
2017.08.03 13:18:18.431,9.3726,9.37447,1.00,2.10
2017.08.03 13:18:20.412,9.3726,9.37448,1.00,1.60
2017.08.03 13:18:22.753,9.3726,9.37455,1.00,2.10
2017.08.03 13:18:22.855,9.3726,9.3746,1.00,2.10
2017.08.03 13:18:23.473,9.3726,9.37461,1.00,2.85
2017.08.03 13:18:23.995,9.3726,9.3746,1.00,2.10
2017.08.03 13:18:24.096,9.3726,9.37452,1.00,1.60
2017.08.03 13:18:29.083,9.3726,9.37452,1.00,1.60
2017.08.03 13:18:33.738,9.3726,9.37454,1.00,1.60
2017.08.03 13:18:33.902,9.3726,9.37454,1.00,1.60
2017.08.03 13:18:33.953,9.37254,9.37454,1.00,1.60
2017.08.03 13:18:34.106,9.37254,9.37453,1.00,1.60
2017.08.03 13:18:34.516,9.37254,9.37453,1.00,1.60
2017.08.03 13:18:35.016,9.37254,9.37453,1.00,1.60
2017.08.03 13:18:35.239,9.37254,9.37453,1.00,1.60
2017.08.03 13:18:35.989,9.37254,9.37453,1.00,1.60
2017.08.03 13:18:36.496,9.37254,9.37453,1.00,1.60
2017.08.03 13:18:39.005,9.37254,9.37453,1.00,1.60
2017.08.03 13:18:40.358,9.37249,9.37453,1.00,1.60
2017.08.03 13:18:43.526,9.37249,9.37453,1.00,1.60
2017.08.03 13:18:46.405,9.37249,9.37455,1.00,1.60
2017.08.03 13:18:46.861,9.37249,9.37455,1.00,1.60
2017.08.03 13:18:46.912,9.37249,9.37449,1.00,2.10
2017.08.03 13:18:47.289,9.37284,9.37469,1.00,2.10
2017.08.03 13:18:47.695,9.37284,9.37466,1.00,2.10
2017.08.03 13:18:48.079,9.37284,9.37464,1.00,2.10
2017.08.03 13:18:48.620,9.37284,9.37467,1.00,2.10
2017.08.03 13:18:49.131,9.37284,9.37466,1.00,2.10
2017.08.03 13:18:49.616,9.37284,9.37468,1.00,2.10
2017.08.03 13:18:52.314,9.37284,9.37466,1.00,2.10
2017.08.03 13:18:53.011,9.37284,9.37464,1.00,2.10
2017.08.03 13:18:53.708,9.37284,9.37463,1.00,2.10
2017.08.03 13:19:02.797,9.37284,9.37464,1.00,2.10
2017.08.03 13:19:02.899,9.37284,9.37468,1.00,2.10
2017.08.03 13:19:03.054,9.37284,9.37466,1.00,2.10
2017.08.03 13:19:04.151,9.37284,9.37467,1.00,2.10
2017.08.03 13:19:04.669,9.37284,9.37462,1.00,2.10
2017.08.03 13:19:04.720,9.37284,9.37465,1.00,2.10
2017.08.03 13:19:08.954,9.37284,9.37467,1.00,2.10
2017.08.03 13:19:09.006,9.37283,9.37469,1.00,2.10
2017.08.03 13:19:09.313,9.37284,9.37448,1.00,2.10
2017.08.03 13:19:09.415,9.37284,9.37457,1.00,2.10
2017.08.03 13:19:09.466,9.37284,9.37465,1.00,2.10
2017.08.03 13:19:09.721,9.37284,9.37467,1.00,2.10
2017.08.03 13:19:10.417,9.37284,9.37466,1.00,2.10
2017.08.03 13:19:10.648,9.37284,9.37468,1.00,2.10
2017.08.03 13:19:10.749,9.37284,9.37459,1.00,2.10
2017.08.03 13:19:11.601,9.37284,9.37462,1.00,2.10
2017.08.03 13:19:12.009,9.37284,9.37466,1.00,2.10
2017.08.03 13:19:12.739,9.37284,9.37464,1.00,2.10
2017.08.03 13:19:12.849,9.37284,9.37466,1.00,2.10
2017.08.03 13:19:14.766,9.37284,9.37465,1.00,2.10
2017.08.03 13:19:14.817,9.37284,9.37467,1.00,2.10
2017.08.03 13:19:14.868,9.37284,9.37469,1.00,2.10
2017.08.03 13:19:16.731,9.37284,9.37468,1.00,2.10
2017.08.03 13:19:16.784,9.37284,9.3747,1.00,2.10
2017.08.03 13:19:17.301,9.37284,9.37469,1.00,2.10
2017.08.03 13:19:17.988,9.37284,9.37471,1.00,2.10
2017.08.03 13:19:18.104,9.37284,9.37469,1.00,2.10
2017.08.03 13:19:18.458,9.37284,9.37464,1.00,2.10
2017.08.03 13:19:18.567,9.37284,9.37467,1.00,2.10
2017.08.03 13:19:19.102,9.37284,9.37468,1.00,2.10
2017.08.03 13:19:19.738,9.37284,9.37466,1.00,2.10
2017.08.03 13:19:19.789,9.37284,9.3747,1.00,2.10
2017.08.03 13:19:20.403,9.37284,9.37469,1.00,2.10
2017.08.03 13:19:21.447,9.37284,9.37466,1.00,2.10
2017.08.03 13:19:22.206,9.37284,9.37467,1.00,2.10
2017.08.03 13:19:22.749,9.37284,9.37469,1.00,2.10
2017.08.03 13:19:22.800,9.37284,9.37464,1.00,2.10
2017.08.03 13:19:23.334,9.37284,9.37468,1.00,2.10
2017.08.03 13:19:23.437,9.37284,9.37471,1.00,2.10
2017.08.03 13:19:24.068,9.37284,9.37473,1.00,2.10
2017.08.03 13:19:24.744,9.37284,9.37474,1.00,2.10
2017.08.03 13:19:28.009,9.37284,9.37473,1.00,2.10
2017.08.03 13:19:28.549,9.37284,9.37472,1.00,2.10
2017.08.03 13:19:29.062,9.37284,9.37473,1.00,2.10
2017.08.03 13:19:31.648,9.37284,9.37471,1.00,2.10
2017.08.03 13:19:31.963,9.37284,9.37469,1.00,2.10
2017.08.03 13:19:34.964,9.37284,9.37467,1.00,2.10
2017.08.03 13:19:35.821,9.37284,9.37468,1.00,2.10
2017.08.03 13:19:36.344,9.37284,9.37467,1.00,2.10
2017.08.03 13:19:38.733,9.37284,9.37469,1.00,2.10
2017.08.03 13:19:39.666,9.37284,9.37468,1.00,2.10
2017.08.03 13:19:41.438,9.37284,9.37471,1.00,2.10
2017.08.03 13:19:41.540,9.37284,9.37474,1.00,2.10
2017.08.03 13:19:41.693,9.37284,9.37469,1.00,2.10
2017.08.03 13:19:41.998,9.37284,9.37462,1.00,2.10
2017.08.03 13:19:42.536,9.37284,9.37463,1.00,2.10
2017.08.03 13:19:43.323,9.37284,9.37461,1.00,2.10
2017.08.03 13:19:43.374,9.37284,9.37464,1.00,2.10
2017.08.03 13:19:43.476,9.37284,9.37469,1.00,2.10
2017.08.03 13:19:43.579,9.37284,9.37475,1.00,2.10
2017.08.03 13:19:43.630,9.37304,9.37485,1.00,1.60
2017.08.03 13:19:43.732,9.37304,9.3749,1.00,2.10
2017.08.03 13:19:43.783,9.37304,9.37491,1.00,1.60
2017.08.03 13:19:43.834,9.37304,9.3749,1.00,2.10
2017.08.03 13:19:44.141,9.37294,9.37473,1.50,2.10
2017.08.03 13:19:44.192,9.37284,9.37473,1.22,2.10
2017.08.03 13:19:44.243,9.37284,9.3747,1.00,2.10
2017.08.03 13:19:44.294,9.37284,9.37466,1.00,2.10
2017.08.03 13:19:44.599,9.37284,9.37461,1.00,2.10
2017.08.03 13:19:44.650,9.37284,9.37463,1.00,2.10
2017.08.03 13:19:44.853,9.37284,9.37461,1.00,2.10
2017.08.03 13:19:45.325,9.37284,9.37464,1.00,2.10
2017.08.03 13:19:45.838,9.37284,9.37463,1.00,2.10
2017.08.03 13:19:47.029,9.37284,9.37464,1.00,2.10
2017.08.03 13:19:47.080,9.37284,9.37469,1.00,2.10
2017.08.03 13:19:47.451,9.37284,9.37466,1.00,2.10
2017.08.03 13:19:48.865,9.37284,9.37467,1.00,2.10
2017.08.03 13:19:49.190,9.37284,9.37465,1.00,2.10
2017.08.03 13:19:50.289,9.37284,9.37464,1.00,2.10
2017.08.03 13:19:50.761,9.37284,9.37466,1.00,2.10
2017.08.03 13:19:51.237,9.37284,9.37468,1.00,2.10
2017.08.03 13:19:51.563,9.37284,9.37465,1.00,2.10
2017.08.03 13:19:52.107,9.37284,9.37466,1.00,2.10
2017.08.03 13:19:53.036,9.37284,9.37465,1.00,2.10
2017.08.03 13:19:53.371,9.37284,9.3746,1.00,2.10
2017.08.03 13:19:53.523,9.37284,9.37462,1.00,2.10
2017.08.03 13:19:53.575,9.37284,9.37466,1.00,2.10
2017.08.03 13:19:53.626,9.37284,9.37463,1.00,2.10
2017.08.03 13:19:54.046,9.37284,9.37469,1.00,2.10
2017.08.03 13:19:54.097,9.37284,9.37467,1.00,2.10
2017.08.03 13:19:55.137,9.37284,9.37469,1.00,2.10
2017.08.03 13:19:55.188,9.37284,9.37465,1.00,2.10
2017.08.03 13:19:55.534,9.37283,9.3747,1.00,2.10
2017.08.03 13:19:55.856,9.37284,9.37465,1.00,2.10
2017.08.03 13:19:56.244,9.37283,9.37468,1.00,2.10
2017.08.03 13:19:56.448,9.37284,9.37465,1.00,2.10
2017.08.03 13:19:57.182,9.37284,9.37467,1.00,2.10
2017.08.03 13:19:57.385,9.37284,9.37464,1.00,2.10
2017.08.03 13:19:57.716,9.37284,9.37466,1.00,2.10
2017.08.03 13:19:57.890,9.37284,9.37468,1.00,2.10
2017.08.03 13:19:58.362,9.37284,9.37472,1.00,2.10
2017.08.03 13:19:58.723,9.37284,9.37474,1.00,2.10
2017.08.03 13:19:59.306,9.37284,9.37471,1.00,2.10
2017.08.03 13:19:59.357,9.37284,9.37476,1.00,2.10
2017.08.03 13:19:59.644,9.37284,9.37474,1.22,2.10
2017.08.03 13:19:59.695,9.37284,9.37476,1.22,2.10
2017.08.03 13:19:59.746,9.37284,9.3747,1.00,2.10
2017.08.03 13:20:00.000,9.37284,9.37475,1.22,2.10
2017.08.03 13:20:00.101,9.37284,9.37478,1.22,2.10
2017.08.03 13:20:00.254,9.37284,9.37471,1.00,2.10
2017.08.03 13:20:00.407,9.37284,9.37475,1.00,2.10
2017.08.03 13:20:00.578,9.37284,9.37476,1.22,2.10
2017.08.03 13:20:00.684,9.37284,9.37478,1.22,2.10
2017.08.03 13:20:01.038,9.37284,9.37476,1.22,2.10
2017.08.03 13:20:01.712,9.37284,9.37477,1.22,2.10
2017.08.03 13:20:04.755,9.37284,9.37479,1.22,2.10
2017.08.03 13:20:05.872,9.37284,9.3748,1.22,2.10
2017.08.03 13:20:06.024,9.37284,9.37482,1.22,2.10
2017.08.03 13:20:06.127,9.37304,9.37487,1.00,2.10
2017.08.03 13:20:06.229,9.37284,9.37483,1.00,2.10
2017.08.03 13:20:06.280,9.37284,9.37471,1.22,2.10
2017.08.03 13:20:06.676,9.37284,9.37445,1.00,2.10
2017.08.03 13:20:06.727,9.37284,9.37448,1.00,2.10
2017.08.03 13:20:06.778,9.37284,9.37451,1.00,2.10
2017.08.03 13:20:06.880,9.37284,9.37455,1.00,2.10
2017.08.03 13:20:07.253,9.37284,9.37458,1.00,2.10
2017.08.03 13:20:07.405,9.37284,9.37461,1.00,2.10
2017.08.03 13:20:07.456,9.37284,9.37464,1.00,2.10
2017.08.03 13:20:07.558,9.37284,9.37467,1.00,2.10
2017.08.03 13:20:07.960,9.37284,9.37469,1.00,2.10
2017.08.03 13:20:08.147,9.37284,9.37476,1.00,2.10
2017.08.03 13:20:08.358,9.37284,9.37474,1.00,2.10
2017.08.03 13:20:08.663,9.37284,9.3747,1.00,2.10
2017.08.03 13:20:09.000,9.37284,9.37472,1.00,2.10
2017.08.03 13:20:09.960,9.37284,9.37473,1.00,2.10
2017.08.03 13:20:12.082,9.37284,9.37472,1.00,2.10
2017.08.03 13:20:12.237,9.37284,9.3746,1.00,2.10
2017.08.03 13:20:12.758,9.37284,9.37459,1.00,2.10
2017.08.03 13:20:13.301,9.37284,9.3746,1.00,2.10
2017.08.03 13:20:13.905,9.37284,9.37461,1.00,2.10
2017.08.03 13:20:14.096,9.37284,9.37464,1.00,2.10
2017.08.03 13:20:15.216,9.37284,9.37466,1.00,2.10
2017.08.03 13:20:15.666,9.37284,9.37464,1.00,2.10
2017.08.03 13:20:16.221,9.37284,9.37467,1.00,2.10
2017.08.03 13:20:16.763,9.37284,9.37465,1.00,2.10
2017.08.03 13:20:17.597,9.37284,9.37464,1.00,2.10
2017.08.03 13:20:19.984,9.37284,9.37465,1.00,2.10
2017.08.03 13:20:20.119,9.37304,9.37482,1.00,1.60
2017.08.03 13:20:20.271,9.37304,9.37491,1.00,1.60
2017.08.03 13:20:20.576,9.37304,9.37481,1.00,2.10
2017.08.03 13:20:21.093,9.37304,9.37479,1.00,2.10
2017.08.03 13:20:22.508,9.37304,9.3748,1.00,2.10
2017.08.03 13:20:22.559,9.37304,9.37484,1.00,2.10
2017.08.03 13:20:22.711,9.37304,9.3748,1.00,2.10
2017.08.03 13:20:22.813,9.37304,9.37483,1.00,2.10
2017.08.03 13:20:23.053,9.37304,9.37486,1.00,2.10
2017.08.03 13:20:23.316,9.37304,9.37483,1.00,2.10
2017.08.03 13:20:24.386,9.37304,9.37479,1.00,2.10
2017.08.03 13:20:24.437,9.37304,9.37485,1.00,2.10
2017.08.03 13:20:24.488,9.37304,9.37481,1.00,2.10
2017.08.03 13:20:24.540,9.37304,9.37484,1.00,2.10
2017.08.03 13:20:24.591,9.37304,9.37487,1.00,2.10
2017.08.03 13:20:24.743,9.37304,9.37491,1.00,2.10
2017.08.03 13:20:25.568,9.37304,9.37486,1.00,2.10
2017.08.03 13:20:25.965,9.37304,9.37483,1.00,2.10
2017.08.03 13:20:26.067,9.37304,9.37486,1.00,2.10
2017.08.03 13:20:26.169,9.37304,9.37484,1.00,2.10
2017.08.03 13:20:26.477,9.37304,9.3748,1.00,2.10
2017.08.03 13:20:27.392,9.37304,9.37481,1.00,2.10
2017.08.03 13:20:27.902,9.37304,9.37482,1.00,2.10
2017.08.03 13:20:28.637,9.37304,9.37483,1.00,2.10
2017.08.03 13:20:29.118,9.37304,9.37485,1.00,2.10
2017.08.03 13:20:29.628,9.37304,9.37483,1.00,2.10
2017.08.03 13:20:30.237,9.37304,9.3748,1.00,2.10
2017.08.03 13:20:30.542,9.37304,9.37484,1.00,2.10
2017.08.03 13:20:30.593,9.37304,9.37481,1.00,2.10
2017.08.03 13:20:30.695,9.37304,9.37487,1.00,2.10
2017.08.03 13:20:30.802,9.37304,9.3749,1.00,2.10
2017.08.03 13:20:31.344,9.37304,9.37487,1.00,2.10
2017.08.03 13:20:31.705,9.37304,9.37482,1.00,2.10
2017.08.03 13:20:32.718,9.37304,9.37483,1.00,2.10
2017.08.03 13:20:33.268,9.37304,9.37484,1.00,2.10
2017.08.03 13:20:33.647,9.37304,9.37482,1.00,2.10
2017.08.03 13:20:33.698,9.37304,9.37489,1.00,2.10
2017.08.03 13:20:34.204,9.37304,9.37487,1.00,2.10
2017.08.03 13:20:34.729,9.37304,9.37489,1.00,2.10
2017.08.03 13:20:35.565,9.37304,9.37484,1.00,2.10
2017.08.03 13:20:39.684,9.37304,9.37483,1.00,2.10
2017.08.03 13:20:41.237,9.37304,9.37475,1.00,2.10
2017.08.03 13:20:41.574,9.37304,9.37472,1.00,2.10
2017.08.03 13:20:41.878,9.37304,9.37469,1.00,2.10
2017.08.03 13:20:42.009,9.37304,9.37471,1.00,2.10
2017.08.03 13:20:42.112,9.37304,9.37475,1.00,2.10
2017.08.03 13:20:42.163,9.37304,9.37478,1.00,2.10
2017.08.03 13:20:42.588,9.37304,9.37476,1.00,2.10
2017.08.03 13:20:43.982,9.37304,9.37478,1.00,2.10
2017.08.03 13:20:44.033,9.37304,9.37482,1.00,2.10
2017.08.03 13:20:44.185,9.37304,9.37481,1.00,2.10
2017.08.03 13:20:44.287,9.37304,9.37482,1.00,2.10
2017.08.03 13:20:44.388,9.37304,9.37484,1.00,2.10
2017.08.03 13:20:44.895,9.37304,9.37483,1.00,2.10
2017.08.03 13:20:46.340,9.37304,9.37487,1.00,2.10
2017.08.03 13:20:46.391,9.37304,9.37484,1.00,2.10
2017.08.03 13:20:47.340,9.37304,9.37486,1.00,2.10
2017.08.03 13:20:47.981,9.37304,9.37487,1.00,2.10
2017.08.03 13:20:48.285,9.37304,9.37484,1.00,2.10
2017.08.03 13:20:48.862,9.37304,9.37484,1.00,2.10
2017.08.03 13:20:49.045,9.37304,9.37485,1.00,2.10
2017.08.03 13:20:49.097,9.37334,9.37491,1.00,1.60
2017.08.03 13:20:49.149,9.37334,9.37502,1.00,1.60
2017.08.03 13:20:49.357,9.37334,9.3751,1.00,2.10
2017.08.03 13:20:49.651,9.37314,9.37501,1.00,1.60
2017.08.03 13:20:49.702,9.37314,9.37484,1.00,2.10
2017.08.03 13:20:50.007,9.37304,9.37467,1.00,2.10
2017.08.03 13:20:50.313,9.37304,9.37464,1.00,2.10
2017.08.03 13:20:50.567,9.37304,9.37469,1.00,2.10
2017.08.03 13:20:50.766,9.37304,9.37475,1.00,2.10
2017.08.03 13:20:50.817,9.37304,9.37473,1.00,2.10
2017.08.03 13:20:51.045,9.37304,9.37472,1.00,1.60
2017.08.03 13:20:51.197,9.37304,9.37472,1.00,1.60
2017.08.03 13:20:51.248,9.37304,9.37482,1.00,1.60
2017.08.03 13:20:51.357,9.37304,9.37482,1.00,1.60
2017.08.03 13:20:51.522,9.37304,9.37482,1.00,2.85
2017.08.03 13:20:51.573,9.37304,9.37472,1.00,1.60
2017.08.03 13:20:51.624,9.37284,9.37472,1.00,2.10
2017.08.03 13:20:51.675,9.37284,9.37468,1.00,2.10
2017.08.03 13:20:52.049,9.37284,9.3747,1.00,2.10
2017.08.03 13:20:52.101,9.37284,9.37474,1.00,2.10
2017.08.03 13:20:52.152,9.37284,9.37472,1.00,2.10
2017.08.03 13:20:52.304,9.37284,9.37473,1.00,2.10
2017.08.03 13:20:52.710,9.37284,9.37471,1.00,2.10
2017.08.03 13:20:53.158,9.37284,9.37474,1.00,2.10
2017.08.03 13:20:53.454,9.37284,9.37472,1.00,2.10
2017.08.03 13:20:53.816,9.37284,9.37473,1.00,2.10
2017.08.03 13:20:54.579,9.37284,9.37471,1.00,2.10
2017.08.03 13:20:54.832,9.37284,9.37473,1.00,2.10
2017.08.03 13:20:55.375,9.37284,9.37473,1.00,2.10
2017.08.03 13:20:55.810,9.37284,9.37471,1.00,2.10
2017.08.03 13:20:56.094,9.37284,9.37472,1.00,2.10
2017.08.03 13:20:56.622,9.37284,9.37472,1.00,2.10
2017.08.03 13:20:56.875,9.37284,9.37469,1.00,2.10
2017.08.03 13:20:56.926,9.37284,9.37471,1.00,2.10
2017.08.03 13:20:57.275,9.37284,9.3747,1.00,2.10
2017.08.03 13:20:57.572,9.37284,9.37472,1.00,2.10
2017.08.03 13:20:58.109,9.37284,9.37474,1.00,2.10
2017.08.03 13:20:58.865,9.37284,9.3747,1.00,2.10
2017.08.03 13:20:58.916,9.37284,9.37472,1.00,2.10
2017.08.03 13:20:58.968,9.37284,9.37477,1.00,2.10
2017.08.03 13:20:59.019,9.37284,9.37474,1.22,2.10
2017.08.03 13:21:00.239,9.37284,9.37469,1.00,2.10
2017.08.03 13:21:00.290,9.37284,9.37472,1.00,2.10
2017.08.03 13:21:00.341,9.37284,9.37469,1.00,2.10
2017.08.03 13:21:01.097,9.37284,9.37471,1.00,2.85
2017.08.03 13:21:01.148,9.37284,9.37474,1.00,2.10
2017.08.03 13:21:01.463,9.37284,9.37478,1.22,2.10
2017.08.03 13:21:01.768,9.37284,9.37481,1.22,2.10
2017.08.03 13:21:01.870,9.37284,9.37478,1.00,2.10
2017.08.03 13:21:02.174,9.37284,9.37481,1.22,2.10
2017.08.03 13:21:02.483,9.37304,9.37491,1.00,2.10
2017.08.03 13:21:02.917,9.37304,9.37487,1.00,2.10
2017.08.03 13:21:03.018,9.37304,9.37489,1.00,2.10
2017.08.03 13:21:03.120,9.37304,9.37485,1.00,2.10
2017.08.03 13:21:03.223,9.37304,9.37488,1.00,2.10
2017.08.03 13:21:03.800,9.37304,9.37487,1.00,2.10
2017.08.03 13:21:04.351,9.37304,9.37485,1.00,2.10
2017.08.03 13:21:04.403,9.37304,9.37483,1.00,2.10
2017.08.03 13:21:04.712,9.37304,9.37471,1.00,2.10
2017.08.03 13:21:04.764,9.37304,9.37475,1.00,2.10
2017.08.03 13:21:04.815,9.37304,9.37467,1.00,2.10
2017.08.03 13:21:04.866,9.37304,9.37476,1.00,2.10
2017.08.03 13:21:05.095,9.37304,9.37484,1.00,2.10
2017.08.03 13:21:05.146,9.37304,9.37483,1.00,2.10
2017.08.03 13:21:05.198,9.37304,9.37485,1.00,2.10
2017.08.03 13:21:05.249,9.37304,9.37482,1.00,2.10
2017.08.03 13:21:05.402,9.37304,9.37485,1.00,2.10
2017.08.03 13:21:05.617,9.37304,9.37484,1.00,2.10
2017.08.03 13:21:06.158,9.37304,9.37485,1.00,2.10
2017.08.03 13:21:07.100,9.37304,9.37482,1.00,2.10
2017.08.03 13:21:07.151,9.37304,9.37485,1.00,2.10
2017.08.03 13:21:07.536,9.37304,9.37481,1.00,2.85
2017.08.03 13:21:07.891,9.37304,9.37484,1.00,2.10
2017.08.03 13:21:08.496,9.37304,9.37483,1.00,2.10
2017.08.03 13:21:09.007,9.37304,9.37482,1.00,2.10
2017.08.03 13:21:09.678,9.37304,9.37483,1.00,2.10
2017.08.03 13:21:11.072,9.37304,9.37481,1.00,2.10
2017.08.03 13:21:11.732,9.37303,9.37482,1.00,2.10
2017.08.03 13:21:14.246,9.37303,9.3748,1.00,2.10
2017.08.03 13:21:17.841,9.37303,9.37478,1.00,2.10
2017.08.03 13:21:17.943,9.37303,9.37479,1.00,2.10
2017.08.03 13:21:17.994,9.37303,9.37482,1.00,2.10
2017.08.03 13:21:18.844,9.37303,9.37483,1.00,2.10
2017.08.03 13:21:19.430,9.37303,9.3748,1.00,2.10
2017.08.03 13:21:19.481,9.37303,9.37485,1.00,2.10
2017.08.03 13:21:19.532,9.37303,9.37473,1.00,2.10
2017.08.03 13:21:19.836,9.37304,9.37467,1.00,2.10
2017.08.03 13:21:20.542,9.37304,9.37466,1.00,2.10
2017.08.03 13:21:21.897,9.37304,9.37467,1.00,2.10
2017.08.03 13:21:21.999,9.37284,9.37455,1.00,2.10
2017.08.03 13:21:22.050,9.37284,9.37457,1.00,2.10
2017.08.03 13:21:22.151,9.37284,9.37455,1.00,2.10
2017.08.03 13:21:22.355,9.37284,9.37458,1.00,2.10
2017.08.03 13:21:22.558,9.37284,9.3746,1.00,2.10
2017.08.03 13:21:23.381,9.37284,9.37461,1.00,2.10
2017.08.03 13:21:23.533,9.37284,9.37469,1.00,2.10
2017.08.03 13:21:23.828,9.37284,9.37471,1.00,2.10
2017.08.03 13:21:24.597,9.37284,9.37466,1.00,2.10
2017.08.03 13:21:25.105,9.37284,9.37467,1.00,2.10
2017.08.03 13:21:31.589,9.37284,9.37468,1.00,2.10
2017.08.03 13:21:31.640,9.37284,9.37472,1.00,2.10
2017.08.03 13:21:32.152,9.37284,9.37474,1.22,2.10
2017.08.03 13:21:32.873,9.37284,9.3748,1.22,2.10
2017.08.03 13:21:34.654,9.37284,9.37482,1.22,2.10
2017.08.03 13:21:34.806,9.37284,9.37482,1.00,2.10
2017.08.03 13:21:34.857,9.37294,9.37478,1.00,2.10
2017.08.03 13:21:34.909,9.37294,9.37485,1.22,1.60
2017.08.03 13:21:34.960,9.37304,9.37485,1.00,1.60
2017.08.03 13:21:35.163,9.37304,9.37491,1.22,1.60
2017.08.03 13:21:36.522,9.37304,9.37491,1.22,1.60
2017.08.03 13:21:36.624,9.37304,9.37491,1.22,1.60
2017.08.03 13:21:37.291,9.37304,9.37491,1.22,1.60
2017.08.03 13:21:37.444,9.37304,9.37491,1.22,1.60
2017.08.03 13:21:37.951,9.37304,9.37488,1.22,2.10
2017.08.03 13:21:38.004,9.37304,9.37491,1.22,2.85
2017.08.03 13:21:38.279,9.37304,9.37491,1.22,1.60
2017.08.03 13:21:38.649,9.37304,9.37485,1.22,2.10
2017.08.03 13:21:38.700,9.37304,9.37491,1.22,1.60
2017.08.03 13:21:38.853,9.37304,9.37486,1.00,2.10
2017.08.03 13:21:39.157,9.37304,9.37479,1.00,2.10
2017.08.03 13:21:39.329,9.37304,9.3748,1.00,2.10
2017.08.03 13:21:39.865,9.37304,9.37482,1.00,2.10
2017.08.03 13:21:40.376,9.37304,9.37492,1.00,2.10
2017.08.03 13:21:40.427,9.37304,9.37489,1.00,2.10
2017.08.03 13:21:40.775,9.37304,9.37482,1.00,2.10
2017.08.03 13:21:40.877,9.37304,9.37484,1.00,2.10
2017.08.03 13:21:41.256,9.37304,9.3748,1.00,2.10
2017.08.03 13:21:41.572,9.37304,9.37479,1.00,2.10
2017.08.03 13:21:41.623,9.37304,9.37482,1.00,2.10
2017.08.03 13:21:42.690,9.37304,9.37479,1.00,2.10
2017.08.03 13:21:42.791,9.37304,9.37481,1.00,2.10
2017.08.03 13:21:43.100,9.37304,9.37479,1.00,2.10
2017.08.03 13:21:44.276,9.37304,9.37479,1.00,2.10
2017.08.03 13:21:44.327,9.37304,9.37483,1.00,2.10
2017.08.03 13:21:45.025,9.37304,9.37482,1.00,2.10
2017.08.03 13:21:46.919,9.37304,9.37484,1.00,2.10
2017.08.03 13:21:47.020,9.37304,9.37482,1.00,2.10
2017.08.03 13:21:47.122,9.37304,9.37484,1.00,2.10
2017.08.03 13:21:47.253,9.37304,9.37487,1.00,2.10
2017.08.03 13:21:48.357,9.37304,9.37486,1.00,2.10
2017.08.03 13:21:49.072,9.37304,9.37483,1.00,2.10
2017.08.03 13:21:49.123,9.37304,9.37491,1.22,3.60
2017.08.03 13:21:49.630,9.37304,9.3749,1.22,2.10
2017.08.03 13:21:49.732,9.37304,9.37488,1.22,2.10
2017.08.03 13:21:49.834,9.37304,9.3749,1.22,2.10
2017.08.03 13:21:49.936,9.37304,9.37488,1.22,2.10
2017.08.03 13:21:50.286,9.37304,9.37483,1.22,2.10
2017.08.03 13:21:50.799,9.37304,9.37483,1.22,2.10
2017.08.03 13:21:50.850,9.37304,9.37492,1.22,1.60
2017.08.03 13:21:50.901,9.37304,9.37492,1.22,1.60
2017.08.03 13:21:51.104,9.37304,9.37492,1.00,2.10
2017.08.03 13:21:51.907,9.37304,9.3749,1.00,2.10
2017.08.03 13:21:52.432,9.37304,9.3749,1.22,2.10
2017.08.03 13:21:52.686,9.37304,9.37488,1.00,2.10
2017.08.03 13:21:52.737,9.37304,9.37485,1.00,2.10
2017.08.03 13:21:53.689,9.37304,9.37483,1.00,2.10
2017.08.03 13:21:54.133,9.37304,9.37484,1.00,2.10
2017.08.03 13:21:54.501,9.37304,9.37487,1.00,2.10
2017.08.03 13:21:54.958,9.37304,9.37489,1.00,2.10
2017.08.03 13:21:55.161,9.37304,9.37495,1.00,2.10
2017.08.03 13:21:55.552,9.37304,9.3749,1.00,2.10
2017.08.03 13:21:55.705,9.37304,9.37491,1.00,2.10
2017.08.03 13:21:55.756,9.37304,9.37494,1.00,2.10
2017.08.03 13:21:55.807,9.37304,9.37493,1.00,2.10
2017.08.03 13:21:56.516,9.37304,9.37492,1.00,2.10
2017.08.03 13:21:56.725,9.37304,9.37496,1.00,2.10
2017.08.03 13:21:56.827,9.37304,9.37493,1.00,2.10
2017.08.03 13:21:57.030,9.37304,9.37495,1.00,2.10
2017.08.03 13:21:57.536,9.37304,9.37493,1.00,2.10
2017.08.03 13:21:58.587,9.37304,9.37492,1.00,2.10
2017.08.03 13:22:00.420,9.37304,9.37489,1.00,2.10
2017.08.03 13:22:00.722,9.37304,9.37489,1.22,2.10
2017.08.03 13:22:01.322,9.37304,9.37491,1.22,2.10
2017.08.03 13:22:01.468,9.37304,9.3749,1.22,2.10
2017.08.03 13:22:01.811,9.37304,9.37488,1.22,2.10
2017.08.03 13:22:01.912,9.37304,9.37491,1.22,2.10
2017.08.03 13:22:02.279,9.37304,9.37491,1.00,2.10
2017.08.03 13:22:03.512,9.37314,9.37491,1.00,2.10
2017.08.03 13:22:03.623,9.37304,9.37491,1.22,2.85
2017.08.03 13:22:03.827,9.37304,9.37491,1.22,1.60
2017.08.03 13:22:03.980,9.37304,9.37491,1.22,2.85
2017.08.03 13:22:04.509,9.37304,9.37488,1.22,2.10
2017.08.03 13:22:04.611,9.37304,9.37488,1.00,2.10
2017.08.03 13:22:04.663,9.37304,9.37488,1.22,2.10
2017.08.03 13:22:05.197,9.37304,9.37491,1.22,1.60
2017.08.03 13:22:05.515,9.37304,9.37489,1.22,2.10
2017.08.03 13:22:05.994,9.37304,9.37491,1.22,1.60
2017.08.03 13:22:06.523,9.37304,9.3749,1.22,2.10
2017.08.03 13:22:06.896,9.37304,9.37488,1.22,2.10
2017.08.03 13:22:07.545,9.37304,9.3749,1.22,2.10
2017.08.03 13:22:07.947,9.37304,9.37487,1.22,2.10
2017.08.03 13:22:07.998,9.37304,9.37488,1.22,2.10
2017.08.03 13:22:08.099,9.37304,9.37487,1.22,2.10
2017.08.03 13:22:08.302,9.37304,9.37489,1.00,2.10
2017.08.03 13:22:08.474,9.37304,9.3749,1.22,2.10
2017.08.03 13:22:08.677,9.37304,9.37491,1.22,1.60
2017.08.03 13:22:08.986,9.37304,9.37491,1.22,2.85
2017.08.03 13:22:09.633,9.37304,9.3749,1.22,2.10
2017.08.03 13:22:10.136,9.37304,9.37491,1.22,2.85
2017.08.03 13:22:10.625,9.37304,9.37482,1.00,2.10
2017.08.03 13:22:10.778,9.37304,9.37485,1.00,2.10
2017.08.03 13:22:10.829,9.37304,9.37482,1.00,2.10
2017.08.03 13:22:11.099,9.37304,9.37484,1.00,2.10
2017.08.03 13:22:11.618,9.37304,9.37482,1.00,2.10
2017.08.03 13:22:12.108,9.37304,9.37484,1.00,2.10
2017.08.03 13:22:12.159,9.37304,9.37491,1.00,2.85
2017.08.03 13:22:12.415,9.37304,9.37491,1.22,2.85
2017.08.03 13:22:12.728,9.37304,9.37483,1.00,2.10
2017.08.03 13:22:13.396,9.37304,9.37481,1.00,2.10
2017.08.03 13:22:13.447,9.37304,9.37487,1.00,2.10
2017.08.03 13:22:13.746,9.37304,9.3748,1.00,2.10
2017.08.03 13:22:13.897,9.37304,9.37483,1.00,2.10
2017.08.03 13:22:14.151,9.37304,9.37488,1.00,2.10
2017.08.03 13:22:14.456,9.37304,9.37483,1.00,2.10
2017.08.03 13:22:14.958,9.37304,9.37478,1.00,2.10
2017.08.03 13:22:15.009,9.37304,9.3748,1.00,2.10
2017.08.03 13:22:15.060,9.37304,9.37485,1.00,2.10
2017.08.03 13:22:15.111,9.37304,9.37483,1.00,2.10
2017.08.03 13:22:15.264,9.37292,9.3748,1.00,2.10
2017.08.03 13:22:15.416,9.37292,9.37477,1.00,2.10
2017.08.03 13:22:16.421,9.37291,9.37478,1.00,2.10
2017.08.03 13:22:16.727,9.37291,9.37475,1.00,2.10
2017.08.03 13:22:17.057,9.37291,9.37469,1.00,2.10
2017.08.03 13:22:17.293,9.37291,9.37471,1.00,2.85
2017.08.03 13:22:17.688,9.37285,9.3747,1.00,2.10
2017.08.03 13:22:17.739,9.37285,9.37468,1.00,2.10
2017.08.03 13:22:17.892,9.37285,9.37472,1.00,2.10
2017.08.03 13:22:17.994,9.37285,9.37485,1.00,2.10
2017.08.03 13:22:18.045,9.37285,9.37487,1.00,2.10
2017.08.03 13:22:18.349,9.37285,9.37481,1.00,2.10
2017.08.03 13:22:18.653,9.37281,9.3745,1.00,2.10
2017.08.03 13:22:18.805,9.37281,9.37452,1.00,2.10
2017.08.03 13:22:18.856,9.37281,9.37455,1.00,2.10
2017.08.03 13:22:18.907,9.37281,9.37461,1.00,2.10
2017.08.03 13:22:19.195,9.37281,9.37465,1.00,2.10
2017.08.03 13:22:19.875,9.37281,9.37467,1.00,2.10
2017.08.03 13:22:19.926,9.37281,9.3747,1.00,2.10
2017.08.03 13:22:20.192,9.37281,9.37468,1.00,2.10
2017.08.03 13:22:20.818,9.37281,9.37467,1.00,2.10
2017.08.03 13:22:21.818,9.37281,9.37464,1.00,2.10
2017.08.03 13:22:21.869,9.37281,9.37467,1.00,2.10
2017.08.03 13:22:22.097,9.37281,9.37464,1.00,2.10
2017.08.03 13:22:22.148,9.37281,9.37466,1.00,2.10
2017.08.03 13:22:22.300,9.37281,9.37468,1.00,2.10
2017.08.03 13:22:22.452,9.37281,9.37466,1.00,2.10
2017.08.03 13:22:22.756,9.37281,9.37469,1.22,2.10
2017.08.03 13:22:22.859,9.37281,9.37471,1.22,2.10
2017.08.03 13:22:23.062,9.37281,9.37471,1.00,2.10
2017.08.03 13:22:23.224,9.37281,9.37469,1.00,2.10
2017.08.03 13:22:23.579,9.37281,9.37469,1.22,2.10
2017.08.03 13:22:24.366,9.37281,9.37471,1.22,2.85
2017.08.03 13:22:24.417,9.37281,9.37468,1.00,2.10
2017.08.03 13:22:24.468,9.37281,9.37464,1.00,2.10
2017.08.03 13:22:24.671,9.37281,9.37472,1.22,2.10
2017.08.03 13:22:24.722,9.37304,9.37475,1.00,2.10
2017.08.03 13:22:24.824,9.37304,9.37485,1.00,1.60
2017.08.03 13:22:25.054,9.37304,9.37491,1.00,1.60
2017.08.03 13:22:25.106,9.37304,9.37491,1.00,1.60
2017.08.03 13:22:25.458,9.37304,9.37491,1.00,1.60
2017.08.03 13:22:25.951,9.37304,9.37491,1.00,1.60
2017.08.03 13:22:26.022,9.37304,9.37491,1.00,1.60
2017.08.03 13:22:26.073,9.37304,9.37507,1.00,2.10
2017.08.03 13:22:26.125,9.37354,9.37507,1.00,1.00
2017.08.03 13:22:26.176,9.37354,9.37516,1.00,1.50
2017.08.03 13:22:26.227,9.37383,9.37516,1.00,1.50
2017.08.03 13:22:26.431,9.37404,9.37577,1.00,1.60
2017.08.03 13:22:26.533,9.37404,9.37571,1.00,1.50
2017.08.03 13:22:26.584,9.37404,9.37571,1.00,2.10
2017.08.03 13:22:26.927,9.37387,9.37561,1.00,2.10
2017.08.03 13:22:27.028,9.37387,9.37565,1.00,2.10
2017.08.03 13:22:27.390,9.37373,9.37552,1.00,1.60
2017.08.03 13:22:27.442,9.37373,9.37552,1.00,2.85
2017.08.03 13:22:27.696,9.37373,9.37552,1.00,1.60
2017.08.03 13:22:27.797,9.37373,9.37543,1.00,1.60
2017.08.03 13:22:28.099,9.37373,9.37542,1.00,1.60
2017.08.03 13:22:28.150,9.37373,9.37542,1.00,1.60
2017.08.03 13:22:28.201,9.37373,9.37542,1.00,1.35
2017.08.03 13:22:28.354,9.37373,9.37552,1.00,1.60
2017.08.03 13:22:28.607,9.37373,9.37562,1.00,1.60
2017.08.03 13:22:29.158,9.37391,9.37562,1.00,1.60
2017.08.03 13:22:29.446,9.37381,9.37562,1.00,1.60
2017.08.03 13:22:29.497,9.37381,9.37562,1.00,2.85
2017.08.03 13:22:31.347,9.37381,9.37559,1.00,2.10
2017.08.03 13:22:31.398,9.37381,9.37562,1.00,1.60
2017.08.03 13:22:32.578,9.37381,9.37542,1.00,1.00
2017.08.03 13:22:32.882,9.37381,9.37552,1.00,1.60
2017.08.03 13:22:32.984,9.37381,9.37552,1.00,1.60
2017.08.03 13:22:33.187,9.37381,9.37552,1.00,1.60
2017.08.03 13:22:33.491,9.37381,9.37552,1.00,1.60
2017.08.03 13:22:33.847,9.37365,9.37542,1.00,1.60
2017.08.03 13:22:33.948,9.37365,9.37542,1.00,1.60
2017.08.03 13:22:35.127,9.37355,9.37532,1.00,1.60
2017.08.03 13:22:35.334,9.37355,9.37532,1.00,1.60
2017.08.03 13:22:35.385,9.37355,9.37532,1.22,1.00
2017.08.03 13:22:36.674,9.37374,9.37542,1.00,1.60
2017.08.03 13:22:36.725,9.37374,9.37542,1.00,1.60
2017.08.03 13:22:36.777,9.37364,9.37542,1.00,1.60
2017.08.03 13:22:36.879,9.37374,9.37552,1.00,1.60
2017.08.03 13:22:37.219,9.37383,9.37552,1.00,1.60
2017.08.03 13:22:37.367,9.37383,9.37552,1.00,1.00
2017.08.03 13:22:37.522,9.37383,9.37572,1.00,2.10
2017.08.03 13:22:38.114,9.37383,9.37552,1.00,1.00
2017.08.03 13:22:38.476,9.37383,9.37552,1.00,1.60
2017.08.03 13:22:38.527,9.37383,9.37552,1.00,1.00
2017.08.03 13:22:40.448,9.37383,9.37575,1.00,2.10
2017.08.03 13:22:42.925,9.37383,9.37568,1.00,2.10
2017.08.03 13:22:43.608,9.37383,9.37562,1.00,2.10
2017.08.03 13:22:44.792,9.37383,9.37563,1.00,2.10
2017.08.03 13:22:45.416,9.37383,9.3756,1.00,2.10
2017.08.03 13:22:46.275,9.37383,9.37557,1.00,2.10
2017.08.03 13:22:46.916,9.37383,9.3756,1.00,2.10
2017.08.03 13:22:47.688,9.37383,9.37571,1.00,2.10
2017.08.03 13:22:49.847,9.37383,9.37567,1.00,2.10
2017.08.03 13:22:50.197,9.37383,9.37557,1.00,2.10
2017.08.03 13:22:50.374,9.37383,9.37569,1.00,2.10
2017.08.03 13:22:50.997,9.37383,9.37578,1.00,2.10
2017.08.03 13:22:51.297,9.37383,9.37575,1.00,2.10
2017.08.03 13:22:52.922,9.37383,9.37567,1.00,2.10
2017.08.03 13:22:53.177,9.37385,9.3757,1.00,2.10
2017.08.03 13:22:53.230,9.3742,9.37576,1.00,2.10
2017.08.03 13:22:53.332,9.3742,9.37579,1.00,2.10
2017.08.03 13:22:53.434,9.3742,9.37577,1.00,2.10
2017.08.03 13:22:53.485,9.3742,9.37579,1.00,2.10
2017.08.03 13:22:53.587,9.3742,9.37581,1.00,2.10
2017.08.03 13:22:54.189,9.3742,9.37583,1.00,2.10
2017.08.03 13:22:54.638,9.3742,9.37581,1.00,2.10
2017.08.03 13:22:54.739,9.3742,9.37583,1.00,2.10
2017.08.03 13:22:55.789,9.3742,9.37581,1.00,2.10
2017.08.03 13:22:57.553,9.3742,9.37577,1.00,2.10
2017.08.03 13:22:57.605,9.3742,9.3759,1.00,1.00
2017.08.03 13:23:03.144,9.3742,9.37595,1.00,1.00
2017.08.03 13:23:03.196,9.3742,9.37592,1.00,1.00
2017.08.03 13:23:03.551,9.3742,9.37595,1.00,1.00
2017.08.03 13:23:04.103,9.3742,9.37592,1.00,1.00
2017.08.03 13:23:05.627,9.3742,9.37582,1.00,1.00
2017.08.03 13:23:05.729,9.37408,9.37572,1.00,1.00
2017.08.03 13:23:05.895,9.37393,9.37562,1.00,1.00
2017.08.03 13:23:05.996,9.37393,9.37572,1.00,1.00
2017.08.03 13:23:06.048,9.37403,9.37563,1.00,1.00
2017.08.03 13:23:06.150,9.37394,9.37572,1.00,1.00
2017.08.03 13:23:08.485,9.37394,9.37562,1.00,1.00
2017.08.03 13:23:09.254,9.37394,9.37572,1.00,1.00
2017.08.03 13:23:09.305,9.37404,9.37572,1.00,1.00
2017.08.03 13:23:09.610,9.37404,9.37585,1.00,1.50
2017.08.03 13:23:17.126,9.37404,9.37584,1.00,1.00
2017.08.03 13:23:18.720,9.37404,9.37582,1.00,1.00
2017.08.03 13:23:26.225,9.37404,9.37584,1.00,1.00
2017.08.03 13:23:26.958,9.37409,9.37586,1.00,1.00
2017.08.03 13:23:27.263,9.37432,9.3759,1.00,1.00
2017.08.03 13:23:34.856,9.37466,9.3758,1.00,1.00
2017.08.03 13:23:35.009,9.37516,9.37641,1.00,1.00
2017.08.03 13:23:35.111,9.37516,9.37682,1.00,1.00
2017.08.03 13:23:35.162,9.37532,9.37682,1.00,1.00
2017.08.03 13:23:35.213,9.37532,9.37693,1.00,1.00
2017.08.03 13:23:35.265,9.37515,9.37692,1.00,1.00
2017.08.03 13:23:35.316,9.37533,9.37692,1.00,1.00
2017.08.03 13:23:35.367,9.37533,9.37702,1.00,1.00
2017.08.03 13:23:35.418,9.37533,9.37707,1.00,1.00
2017.08.03 13:23:35.469,9.37543,9.37711,1.00,1.00
2017.08.03 13:23:35.774,9.37543,9.37702,1.00,1.00
2017.08.03 13:23:35.945,9.37543,9.37709,1.00,1.00
2017.08.03 13:23:36.047,9.37553,9.37712,1.00,1.00
2017.08.03 13:23:36.575,9.37564,9.37722,1.00,1.00
2017.08.03 13:23:36.728,9.37579,9.37742,1.00,1.00
2017.08.03 13:23:36.779,9.37579,9.37752,1.00,1.00
2017.08.03 13:23:36.830,9.37597,9.37753,1.00,1.00
2017.08.03 13:23:36.881,9.37597,9.37755,1.00,1.00
2017.08.03 13:23:36.932,9.37613,9.37768,1.00,1.00
2017.08.03 13:23:37.033,9.37613,9.37772,1.00,1.00
2017.08.03 13:23:37.186,9.37606,9.37772,1.00,1.00
2017.08.03 13:23:37.439,9.37618,9.37772,1.00,1.00
2017.08.03 13:23:37.786,9.37607,9.37786,1.00,1.00
2017.08.03 13:23:37.837,9.37607,9.37782,1.00,1.00
2017.08.03 13:23:38.142,9.37625,9.37772,1.00,1.00
2017.08.03 13:23:39.158,9.37625,9.37762,1.00,1.00
2017.08.03 13:23:39.771,9.37625,9.37763,1.00,1.00
2017.08.03 13:23:41.723,9.37625,9.37762,1.00,1.00
2017.08.03 13:23:43.049,9.3761,9.37762,1.00,1.00
2017.08.03 13:23:43.100,9.3761,9.37742,1.00,1.00
2017.08.03 13:23:43.151,9.37592,9.37742,1.00,1.00
2017.08.03 13:23:43.203,9.37592,9.37722,1.00,1.00
2017.08.03 13:23:43.254,9.37568,9.37712,1.00,1.00
2017.08.03 13:23:43.431,9.37534,9.37652,1.00,1.00
2017.08.03 13:23:43.533,9.37493,9.37632,1.00,1.00
2017.08.03 13:23:43.584,9.37468,9.37612,1.00,1.00
2017.08.03 13:23:43.635,9.37447,9.37602,1.00,1.00
2017.08.03 13:23:43.737,9.37429,9.37592,1.00,1.00
2017.08.03 13:23:43.940,9.3742,9.37592,1.00,1.00
2017.08.03 13:23:44.194,9.37411,9.37592,1.00,1.00
2017.08.03 13:23:44.296,9.37411,9.37602,1.52,1.00
2017.08.03 13:23:46.726,9.3742,9.37592,1.27,1.00
2017.08.03 13:23:47.866,9.3742,9.37616,1.52,1.00
2017.08.03 13:23:47.917,9.3742,9.37621,1.52,1.50
2017.08.03 13:23:47.968,9.37431,9.37623,1.52,1.00
2017.08.03 13:23:48.657,9.37443,9.37622,1.52,1.00
2017.08.03 13:23:54.273,9.37435,9.37615,1.00,1.00
2017.08.03 13:23:54.406,9.37435,9.37602,1.00,1.00
2017.08.03 13:23:54.712,9.37427,9.37592,1.00,1.00
2017.08.03 13:23:55.436,9.37418,9.37592,1.00,1.00
2017.08.03 13:23:58.785,9.37418,9.37602,1.00,1.00
2017.08.03 13:23:59.354,9.37428,9.37602,1.00,1.00
2017.08.03 13:24:02.084,9.37428,9.37592,1.00,1.00
2017.08.03 13:24:02.248,9.3742,9.37592,1.00,1.00
2017.08.03 13:24:02.401,9.3742,9.37602,1.00,1.00
2017.08.03 13:24:02.692,9.3742,9.37592,1.00,1.00
2017.08.03 13:24:03.006,9.3742,9.37602,1.00,1.00
2017.08.03 13:24:03.159,9.3742,9.37619,1.00,1.00
2017.08.03 13:24:03.261,9.37432,9.37619,1.00,1.00
2017.08.03 13:24:03.363,9.37432,9.37621,1.00,1.50
2017.08.03 13:24:03.466,9.37432,9.37623,1.00,1.00
2017.08.03 13:24:03.822,9.3744,9.37623,1.00,1.00
2017.08.03 13:24:04.991,9.3744,9.37626,1.00,1.00
2017.08.03 13:24:05.829,9.3744,9.37626,1.00,1.00
2017.08.03 13:24:06.778,9.37453,9.37632,1.00,1.00
2017.08.03 13:24:07.043,9.37444,9.37632,1.00,1.00
2017.08.03 13:24:07.926,9.37444,9.37636,1.00,1.00
2017.08.03 13:24:08.628,9.37456,9.37646,1.00,1.00
2017.08.03 13:24:08.780,9.37471,9.37668,1.00,1.00
2017.08.03 13:24:10.237,9.3748,9.37668,1.00,1.00
2017.08.03 13:24:10.737,9.37493,9.37683,1.00,1.00
2017.08.03 13:24:10.789,9.37493,9.37689,1.00,1.00
2017.08.03 13:24:10.840,9.37518,9.37689,1.00,1.00
2017.08.03 13:24:10.892,9.37518,9.37703,1.00,1.00
2017.08.03 13:24:10.996,9.37518,9.37717,1.00,1.00
2017.08.03 13:24:12.079,9.37518,9.3772,1.00,1.00
2017.08.03 13:24:12.336,9.37518,9.37712,1.00,1.00
2017.08.03 13:24:12.673,9.37518,9.3772,1.00,1.00
2017.08.03 13:24:13.873,9.37529,9.3772,1.00,1.00
2017.08.03 13:24:14.210,9.37521,9.37712,1.00,1.00
2017.08.03 13:24:16.525,9.37521,9.3772,1.00,1.00
2017.08.03 13:24:17.010,9.37516,9.37712,1.00,1.00
2017.08.03 13:24:17.906,9.37516,9.3772,1.00,1.00
2017.08.03 13:24:17.957,9.37516,9.37712,1.00,1.00
2017.08.03 13:24:18.264,9.37527,9.3772,1.00,1.00
2017.08.03 13:24:18.594,9.37516,9.37702,1.00,1.00
2017.08.03 13:24:18.849,9.37516,9.37712,1.00,1.00
2017.08.03 13:24:19.248,9.37516,9.3772,1.00,1.00
2017.08.03 13:24:19.299,9.37527,9.3772,1.00,1.00
2017.08.03 13:24:19.772,9.37527,9.37712,1.00,1.00
2017.08.03 13:24:20.076,9.37527,9.37702,1.00,1.00
2017.08.03 13:24:20.199,9.37527,9.37712,1.00,1.00
2017.08.03 13:24:20.511,9.37527,9.3772,1.00,1.00
2017.08.03 13:24:21.476,9.37527,9.37706,1.00,1.00
2017.08.03 13:24:21.527,9.37517,9.37706,1.00,1.00
2017.08.03 13:24:21.629,9.37517,9.37703,1.00,1.00
2017.08.03 13:24:21.731,9.37517,9.37712,1.00,1.00
2017.08.03 13:24:21.782,9.37517,9.37718,1.00,1.00
2017.08.03 13:24:21.833,9.37526,9.37718,1.00,1.00
2017.08.03 13:24:22.147,9.37526,9.37712,1.00,1.00
2017.08.03 13:24:22.848,9.37526,9.37718,1.00,1.00
2017.08.03 13:24:23.360,9.37526,9.37719,1.00,1.00
2017.08.03 13:24:23.688,9.37517,9.37718,1.00,1.00
2017.08.03 13:24:24.485,9.37527,9.37718,1.00,1.00
2017.08.03 13:24:24.587,9.37527,9.3772,1.00,1.00
2017.08.03 13:24:24.946,9.37517,9.3772,1.00,1.00
2017.08.03 13:24:24.997,9.37517,9.37715,1.00,1.00
2017.08.03 13:24:25.773,9.37526,9.37715,1.00,1.00
2017.08.03 13:24:29.123,9.37526,9.37712,1.00,1.00
2017.08.03 13:24:29.427,9.37519,9.377,1.00,1.00
2017.08.03 13:24:30.655,9.37519,9.37714,1.00,1.00
2017.08.03 13:24:31.198,9.37518,9.37714,1.00,1.00
2017.08.03 13:24:32.932,9.37518,9.37702,1.00,1.00
2017.08.03 13:24:35.129,9.37527,9.37714,1.00,1.00
2017.08.03 13:24:38.441,9.37527,9.37712,1.00,1.00
2017.08.03 13:24:38.492,9.37514,9.377,1.00,1.00
2017.08.03 13:24:41.998,9.37524,9.37716,1.00,1.00
2017.08.03 13:24:42.840,9.37524,9.37713,1.00,1.00
2017.08.03 13:24:43.144,9.37519,9.37691,1.00,1.00
2017.08.03 13:24:43.348,9.37519,9.37702,1.00,1.00
2017.08.03 13:24:46.375,9.37528,9.37716,1.00,1.00
2017.08.03 13:24:46.909,9.37517,9.37705,1.00,1.00
2017.08.03 13:24:48.366,9.37526,9.37716,1.00,1.00
2017.08.03 13:24:48.828,9.37526,9.37712,1.00,1.00
2017.08.03 13:24:48.981,9.37517,9.37712,1.00,1.00
2017.08.03 13:24:49.666,9.37517,9.37713,1.00,1.00
2017.08.03 13:24:49.767,9.37527,9.37716,1.52,1.00
2017.08.03 13:24:50.288,9.37527,9.3771,1.00,1.00
2017.08.03 13:24:50.872,9.37527,9.37716,1.00,1.00
2017.08.03 13:24:51.399,9.37518,9.37704,1.00,1.00
2017.08.03 13:24:52.887,9.37518,9.37711,1.27,1.00
2017.08.03 13:24:52.938,9.37528,9.37711,1.00,1.00
2017.08.03 13:24:52.989,9.37528,9.37722,1.00,1.00
2017.08.03 13:24:53.315,9.37528,9.37713,1.00,1.00
2017.08.03 13:24:53.417,9.37508,9.37702,1.00,1.00
2017.08.03 13:24:53.519,9.37518,9.37702,1.00,1.00
2017.08.03 13:24:54.448,9.37518,9.37712,1.00,1.00
2017.08.03 13:24:54.971,9.37504,9.37712,1.52,1.00
2017.08.03 13:24:55.022,9.37504,9.37702,1.00,1.00
2017.08.03 13:24:55.328,9.37504,9.37692,1.00,1.00
2017.08.03 13:24:55.835,9.37504,9.37693,1.00,1.00
2017.08.03 13:24:55.991,9.37493,9.37692,1.00,1.50
2017.08.03 13:24:56.143,9.37506,9.37692,1.00,1.50
2017.08.03 13:24:56.469,9.37506,9.37673,1.00,1.00
2017.08.03 13:24:56.572,9.37496,9.37673,1.00,1.00
2017.08.03 13:24:56.826,9.37479,9.37672,1.00,1.00
2017.08.03 13:24:56.878,9.37479,9.37667,1.00,1.00
2017.08.03 13:24:57.031,9.37469,9.37667,1.00,1.00
2017.08.03 13:24:57.555,9.37469,9.37668,1.00,1.00
2017.08.03 13:24:57.810,9.37469,9.37682,1.00,1.00
2017.08.03 13:24:57.962,9.37478,9.37682,1.00,1.00
2017.08.03 13:24:58.267,9.37471,9.37668,1.00,1.00
2017.08.03 13:24:58.608,9.37481,9.3768,1.00,1.00
2017.08.03 13:25:03.024,9.37481,9.37678,1.00,1.00
2017.08.03 13:25:03.531,9.37471,9.37678,1.00,1.00
2017.08.03 13:25:03.956,9.37471,9.37672,1.00,1.00
2017.08.03 13:25:04.260,9.3748,9.37678,1.00,1.00
2017.08.03 13:25:04.516,9.37471,9.37678,1.00,1.00
2017.08.03 13:25:04.618,9.37471,9.37667,1.00,1.00
2017.08.03 13:25:05.075,9.3748,9.37667,1.00,1.00
2017.08.03 13:25:05.126,9.3748,9.37672,1.00,1.00
2017.08.03 13:25:05.177,9.3748,9.37678,1.00,1.00
2017.08.03 13:25:05.570,9.37471,9.37678,1.00,1.00
2017.08.03 13:25:05.621,9.37471,9.37669,1.00,1.00
2017.08.03 13:25:06.215,9.37471,9.37682,1.00,1.50
2017.08.03 13:25:06.698,9.37471,9.37669,1.00,1.00
2017.08.03 13:25:07.231,9.37471,9.37682,1.00,1.00
2017.08.03 13:25:07.333,9.37482,9.37682,1.00,1.00
2017.08.03 13:25:07.715,9.37475,9.37681,1.00,1.00
2017.08.03 13:25:07.816,9.37475,9.37669,1.00,1.00
2017.08.03 13:25:08.318,9.37475,9.37682,1.00,1.00
2017.08.03 13:25:08.842,9.37475,9.37681,1.00,1.00
2017.08.03 13:25:08.893,9.37475,9.37663,1.00,1.00
2017.08.03 13:25:09.289,9.37483,9.37675,1.00,1.00
2017.08.03 13:25:09.391,9.37483,9.37682,1.00,1.00
2017.08.03 13:25:09.740,9.37483,9.37672,1.00,1.00
2017.08.03 13:25:09.791,9.37476,9.37672,1.00,1.00
2017.08.03 13:25:10.045,9.37476,9.37666,1.00,1.00
2017.08.03 13:25:11.785,9.37476,9.37672,1.00,1.00
2017.08.03 13:25:11.996,9.37476,9.3767,1.00,1.00
2017.08.03 13:25:12.580,9.37476,9.3767,1.52,1.00
2017.08.03 13:25:14.770,9.37476,9.3767,1.52,1.00
2017.08.03 13:25:14.821,9.37476,9.37682,1.52,1.00
2017.08.03 13:25:14.974,9.37485,9.37684,1.52,1.00
2017.08.03 13:25:15.025,9.37485,9.37684,1.52,1.00
2017.08.03 13:25:15.452,9.37485,9.37682,1.52,1.00
2017.08.03 13:25:15.781,9.3748,9.37652,1.00,1.00
2017.08.03 13:25:15.933,9.37468,9.37641,1.00,1.00
2017.08.03 13:25:16.719,9.37461,9.37641,1.00,1.00
2017.08.03 13:25:16.770,9.37461,9.37652,1.00,1.50
2017.08.03 13:25:16.871,9.37453,9.37641,1.00,1.00
2017.08.03 13:25:16.922,9.37438,9.37641,1.52,1.50
2017.08.03 13:25:16.974,9.37438,9.37631,1.00,1.00
2017.08.03 13:25:17.126,9.3744,9.37643,1.52,1.00
2017.08.03 13:25:17.209,9.37455,9.37643,1.00,1.00
2017.08.03 13:25:17.514,9.37455,9.37652,1.52,1.00
2017.08.03 13:25:17.618,9.37443,9.37651,1.52,1.00
2017.08.03 13:25:17.669,9.37443,9.37642,1.52,1.00
2017.08.03 13:25:18.578,9.37443,9.37651,1.52,1.00
2017.08.03 13:25:18.681,9.3746,9.37651,1.52,1.00
2017.08.03 13:25:18.783,9.3746,9.37662,1.52,1.00
2017.08.03 13:25:19.088,9.37456,9.37652,1.52,1.00
2017.08.03 13:25:19.140,9.37448,9.37642,1.52,1.00
2017.08.03 13:25:19.242,9.37437,9.37632,1.52,1.00
2017.08.03 13:25:19.798,9.37437,9.37616,1.52,1.50
2017.08.03 13:25:19.850,9.37425,9.37612,1.00,1.00
2017.08.03 13:25:19.901,9.37425,9.3761,1.00,1.00
2017.08.03 13:25:19.952,9.37401,9.37594,1.00,1.00
2017.08.03 13:25:20.003,9.37401,9.37582,1.00,1.00
2017.08.03 13:25:20.055,9.37401,9.37594,1.00,1.00
2017.08.03 13:25:20.106,9.37401,9.37606,1.52,1.60
2017.08.03 13:25:20.258,9.37401,9.3761,1.52,1.00
2017.08.03 13:25:31.982,9.37407,9.37611,1.52,1.00
2017.08.03 13:25:32.714,9.374,9.3761,1.52,1.00
2017.08.03 13:25:33.391,9.37411,9.37614,2.77,1.00
2017.08.03 13:25:33.493,9.37411,9.37617,2.77,1.50
2017.08.03 13:25:34.383,9.37412,9.37616,2.02,1.50
2017.08.03 13:25:34.434,9.37408,9.3761,1.52,1.00
2017.08.03 13:25:36.090,9.37416,9.3761,1.52,1.00
2017.08.03 13:25:38.096,9.37438,9.3761,1.52,1.00
2017.08.03 13:25:38.147,9.37452,9.37629,1.00,1.00
2017.08.03 13:25:38.198,9.37468,9.37642,1.52,1.00
2017.08.03 13:25:38.300,9.37479,9.37662,2.02,1.00
2017.08.03 13:25:38.433,9.37482,9.37678,1.52,1.00
2017.08.03 13:25:39.540,9.37501,9.37693,2.10,1.50
2017.08.03 13:25:39.591,9.37519,9.37713,1.00,1.50
2017.08.03 13:25:39.642,9.37519,9.37713,1.52,1.00
2017.08.03 13:25:39.946,9.37519,9.37691,1.00,1.00
2017.08.03 13:25:40.250,9.37493,9.37662,1.00,1.00
2017.08.03 13:25:40.301,9.37474,9.37662,1.00,1.00
2017.08.03 13:25:40.849,9.37474,9.37663,1.00,1.00
2017.08.03 13:25:41.360,9.37474,9.37662,1.00,1.00
2017.08.03 13:25:41.879,9.37468,9.37646,1.00,1.00
2017.08.03 13:25:42.183,9.37462,9.37617,1.00,1.00
2017.08.03 13:25:42.234,9.37462,9.37626,1.00,1.00
2017.08.03 13:25:42.387,9.37468,9.37636,1.00,1.00
2017.08.03 13:25:42.488,9.37468,9.37649,1.00,1.00
2017.08.03 13:25:42.539,9.37477,9.37649,1.00,1.00
2017.08.03 13:25:42.642,9.37462,9.37649,1.00,1.00
2017.08.03 13:25:42.953,9.37462,9.37636,1.00,1.00
2017.08.03 13:25:43.530,9.37462,9.37649,1.00,1.00
2017.08.03 13:25:43.581,9.37467,9.37649,1.00,1.00
2017.08.03 13:25:43.886,9.37476,9.37649,1.00,1.00
2017.08.03 13:25:44.626,9.37476,9.37663,1.00,1.00
2017.08.03 13:25:44.731,9.37476,9.37653,1.00,1.00
2017.08.03 13:25:51.265,9.37476,9.37653,1.52,1.00
2017.08.03 13:25:52.859,9.37476,9.37654,1.00,1.00
2017.08.03 13:25:52.910,9.37467,9.37636,1.00,1.00
2017.08.03 13:25:56.607,9.37459,9.37636,1.50,1.00
2017.08.03 13:25:56.901,9.37467,9.37626,1.00,1.00
2017.08.03 13:26:03.467,9.37463,9.37606,1.00,1.00
2017.08.03 13:26:03.569,9.37447,9.37606,1.00,1.00
2017.08.03 13:26:03.831,9.37444,9.37606,1.00,1.00
2017.08.03 13:26:05.584,9.37444,9.37622,1.00,1.50
2017.08.03 13:26:05.635,9.37436,9.37622,1.00,1.50
2017.08.03 13:26:05.737,9.37436,9.37602,1.00,1.00
2017.08.03 13:26:24.956,9.37419,9.37586,1.00,1.00
2017.08.03 13:26:25.159,9.37408,9.37586,1.00,1.00
2017.08.03 13:26:25.615,9.37408,9.37576,1.00,1.00
2017.08.03 13:26:25.666,9.374,9.37576,1.00,1.00
2017.08.03 13:26:25.717,9.37388,9.37563,1.00,1.00
2017.08.03 13:26:25.819,9.37354,9.37552,1.00,1.00
2017.08.03 13:26:25.982,9.37351,9.37552,1.00,1.00
2017.08.03 13:26:26.033,9.37351,9.37549,1.00,1.00
2017.08.03 13:26:26.186,9.37328,9.37532,1.00,1.00
2017.08.03 13:26:26.339,9.37328,9.37522,1.00,1.00
2017.08.03 13:26:26.695,9.37323,9.37522,1.00,1.00
2017.08.03 13:26:27.424,9.37323,9.37532,1.00,1.50
2017.08.03 13:26:28.198,9.37331,9.37532,1.00,1.00
2017.08.03 13:26:28.831,9.37324,9.37532,1.00,1.50
2017.08.03 13:26:30.938,9.37324,9.37522,1.00,1.00
2017.08.03 13:26:33.970,9.37311,9.37512,1.00,1.00
2017.08.03 13:26:34.122,9.37306,9.37512,1.50,1.00
2017.08.03 13:26:34.376,9.37306,9.37522,1.50,1.00
2017.08.03 13:26:35.064,9.37313,9.37512,1.00,1.00
2017.08.03 13:26:35.217,9.37306,9.37512,1.00,1.00
2017.08.03 13:26:35.438,9.37306,9.37519,1.00,1.00
2017.08.03 13:26:35.540,9.37306,9.37512,1.00,1.00
2017.08.03 13:26:35.845,9.37312,9.37513,1.00,1.00
2017.08.03 13:26:35.947,9.37312,9.37522,1.00,1.00
2017.08.03 13:26:37.154,9.37306,9.37512,1.00,1.00
2017.08.03 13:26:37.458,9.37229,9.37411,1.00,1.00
2017.08.03 13:26:37.509,9.37229,9.37446,1.00,1.35
2017.08.03 13:26:37.561,9.37246,9.37457,1.00,1.00
2017.08.03 13:26:37.868,9.37259,9.3747,1.00,1.00
2017.08.03 13:26:38.274,9.37254,9.37467,1.00,1.00
2017.08.03 13:26:39.598,9.37254,9.37462,1.00,1.00
2017.08.03 13:26:39.801,9.37254,9.37467,1.00,1.00
2017.08.03 13:26:39.852,9.37245,9.37466,1.52,1.00
2017.08.03 13:26:40.056,9.37272,9.37486,1.52,1.00
2017.08.03 13:26:40.209,9.37279,9.37492,1.52,1.50
2017.08.03 13:26:40.614,9.3729,9.37492,1.00,1.00
2017.08.03 13:26:40.665,9.3729,9.37502,1.00,1.00
2017.08.03 13:26:40.768,9.37285,9.37502,1.00,1.00
2017.08.03 13:26:40.921,9.37292,9.37502,1.00,1.00
2017.08.03 13:26:41.173,9.37285,9.37502,1.00,1.00
2017.08.03 13:26:41.325,9.37292,9.37502,1.00,1.00
2017.08.03 13:26:41.748,9.37292,9.37505,1.00,1.00
2017.08.03 13:26:41.850,9.37285,9.37502,1.00,1.00
2017.08.03 13:26:41.952,9.37298,9.37502,1.00,1.00
2017.08.03 13:26:49.892,9.37298,9.37513,1.00,1.00
2017.08.03 13:26:50.146,9.373,9.37518,1.00,1.00
2017.08.03 13:26:50.848,9.373,9.37513,1.00,1.00
2017.08.03 13:26:51.000,9.373,9.37518,1.00,1.00
2017.08.03 13:26:51.051,9.37305,9.37518,1.00,1.00
2017.08.03 13:26:52.003,9.37305,9.37521,1.00,1.00
2017.08.03 13:26:52.055,9.37301,9.37521,1.00,1.00
2017.08.03 13:26:52.252,9.37308,9.37521,1.00,1.00
2017.08.03 13:26:53.517,9.37314,9.37512,1.00,1.00
2017.08.03 13:26:53.821,9.37316,9.37512,1.00,1.00
2017.08.03 13:26:54.277,9.37316,9.37526,2.02,1.00
2017.08.03 13:26:54.933,9.37324,9.37526,1.00,1.00
2017.08.03 13:26:55.274,9.37335,9.37526,1.00,1.00
2017.08.03 13:26:56.320,9.37338,9.37526,1.00,1.00
2017.08.03 13:26:56.725,9.37335,9.37526,1.00,1.00
2017.08.03 13:26:57.031,9.3733,9.37526,1.00,1.00
2017.08.03 13:26:57.522,9.37337,9.37526,1.00,1.00
2017.08.03 13:26:58.419,9.37338,9.37527,1.00,1.00
2017.08.03 13:26:58.737,9.37348,9.37527,1.00,1.00
2017.08.03 13:27:00.421,9.37347,9.37527,1.00,1.00
2017.08.03 13:27:00.472,9.37348,9.37539,1.00,1.00
2017.08.03 13:27:00.523,9.37358,9.37539,1.00,1.00
2017.08.03 13:27:00.907,9.37348,9.37539,1.00,1.00
2017.08.03 13:27:00.958,9.37357,9.37539,1.00,1.00
2017.08.03 13:27:01.531,9.37358,9.37539,1.00,1.00
2017.08.03 13:27:02.272,9.37368,9.37539,1.00,1.00
2017.08.03 13:27:02.874,9.37367,9.37539,1.00,1.00
2017.08.03 13:27:03.383,9.37359,9.37539,1.00,1.00
2017.08.03 13:27:03.434,9.37351,9.37539,1.00,1.00
2017.08.03 13:27:03.485,9.37351,9.37526,1.00,1.00
2017.08.03 13:27:03.536,9.37347,9.37526,1.00,1.00
2017.08.03 13:27:03.639,9.37339,9.37526,1.00,1.00
2017.08.03 13:27:03.880,9.37326,9.37526,1.00,1.00
2017.08.03 13:27:03.932,9.37326,9.37522,1.00,1.00
2017.08.03 13:27:04.034,9.37323,9.37522,1.00,1.00
2017.08.03 13:27:04.136,9.37314,9.37522,1.00,1.00
2017.08.03 13:27:04.188,9.37314,9.37527,1.00,1.00
2017.08.03 13:27:04.239,9.3731,9.37526,1.00,1.00
2017.08.03 13:27:04.341,9.37327,9.37526,1.00,1.00
2017.08.03 13:27:04.748,9.37323,9.37526,1.00,1.00
2017.08.03 13:27:04.851,9.37319,9.37526,1.00,1.00
2017.08.03 13:27:04.953,9.37324,9.37526,1.00,1.00
2017.08.03 13:27:05.682,9.37326,9.37526,1.00,1.00
2017.08.03 13:27:05.987,9.37336,9.37526,1.00,1.00
2017.08.03 13:27:06.191,9.37326,9.37526,1.00,1.00
2017.08.03 13:27:06.814,9.37332,9.37526,1.00,1.00
2017.08.03 13:27:07.322,9.37343,9.37536,1.00,1.00
2017.08.03 13:27:07.623,9.37329,9.37526,1.52,1.00
2017.08.03 13:27:08.137,9.37336,9.37526,1.00,1.00
2017.08.03 13:27:08.593,9.37329,9.37526,1.00,1.00
2017.08.03 13:27:08.645,9.37329,9.3751,1.00,1.00
2017.08.03 13:27:08.747,9.37318,9.3751,1.00,1.00
2017.08.03 13:27:09.700,9.37318,9.37526,1.00,1.00
2017.08.03 13:27:10.529,9.37318,9.37527,1.27,1.00
2017.08.03 13:27:11.930,9.3732,9.37527,1.00,1.00
2017.08.03 13:27:12.381,9.37328,9.37527,1.00,1.00
2017.08.03 13:27:12.959,9.37336,9.37527,1.00,1.00
2017.08.03 13:27:14.422,9.37336,9.37526,1.00,1.00
2017.08.03 13:27:16.769,9.37328,9.37512,1.00,1.00
2017.08.03 13:27:16.820,9.3732,9.37512,1.00,1.00
2017.08.03 13:27:16.973,9.37306,9.3749,1.00,1.00
2017.08.03 13:27:17.075,9.3728,9.3747,1.00,1.00
2017.08.03 13:27:17.178,9.37275,9.3747,1.00,1.00
2017.08.03 13:27:18.203,9.37267,9.3747,1.00,1.00
2017.08.03 13:27:18.558,9.37269,9.37471,1.00,1.00
2017.08.03 13:27:18.660,9.37269,9.37482,1.00,1.00
2017.08.03 13:27:18.711,9.37269,9.37482,1.52,1.00
2017.08.03 13:27:18.762,9.37279,9.37497,2.02,1.00
2017.08.03 13:27:18.864,9.37279,9.37486,2.02,1.00
2017.08.03 13:27:18.966,9.37288,9.37499,1.52,1.00
2017.08.03 13:27:19.676,9.37288,9.37499,1.27,1.00
2017.08.03 13:27:20.253,9.37283,9.37489,1.52,1.00
2017.08.03 13:27:20.356,9.37283,9.37499,1.52,1.00
2017.08.03 13:27:25.335,9.37288,9.37493,1.00,1.00
2017.08.03 13:27:25.436,9.37288,9.37499,1.00,1.00
2017.08.03 13:27:27.048,9.37289,9.37499,1.52,1.00
2017.08.03 13:27:27.486,9.37289,9.37496,2.02,1.00
2017.08.03 13:27:27.639,9.37295,9.37496,1.00,1.00
2017.08.03 13:27:28.474,9.37289,9.37499,2.02,1.00
2017.08.03 13:27:30.964,9.37289,9.37499,1.50,1.00
2017.08.03 13:27:31.016,9.37279,9.37483,1.52,1.00
2017.08.03 13:27:31.320,9.37254,9.37454,1.00,1.00
2017.08.03 13:27:31.840,9.37245,9.37454,1.52,1.00
2017.08.03 13:27:32.660,9.37245,9.37452,1.52,1.00
2017.08.03 13:27:32.712,9.37245,9.37452,1.00,1.00
2017.08.03 13:27:32.763,9.37243,9.37452,1.00,1.00
2017.08.03 13:27:33.222,9.37243,9.37442,1.00,1.00
2017.08.03 13:27:34.267,9.37243,9.37443,1.00,1.00
2017.08.03 13:27:35.691,9.37243,9.37442,1.00,1.00
2017.08.03 13:27:35.742,9.37235,9.37442,1.52,1.00
2017.08.03 13:27:36.131,9.37235,9.37449,1.52,1.00
2017.08.03 13:27:36.182,9.37244,9.37449,2.02,1.00
2017.08.03 13:27:36.335,9.37254,9.37463,2.02,1.00
2017.08.03 13:27:37.418,9.37255,9.37465,1.52,1.00
2017.08.03 13:27:37.621,9.37268,9.37476,1.52,1.00
2017.08.03 13:27:37.829,9.37268,9.37478,1.52,1.00
2017.08.03 13:27:45.162,9.37274,9.37491,2.02,1.00
2017.08.03 13:27:45.213,9.37283,9.37491,2.02,1.00
2017.08.03 13:27:45.367,9.37294,9.37505,2.02,1.00
2017.08.03 13:27:45.469,9.37304,9.37512,2.02,1.00
2017.08.03 13:27:45.703,9.37298,9.37502,1.00,1.00
2017.08.03 13:27:45.957,9.37285,9.37502,2.02,1.00
2017.08.03 13:27:46.379,9.37285,9.37492,2.02,1.00
2017.08.03 13:27:47.118,9.37285,9.37493,2.02,1.00
2017.08.03 13:27:47.647,9.37285,9.37492,2.02,1.00
2017.08.03 13:27:52.453,9.37285,9.37492,1.00,1.00
2017.08.03 13:27:53.005,9.37284,9.37492,1.00,1.00
2017.08.03 13:27:53.057,9.37284,9.37482,1.00,1.00
2017.08.03 13:27:54.034,9.37271,9.37472,1.52,1.00
2017.08.03 13:27:54.085,9.37271,9.37482,1.52,1.00
2017.08.03 13:27:55.125,9.37275,9.37482,1.00,1.00
2017.08.03 13:27:57.698,9.37275,9.37491,1.52,1.00
2017.08.03 13:27:57.893,9.37284,9.37502,1.52,1.00
2017.08.03 13:27:57.945,9.37287,9.37504,2.02,1.00
2017.08.03 13:27:58.301,9.37303,9.37512,2.02,1.00
2017.08.03 13:27:58.353,9.37303,9.37512,2.02,1.00
2017.08.03 13:27:58.659,9.37303,9.37512,2.02,1.00
2017.08.03 13:27:59.066,9.373,9.37512,1.00,1.00
2017.08.03 13:27:59.157,9.373,9.37502,1.00,1.00
2017.08.03 13:27:59.462,9.37272,9.37472,1.27,1.00
2017.08.03 13:27:59.513,9.37272,9.37482,1.27,1.00
2017.08.03 13:28:00.783,9.37283,9.37482,2.02,1.00
2017.08.03 13:28:00.885,9.37283,9.3749,2.02,1.00
2017.08.03 13:28:00.936,9.37283,9.37495,2.02,1.00
2017.08.03 13:28:02.526,9.37284,9.37486,2.02,1.00
2017.08.03 13:28:03.734,9.37284,9.37495,2.02,1.00
2017.08.03 13:28:05.481,9.37283,9.37493,2.02,1.00
2017.08.03 13:28:05.992,9.37284,9.37492,2.02,1.00
2017.08.03 13:28:06.163,9.37283,9.37495,2.02,1.00
2017.08.03 13:28:06.356,9.37284,9.37495,2.02,1.00
2017.08.03 13:28:06.494,9.37288,9.37502,1.52,1.00
2017.08.03 13:28:06.545,9.37288,9.37502,1.52,1.00
2017.08.03 13:28:07.387,9.37288,9.37503,1.52,1.00
2017.08.03 13:28:12.004,9.37283,9.375,2.02,1.00
2017.08.03 13:28:12.318,9.37283,9.375,2.02,1.00
2017.08.03 13:28:14.470,9.37289,9.375,1.52,1.00
2017.08.03 13:28:14.624,9.37297,9.37516,1.52,1.00
2017.08.03 13:28:19.025,9.37305,9.37516,2.77,1.00
2017.08.03 13:28:19.331,9.37329,9.37526,2.02,1.00
2017.08.03 13:28:19.723,9.37329,9.37526,2.02,1.00
2017.08.03 13:28:20.259,9.37329,9.37526,2.77,1.00
2017.08.03 13:28:20.815,9.37329,9.37532,2.77,1.00
2017.08.03 13:28:20.866,9.37329,9.37532,2.77,1.00
2017.08.03 13:28:20.968,9.37329,9.37536,2.77,1.00
2017.08.03 13:28:22.558,9.37328,9.37522,2.02,1.00
2017.08.03 13:28:24.029,9.37317,9.37522,1.52,1.00
2017.08.03 13:28:25.790,9.37313,9.37523,1.27,1.00
2017.08.03 13:28:25.892,9.37301,9.37519,2.77,1.00
2017.08.03 13:28:30.583,9.3731,9.37519,1.52,1.00
2017.08.03 13:28:30.758,9.3732,9.37519,1.00,1.00
2017.08.03 13:28:31.063,9.3732,9.37522,1.52,1.00
2017.08.03 13:28:31.411,9.3732,9.37533,1.52,1.00
2017.08.03 13:28:38.177,9.3732,9.37533,1.52,1.00
2017.08.03 13:28:38.697,9.37319,9.37532,2.02,1.00
2017.08.03 13:28:38.872,9.37319,9.37522,1.50,1.00
2017.08.03 13:28:39.025,9.37299,9.37512,1.52,1.00
2017.08.03 13:28:39.288,9.37299,9.37512,1.52,1.00
2017.08.03 13:28:49.679,9.37303,9.37513,2.77,1.00
2017.08.03 13:28:50.369,9.37299,9.37512,1.00,1.00
2017.08.03 13:28:50.471,9.37299,9.37492,1.00,1.00
2017.08.03 13:28:50.522,9.37278,9.37492,1.00,1.00
2017.08.03 13:28:50.573,9.37274,9.37482,1.00,1.00
2017.08.03 13:28:50.624,9.37259,9.37481,1.00,1.00
2017.08.03 13:28:50.776,9.37259,9.37472,1.00,1.00
2017.08.03 13:28:50.827,9.37246,9.37468,1.50,1.00
2017.08.03 13:28:51.669,9.37246,9.37462,1.00,1.00
2017.08.03 13:28:52.025,9.37241,9.37461,1.00,1.00
2017.08.03 13:28:52.840,9.37241,9.37452,1.00,1.00
2017.08.03 13:28:52.891,9.37241,9.37461,1.00,1.00
2017.08.03 13:28:52.994,9.37241,9.37454,1.00,1.00
2017.08.03 13:28:53.045,9.37228,9.37448,1.00,1.00
2017.08.03 13:28:56.399,9.37228,9.37432,1.00,1.00
2017.08.03 13:28:56.552,9.37214,9.37428,1.00,1.00
2017.08.03 13:28:56.603,9.37214,9.37422,1.00,1.00
2017.08.03 13:28:56.755,9.37199,9.37419,1.00,1.00
2017.08.03 13:28:56.958,9.37199,9.37412,1.00,1.00
2017.08.03 13:28:57.465,9.37199,9.37413,1.00,1.00
2017.08.03 13:28:57.938,9.37199,9.37419,1.00,1.00
2017.08.03 13:28:58.878,9.37207,9.37419,1.00,1.00
2017.08.03 13:28:59.182,9.37218,9.37434,1.00,1.00
2017.08.03 13:28:59.335,9.37228,9.37434,1.00,1.00
2017.08.03 13:28:59.487,9.37218,9.37434,1.00,1.00
2017.08.03 13:29:00.281,9.37214,9.37434,1.00,1.00
2017.08.03 13:29:00.332,9.37218,9.37434,1.00,1.00
2017.08.03 13:29:01.083,9.37227,9.37447,1.00,1.00
2017.08.03 13:29:02.537,9.37228,9.37447,1.00,1.00
2017.08.03 13:29:03.201,9.37227,9.37447,1.00,1.00
2017.08.03 13:29:03.374,9.37215,9.37435,1.50,1.00
2017.08.03 13:29:03.679,9.37218,9.37435,1.00,1.00
2017.08.03 13:29:03.781,9.37229,9.37449,1.00,1.00
2017.08.03 13:29:03.883,9.37238,9.37449,1.00,1.00
2017.08.03 13:29:06.853,9.37248,9.37449,1.00,1.00
2017.08.03 13:29:06.904,9.37248,9.37462,1.00,1.00
2017.08.03 13:29:07.209,9.37258,9.37462,1.52,1.00
2017.08.03 13:29:07.311,9.37258,9.37476,1.52,1.00
2017.08.03 13:29:07.514,9.37267,9.37476,1.00,1.00
2017.08.03 13:29:07.690,9.37257,9.37476,1.52,1.00
2017.08.03 13:29:07.842,9.37257,9.37466,1.00,1.00
2017.08.03 13:29:07.895,9.37257,9.37476,1.00,1.00
2017.08.03 13:29:07.947,9.37256,9.37439,1.00,1.00
2017.08.03 13:29:07.999,9.3721,9.37407,1.00,1.50
2017.08.03 13:29:08.051,9.37201,9.37395,1.00,1.00
2017.08.03 13:29:08.103,9.37201,9.37416,1.00,1.00
2017.08.03 13:29:08.154,9.37201,9.37392,1.00,1.00
2017.08.03 13:29:08.205,9.37184,9.37404,1.00,1.00
2017.08.03 13:29:08.510,9.37197,9.37417,1.00,1.00
2017.08.03 13:29:12.018,9.37201,9.37423,1.00,1.00
2017.08.03 13:29:18.570,9.37201,9.37419,1.00,1.00
2017.08.03 13:29:18.622,9.37189,9.37409,1.00,1.00
2017.08.03 13:29:18.750,9.37189,9.37392,1.00,1.00
2017.08.03 13:29:18.801,9.37176,9.37392,1.00,1.00
2017.08.03 13:29:18.852,9.37176,9.37372,1.00,1.00
2017.08.03 13:29:18.954,9.37163,9.37362,1.00,1.00
2017.08.03 13:29:19.005,9.37133,9.37353,1.00,1.00
2017.08.03 13:29:19.056,9.37133,9.37342,1.00,1.00
2017.08.03 13:29:19.107,9.37117,9.37337,1.00,1.00
2017.08.03 13:29:19.158,9.37117,9.37322,1.00,1.00
2017.08.03 13:29:19.209,9.37103,9.37322,1.00,1.00
2017.08.03 13:29:19.311,9.37092,9.37312,1.00,1.00
2017.08.03 13:29:19.362,9.37092,9.3729,1.00,1.00
2017.08.03 13:29:19.413,9.37092,9.37312,1.00,1.00
2017.08.03 13:29:21.002,9.37105,9.37325,1.00,1.00
2017.08.03 13:29:27.253,9.37105,9.37313,1.00,1.00
2017.08.03 13:29:27.304,9.37105,9.37315,1.00,1.00
2017.08.03 13:29:27.394,9.37093,9.37313,1.00,1.00
2017.08.03 13:29:27.547,9.37075,9.37292,1.00,1.00
2017.08.03 13:29:27.750,9.37063,9.37283,1.00,1.00
2017.08.03 13:29:28.258,9.37063,9.37282,1.00,1.00
2017.08.03 13:29:30.619,9.37063,9.37283,1.00,1.00
2017.08.03 13:29:31.141,9.37063,9.37282,1.00,1.00
2017.08.03 13:29:31.790,9.37063,9.37283,1.00,1.00
2017.08.03 13:29:32.048,9.37061,9.37281,1.00,1.00
2017.08.03 13:29:32.994,9.37068,9.37281,1.00,1.00
2017.08.03 13:29:33.147,9.37074,9.37294,1.00,1.00
2017.08.03 13:29:33.431,9.37078,9.37294,1.00,1.00
2017.08.03 13:29:33.533,9.37088,9.37307,1.00,1.00
2017.08.03 13:29:33.635,9.371,9.3732,1.00,1.00
2017.08.03 13:29:34.193,9.371,9.3732,1.60,1.00
2017.08.03 13:29:34.295,9.37108,9.3732,1.00,1.00
2017.08.03 13:29:34.944,9.37116,9.37336,1.00,1.00
2017.08.03 13:29:35.437,9.37108,9.37324,1.50,1.00
2017.08.03 13:29:36.567,9.37119,9.37339,1.00,1.00
2017.08.03 13:29:38.772,9.37119,9.37332,1.00,1.00
2017.08.03 13:29:38.975,9.37106,9.37322,1.00,1.00
2017.08.03 13:29:39.101,9.37106,9.37312,1.00,1.00
2017.08.03 13:29:39.254,9.37092,9.37312,1.00,1.50
2017.08.03 13:29:40.568,9.37077,9.37297,1.00,1.00
2017.08.03 13:29:40.874,9.37064,9.37284,1.00,1.00
2017.08.03 13:29:41.193,9.37051,9.37271,1.00,1.00
2017.08.03 13:29:41.752,9.37044,9.37259,1.00,1.00
2017.08.03 13:29:42.108,9.37039,9.37259,1.00,1.00
2017.08.03 13:29:42.159,9.37033,9.37242,1.00,1.00
2017.08.03 13:29:42.381,9.36996,9.37216,1.00,1.00
2017.08.03 13:29:47.268,9.37009,9.37229,1.00,1.00
2017.08.03 13:29:50.459,9.37009,9.37229,1.52,1.00
2017.08.03 13:29:50.764,9.37048,9.37256,1.00,1.00
2017.08.03 13:29:50.815,9.3705,9.3727,1.52,1.00
2017.08.03 13:29:50.948,9.37058,9.3727,1.00,1.00
2017.08.03 13:29:51.252,9.37058,9.3727,1.60,1.00
2017.08.03 13:29:51.780,9.37058,9.3727,1.60,1.00
2017.08.03 13:29:51.969,9.37058,9.3727,1.00,1.00
2017.08.03 13:29:52.020,9.37058,9.37275,1.00,1.00
2017.08.03 13:29:52.133,9.37055,9.37275,1.00,1.00
2017.08.03 13:29:57.532,9.37045,9.37263,1.00,1.00
2017.08.03 13:29:59.123,9.37049,9.37263,1.00,1.00
2017.08.03 13:29:59.308,9.37069,9.37289,1.00,1.00
2017.08.03 13:30:02.220,9.37082,9.37302,1.00,1.00
2017.08.03 13:30:02.544,9.37069,9.37289,1.00,1.00
2017.08.03 13:30:10.349,9.37078,9.37289,1.00,1.00
2017.08.03 13:30:10.547,9.37088,9.37302,1.50,1.00
2017.08.03 13:30:10.649,9.37088,9.37302,2.02,1.00
2017.08.03 13:30:10.955,9.37128,9.37329,1.00,1.00
2017.08.03 13:30:11.158,9.37118,9.37329,1.00,1.00
2017.08.03 13:30:11.452,9.37128,9.37329,1.00,1.00
2017.08.03 13:30:11.556,9.37125,9.37329,1.00,1.00
2017.08.03 13:30:11.658,9.37125,9.37341,1.00,1.00
2017.08.03 13:30:11.759,9.37134,9.37354,1.00,1.00
2017.08.03 13:30:11.912,9.37134,9.37352,1.00,1.00
2017.08.03 13:30:11.963,9.37127,9.37347,1.00,1.00
2017.08.03 13:30:18.498,9.37128,9.37347,1.00,1.00
2017.08.03 13:30:18.549,9.37138,9.37347,1.00,1.00
2017.08.03 13:30:18.703,9.37148,9.3736,1.00,1.00
2017.08.03 13:30:18.857,9.37157,9.3736,1.00,1.00
2017.08.03 13:30:18.908,9.37158,9.37378,1.50,1.00
2017.08.03 13:30:19.934,9.37178,9.37378,1.00,1.00
2017.08.03 13:30:20.036,9.37168,9.37378,1.52,1.00
2017.08.03 13:30:20.148,9.37173,9.37393,1.52,1.00
2017.08.03 13:30:20.716,9.37178,9.37393,1.00,1.00
2017.08.03 13:30:20.869,9.37186,9.37406,1.00,1.00
2017.08.03 13:30:23.019,9.37188,9.37406,1.00,1.00
2017.08.03 13:30:23.223,9.37186,9.37406,1.00,1.00
2017.08.03 13:30:23.274,9.37188,9.37406,1.00,1.00
2017.08.03 13:30:23.590,9.37186,9.37406,1.00,1.00
2017.08.03 13:30:24.147,9.37188,9.37406,1.00,1.00
2017.08.03 13:30:24.452,9.37215,9.37432,1.00,1.00
2017.08.03 13:30:24.503,9.37202,9.37422,1.00,1.00
2017.08.03 13:30:26.027,9.37189,9.37409,1.00,1.00
2017.08.03 13:30:31.606,9.37189,9.37402,1.00,1.00
2017.08.03 13:30:31.992,9.37178,9.37398,1.00,1.00
2017.08.03 13:30:44.852,9.37193,9.37412,1.00,1.00
2017.08.03 13:30:45.766,9.37193,9.37403,1.00,1.00
2017.08.03 13:30:45.969,9.3718,9.374,1.00,1.00
2017.08.03 13:30:49.589,9.3718,9.37382,1.00,1.00
2017.08.03 13:30:49.640,9.37167,9.37382,1.00,1.00
2017.08.03 13:30:49.692,9.37167,9.37389,1.00,1.00
2017.08.03 13:30:49.744,9.37155,9.37375,1.00,1.00
2017.08.03 13:30:50.048,9.37155,9.37362,1.00,1.00
2017.08.03 13:30:50.457,9.37142,9.37362,1.00,1.50
2017.08.03 13:30:52.052,9.37137,9.37357,1.00,1.00
2017.08.03 13:30:58.374,9.37137,9.37342,1.00,1.00
2017.08.03 13:30:58.577,9.37124,9.37342,1.00,1.00
2017.08.03 13:30:58.814,9.37124,9.37332,1.00,1.00
2017.08.03 13:31:00.722,9.37113,9.37332,1.00,1.00
2017.08.03 13:31:00.925,9.37113,9.37323,1.00,1.00
2017.08.03 13:31:01.027,9.37113,9.37333,1.00,1.50
2017.08.03 13:31:01.199,9.37101,9.3732,1.00,1.00
2017.08.03 13:31:02.389,9.371,9.3732,1.00,1.00
2017.08.03 13:31:04.282,9.371,9.37302,1.50,1.00
2017.08.03 13:31:04.384,9.371,9.37312,1.00,1.00
2017.08.03 13:31:04.537,9.37089,9.37294,1.00,1.00
2017.08.03 13:31:06.530,9.37074,9.37292,1.00,1.00
2017.08.03 13:31:06.682,9.37074,9.37294,1.00,1.00
2017.08.03 13:31:06.733,9.37078,9.37294,1.00,1.00
2017.08.03 13:31:07.046,9.37078,9.37283,1.00,1.00
2017.08.03 13:31:07.150,9.37078,9.37294,1.00,1.00
2017.08.03 13:31:07.252,9.37078,9.37282,1.00,1.00
2017.08.03 13:31:12.070,9.37078,9.37291,1.00,1.00
2017.08.03 13:31:12.940,9.37069,9.37291,1.00,1.00
2017.08.03 13:31:13.569,9.37058,9.37274,1.00,1.00
2017.08.03 13:31:13.620,9.37054,9.37274,1.00,1.00
2017.08.03 13:31:15.128,9.37058,9.37274,1.00,1.00
2017.08.03 13:31:15.433,9.37088,9.37288,1.00,1.00
2017.08.03 13:31:15.539,9.37088,9.37301,1.00,1.00
2017.08.03 13:31:15.590,9.37081,9.37301,1.00,1.00
2017.08.03 13:31:15.641,9.37088,9.37301,1.00,1.00
2017.08.03 13:31:15.794,9.37081,9.37301,1.00,1.00
2017.08.03 13:31:15.845,9.37091,9.37301,1.00,1.00
2017.08.03 13:31:15.948,9.37098,9.37318,1.00,1.00
2017.08.03 13:31:17.761,9.3711,9.37331,1.00,1.00
2017.08.03 13:31:18.291,9.3711,9.37332,1.00,1.00
2017.08.03 13:31:19.215,9.37128,9.37332,1.00,1.00
2017.08.03 13:31:19.368,9.37128,9.37344,1.00,1.00
2017.08.03 13:31:19.571,9.37137,9.37357,1.00,1.00
2017.08.03 13:31:19.725,9.37148,9.37357,1.00,1.00
2017.08.03 13:31:19.994,9.37149,9.37369,1.00,1.00
2017.08.03 13:31:20.146,9.37165,9.37385,1.00,1.00
2017.08.03 13:31:20.562,9.37159,9.37371,1.00,1.00
2017.08.03 13:31:20.869,9.37178,9.37389,1.00,1.00
2017.08.03 13:31:21.073,9.37188,9.37402,1.00,1.00
2017.08.03 13:31:21.175,9.37198,9.37414,1.00,1.00
2017.08.03 13:31:21.364,9.37208,9.37428,1.00,1.00
2017.08.03 13:31:21.415,9.37238,9.37428,1.00,1.00
2017.08.03 13:31:21.466,9.37228,9.37441,1.00,1.00
2017.08.03 13:31:21.670,9.37238,9.37441,1.00,1.00
2017.08.03 13:31:21.722,9.37228,9.37441,1.00,1.00
2017.08.03 13:31:21.874,9.37238,9.37441,1.00,1.00
2017.08.03 13:31:22.078,9.37248,9.37458,1.60,1.00
2017.08.03 13:31:22.129,9.37268,9.37458,1.00,1.00
2017.08.03 13:31:22.180,9.37258,9.37458,1.00,1.00
2017.08.03 13:31:22.283,9.37258,9.37473,1.00,1.00
2017.08.03 13:31:22.520,9.37257,9.37473,1.60,1.00
2017.08.03 13:31:22.724,9.37257,9.37473,1.60,1.00
2017.08.03 13:31:22.806,9.37257,9.37473,1.35,1.00
2017.08.03 13:31:22.909,9.37253,9.37453,1.00,1.00
2017.08.03 13:31:23.061,9.37223,9.37442,1.50,1.00
2017.08.03 13:31:23.550,9.3721,9.3743,1.00,1.00
2017.08.03 13:31:25.951,9.3721,9.37422,1.00,1.00
2017.08.03 13:31:26.256,9.37197,9.37402,1.00,1.00
2017.08.03 13:31:26.460,9.37182,9.37402,1.00,1.50
2017.08.03 13:31:26.613,9.37182,9.37392,1.00,1.00
2017.08.03 13:31:26.664,9.37169,9.37389,1.00,1.00
2017.08.03 13:31:26.817,9.37178,9.37389,1.00,1.00
2017.08.03 13:31:26.971,9.37183,9.37405,1.00,1.00
2017.08.03 13:31:27.755,9.37197,9.37417,1.00,1.00
2017.08.03 13:31:28.162,9.37208,9.37417,1.00,1.00
2017.08.03 13:31:28.364,9.37211,9.37431,1.00,1.00
2017.08.03 13:31:28.668,9.37198,9.37418,1.00,1.00
2017.08.03 13:31:31.998,9.37203,9.37423,1.00,1.00
2017.08.03 13:31:33.774,9.37216,9.37436,1.00,1.00
2017.08.03 13:31:34.229,9.37218,9.37436,1.00,1.00
2017.08.03 13:31:34.280,9.3723,9.3745,1.00,1.00
2017.08.03 13:31:34.433,9.37238,9.3745,1.00,1.00
2017.08.03 13:31:35.217,9.37237,9.3745,1.00,1.00
2017.08.03 13:31:35.550,9.37258,9.37465,1.35,1.00
2017.08.03 13:31:35.601,9.3726,9.3748,1.00,1.00
2017.08.03 13:31:41.277,9.37268,9.3748,1.00,1.00
2017.08.03 13:31:41.430,9.37278,9.37492,1.00,1.00
2017.08.03 13:31:41.532,9.37272,9.37492,1.00,1.00
2017.08.03 13:31:41.634,9.37278,9.37492,1.00,1.00
2017.08.03 13:31:41.685,9.37272,9.37492,1.00,1.00
2017.08.03 13:31:43.992,9.37268,9.37479,1.00,1.00
2017.08.03 13:31:44.249,9.37266,9.37479,1.00,1.00
2017.08.03 13:31:44.300,9.37273,9.37493,1.00,1.00
2017.08.03 13:31:44.852,9.37278,9.37493,1.00,1.00
2017.08.03 13:31:45.188,9.37288,9.37493,1.00,1.00
2017.08.03 13:31:46.080,9.37318,9.37493,1.00,1.00
2017.08.03 13:31:46.131,9.37308,9.37493,1.00,1.00
2017.08.03 13:31:46.233,9.37308,9.37507,1.00,1.00
2017.08.03 13:31:46.334,9.37308,9.3752,1.00,1.00
2017.08.03 13:31:46.488,9.373,9.3752,1.60,1.00
2017.08.03 13:31:46.640,9.373,9.3752,1.60,1.00
2017.08.03 13:31:46.792,9.373,9.3752,1.00,1.00
2017.08.03 13:31:47.080,9.37308,9.3752,1.00,1.00
2017.08.03 13:31:47.333,9.37313,9.37526,1.00,1.00
2017.08.03 13:31:47.435,9.37308,9.3752,1.00,1.00
2017.08.03 13:31:48.118,9.37318,9.3752,1.00,1.00
2017.08.03 13:31:48.690,9.37307,9.3752,1.00,1.00
2017.08.03 13:31:48.792,9.37318,9.3752,1.00,1.00
2017.08.03 13:31:48.944,9.37308,9.3752,1.00,1.00
2017.08.03 13:31:49.097,9.37318,9.3752,1.00,1.00
2017.08.03 13:31:49.301,9.37308,9.3752,1.00,1.00
2017.08.03 13:31:49.352,9.37318,9.3752,1.00,1.00
2017.08.03 13:31:49.404,9.37308,9.3752,1.00,1.00
2017.08.03 13:31:49.646,9.37318,9.3752,1.00,1.00
2017.08.03 13:31:49.881,9.37308,9.3752,1.00,1.00
2017.08.03 13:31:49.932,9.37318,9.3752,1.00,1.00
2017.08.03 13:31:50.190,9.37308,9.3752,1.00,1.00
2017.08.03 13:31:51.098,9.37318,9.3752,1.00,1.00
2017.08.03 13:31:51.419,9.37308,9.3752,1.00,1.00
2017.08.03 13:31:51.521,9.37318,9.3752,1.00,1.00
2017.08.03 13:31:51.572,9.37308,9.3752,1.00,1.00
2017.08.03 13:31:51.674,9.37318,9.3752,1.00,1.00
2017.08.03 13:31:51.776,9.37308,9.3752,1.00,1.00
2017.08.03 13:31:52.030,9.37318,9.37522,1.00,1.00
2017.08.03 13:31:52.272,9.37308,9.37522,1.00,1.00
2017.08.03 13:31:52.526,9.37317,9.37522,1.00,1.00
2017.08.03 13:31:53.077,9.37318,9.37522,1.00,1.00
2017.08.03 13:31:53.179,9.37308,9.37522,1.50,1.00
2017.08.03 13:31:53.463,9.37302,9.37522,1.00,1.00
2017.08.03 13:31:53.870,9.37298,9.37509,1.00,1.00
2017.08.03 13:31:54.413,9.37297,9.37509,1.00,1.00
2017.08.03 13:31:57.682,9.37298,9.37509,1.00,1.00
2017.08.03 13:31:59.222,9.37289,9.37509,1.00,1.00
2017.08.03 13:32:00.191,9.37287,9.37509,1.00,1.00
2017.08.03 13:32:00.242,9.37287,9.37492,1.00,1.00
2017.08.03 13:32:00.395,9.37268,9.37488,1.00,1.00
2017.08.03 13:32:00.497,9.37255,9.37475,1.00,1.00
2017.08.03 13:32:00.802,9.37269,9.37489,1.00,1.00
2017.08.03 13:32:02.984,9.37288,9.37489,1.00,1.00
2017.08.03 13:32:03.086,9.37288,9.37502,1.00,1.00
2017.08.03 13:32:03.137,9.37298,9.37502,1.00,1.00
2017.08.03 13:32:03.188,9.37288,9.37502,1.00,1.00
2017.08.03 13:32:03.239,9.37298,9.37502,1.00,1.00
2017.08.03 13:32:03.290,9.37288,9.37502,1.00,1.00
2017.08.03 13:32:03.621,9.37298,9.37502,1.00,1.00
2017.08.03 13:32:03.997,9.37308,9.37502,1.00,1.00
2017.08.03 13:32:04.099,9.37308,9.37516,1.00,1.50
2017.08.03 13:32:04.201,9.37318,9.37516,1.00,1.50
2017.08.03 13:32:04.456,9.37308,9.37516,1.00,1.50
2017.08.03 13:32:04.672,9.37298,9.37516,1.00,1.50
2017.08.03 13:32:04.778,9.37296,9.37516,1.00,1.50
2017.08.03 13:32:09.655,9.37288,9.37502,1.00,1.00
2017.08.03 13:32:09.706,9.3728,9.37502,1.00,1.00
2017.08.03 13:32:09.757,9.37285,9.37502,1.00,1.00
2017.08.03 13:32:10.028,9.3728,9.37502,1.00,1.00
2017.08.03 13:32:11.300,9.3728,9.37492,1.00,1.00
2017.08.03 13:32:11.452,9.37268,9.37488,1.00,1.00
2017.08.03 13:32:11.704,9.37268,9.37482,1.00,1.00
2017.08.03 13:32:11.957,9.37264,9.37482,1.00,1.00
2017.08.03 13:32:13.139,9.37251,9.37473,1.00,1.00
2017.08.03 13:32:14.684,9.37255,9.37473,1.00,1.00
2017.08.03 13:32:15.833,9.37265,9.37485,1.00,1.00
2017.08.03 13:32:21.505,9.37252,9.37472,1.00,1.00
2017.08.03 13:32:21.811,9.37268,9.37486,1.00,1.00
2017.08.03 13:32:22.615,9.37264,9.37486,1.00,1.00
2017.08.03 13:32:22.666,9.37268,9.37486,1.00,1.00
2017.08.03 13:32:22.879,9.37264,9.37486,1.00,1.00
2017.08.03 13:32:23.515,9.37267,9.37486,1.00,1.00
2017.08.03 13:32:23.566,9.37278,9.37498,1.00,1.00
2017.08.03 13:32:31.007,9.37265,9.37485,1.00,1.00
2017.08.03 13:32:32.084,9.37267,9.37487,1.00,1.00
2017.08.03 13:32:32.639,9.37268,9.37487,1.00,1.00
2017.08.03 13:32:33.635,9.37267,9.37487,1.00,1.00
2017.08.03 13:32:35.091,9.37268,9.37487,1.00,1.00
2017.08.03 13:32:35.741,9.37267,9.37487,1.00,1.00
2017.08.03 13:32:36.540,9.37288,9.375,1.00,1.00
2017.08.03 13:32:37.400,9.37298,9.375,1.00,1.00
2017.08.03 13:32:39.552,9.37298,9.37513,1.00,1.00
2017.08.03 13:32:40.189,9.37293,9.37513,1.00,1.00
2017.08.03 13:32:40.472,9.37298,9.37513,1.00,1.00
2017.08.03 13:32:42.315,9.37308,9.37513,1.00,1.00
2017.08.03 13:32:42.771,9.37298,9.37513,1.00,1.00
2017.08.03 13:32:43.881,9.37308,9.37513,1.00,1.00
2017.08.03 13:32:46.915,9.37318,9.37513,1.00,1.00
2017.08.03 13:32:47.431,9.37318,9.37525,1.00,1.00
2017.08.03 13:32:47.742,9.37308,9.37525,1.00,1.00
2017.08.03 13:32:47.793,9.37305,9.37525,1.00,1.00
2017.08.03 13:32:47.946,9.37293,9.37513,1.00,1.00
2017.08.03 13:32:50.634,9.37288,9.375,1.00,1.00
2017.08.03 13:32:52.077,9.37281,9.37501,1.00,1.00
2017.08.03 13:32:52.128,9.37281,9.37489,1.00,1.00
2017.08.03 13:32:52.180,9.37264,9.37484,1.00,1.00
2017.08.03 13:32:52.312,9.37249,9.37471,1.00,1.00
2017.08.03 13:32:52.365,9.37248,9.37455,1.00,1.00
2017.08.03 13:32:52.466,9.37235,9.37455,1.00,1.00
2017.08.03 13:32:52.517,9.37248,9.37455,1.00,1.00
2017.08.03 13:32:52.822,9.37248,9.37441,1.00,1.00
2017.08.03 13:32:52.873,9.37224,9.37441,1.00,1.00
2017.08.03 13:32:53.026,9.37238,9.37441,1.00,1.00
2017.08.03 13:32:53.077,9.37234,9.37441,1.00,1.00
2017.08.03 13:32:56.138,9.37228,9.37441,1.00,1.00
2017.08.03 13:32:56.460,9.37235,9.37455,1.00,1.00
2017.08.03 13:33:02.230,9.37258,9.37455,1.00,1.00
2017.08.03 13:33:02.383,9.37258,9.37468,1.00,1.00
2017.08.03 13:33:02.434,9.37278,9.37468,1.00,1.00
2017.08.03 13:33:02.485,9.37288,9.3748,1.00,1.00
2017.08.03 13:33:02.536,9.37298,9.3748,1.00,1.00
2017.08.03 13:33:02.680,9.37298,9.37506,1.60,1.00
2017.08.03 13:33:02.731,9.37298,9.37506,1.60,1.00
2017.08.03 13:33:02.934,9.37288,9.37506,1.60,1.00
2017.08.03 13:33:03.086,9.37288,9.37506,1.60,1.50
2017.08.03 13:33:03.138,9.37288,9.37506,1.60,1.50
2017.08.03 13:33:03.189,9.37288,9.37506,1.60,1.50
2017.08.03 13:33:03.494,9.37308,9.37506,1.00,1.00
2017.08.03 13:33:03.887,9.37298,9.37506,1.00,1.00
2017.08.03 13:33:03.990,9.37307,9.37506,1.00,1.00
2017.08.03 13:33:04.041,9.37293,9.37506,1.00,1.00
2017.08.03 13:33:04.092,9.37297,9.37506,1.00,1.00
2017.08.03 13:33:04.143,9.37293,9.37506,1.00,1.00
2017.08.03 13:33:04.194,9.37293,9.37511,1.00,1.00
2017.08.03 13:33:04.246,9.37289,9.37511,1.00,1.00
2017.08.03 13:33:05.138,9.37298,9.37511,1.00,1.00
2017.08.03 13:33:05.454,9.37308,9.37511,1.00,1.00
2017.08.03 13:33:05.759,9.37298,9.37511,1.00,1.00
2017.08.03 13:33:07.755,9.37289,9.37511,1.00,1.00
2017.08.03 13:33:08.471,9.37289,9.37502,1.00,1.00
2017.08.03 13:33:08.619,9.37277,9.37497,1.00,1.00
2017.08.03 13:33:10.485,9.37278,9.37497,1.00,1.00
2017.08.03 13:33:11.996,9.37274,9.37496,1.00,1.00
2017.08.03 13:33:14.885,9.37262,9.37482,1.00,1.00
2017.08.03 13:33:24.269,9.37268,9.37482,1.00,1.00
2017.08.03 13:33:27.952,9.37268,9.3748,1.00,1.00
2017.08.03 13:33:28.309,9.37268,9.37482,1.00,1.00
2017.08.03 13:33:29.401,9.37262,9.37482,1.00,1.00
2017.08.03 13:33:31.697,9.37268,9.37482,1.00,1.00
2017.08.03 13:33:32.092,9.37274,9.37482,1.00,1.00
2017.08.03 13:33:32.458,9.37278,9.37482,1.00,1.00
2017.08.03 13:33:34.411,9.37278,9.37486,1.00,1.00
2017.08.03 13:33:34.738,9.37274,9.37486,1.00,1.00
2017.08.03 13:33:36.871,9.37278,9.37486,1.00,1.00
2017.08.03 13:33:37.516,9.37278,9.37485,1.00,1.00
2017.08.03 13:33:37.567,9.37274,9.37485,1.00,1.00
2017.08.03 13:33:38.363,9.37274,9.37481,1.00,1.00
2017.08.03 13:33:39.563,9.37274,9.3749,1.00,1.00
2017.08.03 13:33:41.266,9.37258,9.37477,1.00,1.00
2017.08.03 13:33:42.624,9.37258,9.37468,1.00,1.00
2017.08.03 13:33:44.174,9.37258,9.3747,1.00,1.00
2017.08.03 13:33:46.760,9.37267,9.3747,1.00,1.00
2017.08.03 13:33:46.912,9.37271,9.37491,1.00,1.00
2017.08.03 13:33:47.652,9.37278,9.37491,1.00,1.00
2017.08.03 13:33:48.072,9.37278,9.37485,1.00,1.00
2017.08.03 13:33:48.123,9.37271,9.37485,1.00,1.00
2017.08.03 13:33:50.369,9.37278,9.3748,1.00,1.00
2017.08.03 13:33:50.674,9.37308,9.3748,1.00,1.00
2017.08.03 13:33:50.776,9.37308,9.37519,1.00,1.00
2017.08.03 13:33:51.041,9.37318,9.37519,1.00,1.00
2017.08.03 13:33:52.041,9.37318,9.37522,1.00,1.00
2017.08.03 13:33:52.092,9.37318,9.37517,1.00,1.00
2017.08.03 13:33:53.657,9.37308,9.37515,1.00,1.00
2017.08.03 13:33:53.708,9.37318,9.37515,1.00,1.00
2017.08.03 13:33:54.982,9.37318,9.37523,1.00,1.00
2017.08.03 13:33:56.020,9.37328,9.37523,1.00,1.00
2017.08.03 13:33:56.325,9.37367,9.37529,1.00,1.00
2017.08.03 13:33:56.427,9.37368,9.37549,1.00,1.00
2017.08.03 13:33:56.478,9.37378,9.37549,1.00,1.00
2017.08.03 13:33:57.001,9.37378,9.37548,1.00,1.00
2017.08.03 13:33:57.053,9.37368,9.37548,1.00,1.00
2017.08.03 13:33:57.499,9.37358,9.37548,1.00,1.00
2017.08.03 13:33:58.735,9.37348,9.37538,1.00,1.00
2017.08.03 13:33:58.889,9.37329,9.37527,1.00,1.00
2017.08.03 13:33:58.940,9.37338,9.37527,1.00,1.00
2017.08.03 13:34:00.303,9.37337,9.37527,1.00,1.00
2017.08.03 13:34:01.971,9.37348,9.37527,1.00,1.00
2017.08.03 13:34:02.359,9.37358,9.37527,1.00,1.00
2017.08.03 13:34:02.411,9.37358,9.37531,1.00,1.00
2017.08.03 13:34:03.579,9.37348,9.37526,1.00,1.00
2017.08.03 13:34:04.053,9.37358,9.37526,1.00,1.00
2017.08.03 13:34:04.660,9.37357,9.37526,1.00,1.00
2017.08.03 13:34:05.203,9.37358,9.37526,1.00,1.00
2017.08.03 13:34:05.457,9.37368,9.3754,1.00,1.00
2017.08.03 13:34:05.610,9.37368,9.37544,1.00,1.00
2017.08.03 13:34:06.012,9.37368,9.37539,1.00,1.00
2017.08.03 13:34:06.978,9.37368,9.37526,1.00,1.00
2017.08.03 13:34:07.391,9.37378,9.37526,1.00,1.00
2017.08.03 13:34:08.425,9.37368,9.37526,1.00,1.00
2017.08.03 13:34:08.779,9.37368,9.37542,1.00,1.00
2017.08.03 13:34:11.341,9.37368,9.37532,1.00,1.00
2017.08.03 13:34:11.487,9.37358,9.37532,1.00,1.00
2017.08.03 13:34:11.538,9.37347,9.37532,1.00,1.00
2017.08.03 13:34:11.715,9.37338,9.37531,1.00,1.00
2017.08.03 13:34:12.376,9.37318,9.37531,1.60,1.00
2017.08.03 13:34:12.427,9.37318,9.37527,1.00,1.00
2017.08.03 13:34:12.671,9.37295,9.37517,1.00,1.00
2017.08.03 13:34:12.722,9.37298,9.37517,1.00,1.00
2017.08.03 13:34:13.027,9.37308,9.37502,1.00,1.00
2017.08.03 13:34:13.355,9.37318,9.37502,1.00,1.00
2017.08.03 13:34:13.893,9.37318,9.37505,1.00,1.00
2017.08.03 13:34:14.686,9.37318,9.37515,1.00,1.00
2017.08.03 13:34:17.302,9.37298,9.37505,1.00,1.00
2017.08.03 13:34:17.354,9.37293,9.37505,1.00,1.00
2017.08.03 13:34:17.406,9.37281,9.37501,1.00,1.00
2017.08.03 13:34:17.458,9.37281,9.37489,1.00,1.00
2017.08.03 13:34:17.510,9.37264,9.37484,1.00,1.00
2017.08.03 13:34:17.644,9.37268,9.37484,1.00,1.00
2017.08.03 13:34:17.950,9.37278,9.37472,1.00,1.00
2017.08.03 13:34:19.463,9.37267,9.37472,1.00,1.00
2017.08.03 13:34:20.144,9.37264,9.37472,1.00,1.00
2017.08.03 13:34:20.520,9.37267,9.37472,1.00,1.00
2017.08.03 13:34:20.572,9.37267,9.37474,1.00,1.00
2017.08.03 13:34:21.081,9.37278,9.37474,1.00,1.00
2017.08.03 13:34:21.583,9.37298,9.37474,1.00,1.00
2017.08.03 13:34:21.995,9.37298,9.37497,1.00,1.00
2017.08.03 13:34:22.097,9.37318,9.37497,1.00,1.00
2017.08.03 13:34:22.148,9.37318,9.37501,1.00,1.00
2017.08.03 13:34:23.128,9.37318,9.37519,1.00,1.00
2017.08.03 13:34:24.420,9.37318,9.37512,1.00,1.00
2017.08.03 13:34:25.249,9.37318,9.37511,1.00,1.00
2017.08.03 13:34:25.672,9.37318,9.37515,1.00,1.00
2017.08.03 13:34:26.697,9.37304,9.37515,1.00,1.00
2017.08.03 13:34:26.748,9.37304,9.37522,1.00,1.00
2017.08.03 13:34:27.154,9.37284,9.37501,1.00,1.00
2017.08.03 13:34:27.255,9.37281,9.37501,1.00,1.00
2017.08.03 13:34:28.440,9.37281,9.37501,1.60,1.00
2017.08.03 13:34:28.746,9.37319,9.37526,2.10,1.50
2017.08.03 13:34:29.094,9.37328,9.37526,1.60,1.50
2017.08.03 13:34:29.303,9.37328,9.37526,1.60,1.50
2017.08.03 13:34:29.830,9.37328,9.37526,1.60,1.50
2017.08.03 13:34:29.932,9.37318,9.37526,1.00,1.50
2017.08.03 13:34:30.085,9.37318,9.37522,1.00,1.00
2017.08.03 13:34:30.390,9.37357,9.37522,1.00,1.00
2017.08.03 13:34:30.519,9.37348,9.37522,1.60,1.00
2017.08.03 13:34:30.570,9.37342,9.37535,2.10,1.50
2017.08.03 13:34:30.622,9.37368,9.37535,1.00,1.50
2017.08.03 13:34:30.774,9.37357,9.37535,1.00,1.00
2017.08.03 13:34:31.129,9.37368,9.3755,1.00,1.00
2017.08.03 13:34:31.502,9.37358,9.3755,1.00,1.00
2017.08.03 13:34:31.553,9.37368,9.3755,1.00,1.00
2017.08.03 13:34:31.951,9.37377,9.37552,1.00,1.50
2017.08.03 13:34:33.775,9.37377,9.3754,1.00,1.00
2017.08.03 13:34:34.440,9.37378,9.3754,1.00,1.00
2017.08.03 13:34:34.696,9.37388,9.37553,1.00,1.00
2017.08.03 13:34:34.959,9.37414,9.37553,1.50,1.00
2017.08.03 13:34:35.097,9.37414,9.37556,1.50,1.00
2017.08.03 13:34:35.148,9.37458,9.37575,2.85,1.00
2017.08.03 13:34:35.199,9.3746,9.37595,2.10,1.00
2017.08.03 13:34:35.251,9.37454,9.37616,2.10,1.00
2017.08.03 13:34:35.353,9.37454,9.37646,2.10,1.00
2017.08.03 13:34:35.507,9.37449,9.37646,2.85,1.00
2017.08.03 13:34:35.732,9.37448,9.37646,1.60,1.00
2017.08.03 13:34:35.783,9.37448,9.37649,1.60,1.00
2017.08.03 13:34:35.835,9.3745,9.37649,2.10,1.00
2017.08.03 13:34:36.040,9.37448,9.37649,1.60,1.00
2017.08.03 13:34:36.390,9.37447,9.37649,1.60,1.00
2017.08.03 13:34:36.645,9.37448,9.37649,1.60,1.00
2017.08.03 13:34:36.696,9.37448,9.37636,1.60,1.00
2017.08.03 13:34:37.000,9.37448,9.37636,1.60,1.00
2017.08.03 13:34:37.535,9.37448,9.37636,1.60,1.00
2017.08.03 13:34:37.637,9.37448,9.37627,1.60,1.00
2017.08.03 13:34:37.942,9.37448,9.37627,1.60,1.00
2017.08.03 13:34:38.102,9.37448,9.37627,1.60,1.00
2017.08.03 13:34:39.211,9.37448,9.37627,1.60,1.00
2017.08.03 13:34:39.759,9.37448,9.37627,1.60,1.00
2017.08.03 13:34:39.810,9.37448,9.37627,1.60,1.00
2017.08.03 13:34:40.257,9.37448,9.37627,1.60,1.00
2017.08.03 13:34:41.144,9.37448,9.37627,1.60,1.00
2017.08.03 13:34:41.449,9.37448,9.37627,1.60,1.00
2017.08.03 13:34:41.735,9.37448,9.37627,1.60,1.00
2017.08.03 13:34:42.928,9.37448,9.37627,1.00,1.00
2017.08.03 13:34:47.871,9.37437,9.37627,1.60,1.00
2017.08.03 13:34:48.075,9.37437,9.37627,1.60,1.00
2017.08.03 13:34:48.126,9.37437,9.37636,1.60,1.00
2017.08.03 13:34:49.065,9.37448,9.37636,1.00,1.00
2017.08.03 13:34:51.566,9.37448,9.37636,1.60,1.00
2017.08.03 13:34:51.617,9.37448,9.37636,1.00,1.00
2017.08.03 13:34:52.043,9.37448,9.37639,1.00,1.50
2017.08.03 13:34:56.358,9.37447,9.37639,1.00,1.00
2017.08.03 13:34:57.020,9.37448,9.37639,1.00,1.00
2017.08.03 13:34:58.498,9.37448,9.37639,1.00,1.15
2017.08.03 13:35:00.981,9.37415,9.37573,1.00,1.00
2017.08.03 13:35:01.033,9.37389,9.37572,1.00,1.00
2017.08.03 13:35:01.084,9.37389,9.37548,1.00,1.00
2017.08.03 13:35:01.238,9.37306,9.37522,1.00,1.00
2017.08.03 13:35:01.390,9.37305,9.37518,1.00,1.00
2017.08.03 13:35:01.697,9.37287,9.37499,1.00,1.00
2017.08.03 13:35:02.720,9.37288,9.37499,1.00,1.00
2017.08.03 13:35:04.310,9.3729,9.37499,1.00,1.00
2017.08.03 13:35:04.615,9.37293,9.3751,1.00,1.15
2017.08.03 13:35:06.435,9.37287,9.37499,1.00,1.00
2017.08.03 13:35:07.692,9.37279,9.37499,1.00,1.50
2017.08.03 13:35:07.845,9.37273,9.37485,1.00,1.00
2017.08.03 13:35:08.186,9.37268,9.37473,1.00,1.00
2017.08.03 13:35:08.237,9.37268,9.37484,1.00,1.15
2017.08.03 13:35:09.307,9.37272,9.37485,1.00,1.00
2017.08.03 13:35:10.688,9.37272,9.37487,1.00,1.50
2017.08.03 13:35:10.899,9.37267,9.37487,1.00,1.50
2017.08.03 13:35:11.953,9.37271,9.37487,1.00,1.00
2017.08.03 13:35:14.633,9.37311,9.37487,1.00,1.00
2017.08.03 13:35:15.883,9.37311,9.37492,1.00,1.00
2017.08.03 13:35:18.389,9.37338,9.37492,1.00,1.00
2017.08.03 13:35:18.652,9.37336,9.37492,1.00,1.00
2017.08.03 13:35:18.704,9.3733,9.37492,1.00,1.00
2017.08.03 13:35:18.755,9.37329,9.37538,1.00,1.00
2017.08.03 13:35:18.807,9.37331,9.37551,1.00,1.00
2017.08.03 13:35:18.859,9.37335,9.37551,1.00,1.00
2017.08.03 13:35:19.254,9.37335,9.37532,1.00,1.00
2017.08.03 13:35:19.720,9.3736,9.37532,1.00,1.00
2017.08.03 13:35:20.356,9.3736,9.37546,1.00,1.00
2017.08.03 13:35:20.407,9.3736,9.37551,1.00,1.00
2017.08.03 13:35:20.458,9.3736,9.37536,1.00,1.00
2017.08.03 13:35:21.195,9.3736,9.3755,1.00,1.00
2017.08.03 13:35:24.269,9.3736,9.37542,1.00,1.00
2017.08.03 13:35:24.573,9.3736,9.37532,1.00,1.00
2017.08.03 13:35:25.605,9.37336,9.37522,1.00,1.00
2017.08.03 13:35:25.656,9.37331,9.37522,1.00,1.00
2017.08.03 13:35:25.707,9.37331,9.37512,1.00,1.00
2017.08.03 13:35:25.759,9.37331,9.37522,1.00,1.00
2017.08.03 13:35:25.810,9.37331,9.37509,1.00,1.00
2017.08.03 13:35:25.861,9.37315,9.37502,1.00,1.00
2017.08.03 13:35:25.912,9.37294,9.37502,1.00,1.00
2017.08.03 13:35:25.964,9.37294,9.37509,1.00,1.00
2017.08.03 13:35:26.015,9.37289,9.37502,1.00,1.00
2017.08.03 13:35:26.066,9.37289,9.37509,1.00,1.00
2017.08.03 13:35:26.117,9.37289,9.37502,1.00,1.00
2017.08.03 13:35:26.586,9.37289,9.37421,1.00,1.00
2017.08.03 13:35:26.688,9.37208,9.37386,1.00,1.00
2017.08.03 13:35:26.739,9.37208,9.37405,1.00,1.00
2017.08.03 13:35:26.790,9.3724,9.37373,1.00,1.00
2017.08.03 13:35:26.892,9.37214,9.37403,1.00,1.00
2017.08.03 13:35:26.943,9.37244,9.37403,1.00,1.00
2017.08.03 13:35:26.994,9.37244,9.37435,1.00,1.00
2017.08.03 13:35:27.452,9.37254,9.37435,1.00,1.00
2017.08.03 13:35:28.160,9.37276,9.37435,1.00,1.00
2017.08.03 13:35:28.465,9.37233,9.3742,1.00,1.00
2017.08.03 13:35:28.516,9.37208,9.37402,1.00,1.00
2017.08.03 13:35:28.618,9.37178,9.37375,1.00,1.00
2017.08.03 13:35:28.669,9.37184,9.37375,1.00,1.00
2017.08.03 13:35:29.155,9.37195,9.37375,1.00,1.00
2017.08.03 13:35:29.733,9.37203,9.37375,1.00,1.00
2017.08.03 13:35:30.169,9.37221,9.37375,1.00,1.00
2017.08.03 13:35:30.510,9.37241,9.3739,1.00,1.00
2017.08.03 13:35:32.020,9.37241,9.37384,1.00,1.00
2017.08.03 13:35:33.541,9.37241,9.37398,1.00,1.00
2017.08.03 13:35:38.955,9.3724,9.37398,1.00,1.00
2017.08.03 13:35:39.108,9.37243,9.37398,1.00,1.00
2017.08.03 13:35:39.238,9.37241,9.37397,1.00,1.00
2017.08.03 13:35:39.289,9.37244,9.37397,1.00,1.00
2017.08.03 13:35:39.340,9.37244,9.37433,1.00,1.00
2017.08.03 13:35:39.544,9.37261,9.37433,1.00,1.00
2017.08.03 13:35:41.845,9.37241,9.37433,1.00,1.50
2017.08.03 13:35:41.947,9.37241,9.3741,1.00,1.00
2017.08.03 13:35:42.254,9.37241,9.37395,1.00,1.00
2017.08.03 13:35:42.305,9.37241,9.37408,1.00,1.50
2017.08.03 13:35:42.607,9.37241,9.37395,1.00,1.00
2017.08.03 13:35:42.658,9.37241,9.37405,1.00,1.00
2017.08.03 13:35:42.761,9.37241,9.37394,1.00,1.00
2017.08.03 13:35:43.638,9.37241,9.37409,1.00,1.00
2017.08.03 13:35:43.740,9.37241,9.374,1.00,1.00
2017.08.03 13:35:44.046,9.37241,9.37397,1.00,1.00
2017.08.03 13:35:44.446,9.37241,9.37399,1.00,1.00
2017.08.03 13:35:44.547,9.37241,9.37397,1.00,1.00
2017.08.03 13:35:44.853,9.37264,9.37412,1.00,1.00
2017.08.03 13:35:44.907,9.37262,9.37412,1.00,1.00
2017.08.03 13:35:44.958,9.37262,9.37438,1.00,1.00
2017.08.03 13:35:45.836,9.37286,9.37438,1.00,1.00
2017.08.03 13:35:48.002,9.37289,9.37438,1.00,1.00
2017.08.03 13:35:48.154,9.37289,9.3744,1.00,1.00
2017.08.03 13:35:52.093,9.37289,9.37437,1.00,1.00
2017.08.03 13:35:59.814,9.37289,9.3745,1.00,1.00
2017.08.03 13:36:01.750,9.3731,9.3745,1.00,1.00
2017.08.03 13:36:01.902,9.37319,9.37488,1.00,1.00
2017.08.03 13:36:02.004,9.37345,9.37507,1.00,1.00
2017.08.03 13:36:02.106,9.3736,9.37543,1.00,1.00
2017.08.03 13:36:02.208,9.37392,9.37574,1.00,1.00
2017.08.03 13:36:02.532,9.37413,9.37586,1.00,1.00
2017.08.03 13:36:02.838,9.37403,9.37586,1.00,1.00
2017.08.03 13:36:04.651,9.37425,9.37586,1.00,1.00
2017.08.03 13:36:04.804,9.37422,9.37586,1.00,1.00
2017.08.03 13:36:04.856,9.37427,9.37586,1.00,1.00
2017.08.03 13:36:04.908,9.37424,9.37586,1.00,1.00
2017.08.03 13:36:05.693,9.37448,9.37586,1.00,1.00
2017.08.03 13:36:06.347,9.37441,9.37586,1.00,1.00
2017.08.03 13:36:06.449,9.37442,9.37603,1.00,1.00
2017.08.03 13:36:06.551,9.37442,9.37631,1.00,1.00
2017.08.03 13:36:07.950,9.37442,9.37632,1.00,1.00
2017.08.03 13:36:09.462,9.37442,9.37631,1.00,1.00
2017.08.03 13:36:09.668,9.37442,9.3762,1.00,1.00
2017.08.03 13:36:12.046,9.37442,9.37625,1.00,1.00
2017.08.03 13:36:13.640,9.37474,9.37625,1.00,1.00
2017.08.03 13:36:17.205,9.37485,9.37625,1.00,1.00
2017.08.03 13:36:17.257,9.37496,9.37662,1.00,1.00
2017.08.03 13:36:17.308,9.37512,9.37662,1.00,1.00
2017.08.03 13:36:17.359,9.37512,9.37695,1.00,1.00
2017.08.03 13:36:17.411,9.37536,9.37695,1.00,1.00
2017.08.03 13:36:17.513,9.37536,9.37708,1.00,1.00
2017.08.03 13:36:17.711,9.37553,9.37708,1.00,1.00
2017.08.03 13:36:17.763,9.37563,9.37732,1.00,1.00
2017.08.03 13:36:17.966,9.37559,9.37733,1.00,1.00
2017.08.03 13:36:18.119,9.37564,9.37733,1.00,1.00
2017.08.03 13:36:18.670,9.37559,9.37733,1.00,1.00
2017.08.03 13:36:19.831,9.37563,9.37733,1.00,1.00
2017.08.03 13:36:21.472,9.37562,9.37733,1.00,1.00
2017.08.03 13:36:22.501,9.37548,9.37733,1.00,1.00
2017.08.03 13:36:22.552,9.37548,9.37702,1.00,1.00
2017.08.03 13:36:23.022,9.37546,9.37702,1.00,1.00
2017.08.03 13:36:23.377,9.37546,9.37692,1.00,1.00
2017.08.03 13:36:23.479,9.37546,9.37702,1.00,1.00
2017.08.03 13:36:24.242,9.37533,9.37703,1.00,1.00
2017.08.03 13:36:25.499,9.37533,9.37692,1.00,1.00
2017.08.03 13:36:26.008,9.37533,9.37693,1.00,1.00
2017.08.03 13:36:27.116,9.37533,9.37692,1.00,1.00
2017.08.03 13:36:27.172,9.3753,9.37692,1.00,1.00
2017.08.03 13:36:27.229,9.37521,9.37692,1.00,1.00
2017.08.03 13:36:27.283,9.37521,9.3769,1.00,1.00
2017.08.03 13:36:31.994,9.37521,9.37686,1.00,1.00
2017.08.03 13:36:32.045,9.37497,9.37682,1.00,1.20
2017.08.03 13:36:32.096,9.37496,9.37662,1.00,1.00
2017.08.03 13:36:32.147,9.37496,9.3767,1.00,1.00
2017.08.03 13:36:32.198,9.37496,9.37654,1.00,1.00
2017.08.03 13:36:32.249,9.37477,9.37654,1.00,1.50
2017.08.03 13:36:32.351,9.37461,9.37652,1.00,1.00
2017.08.03 13:36:32.403,9.37461,9.3764,1.00,1.00
2017.08.03 13:36:32.555,9.37447,9.3764,1.00,1.00
2017.08.03 13:36:32.606,9.37447,9.37628,1.00,1.00
2017.08.03 13:36:33.632,9.37466,9.37628,1.00,1.00
2017.08.03 13:36:33.938,9.37486,9.37639,1.00,1.00
2017.08.03 13:36:34.761,9.3746,9.37639,1.00,1.00
2017.08.03 13:36:34.812,9.37447,9.37638,1.00,1.00
2017.08.03 13:36:34.914,9.37447,9.37625,1.00,1.00
2017.08.03 13:36:35.371,9.37449,9.37625,1.00,1.00
2017.08.03 13:36:35.678,9.37461,9.37625,1.00,1.00
2017.08.03 13:36:36.432,9.37461,9.37638,1.00,1.00
2017.08.03 13:36:37.924,9.37461,9.37626,1.00,1.00
2017.08.03 13:36:39.650,9.37439,9.37626,1.00,1.00
2017.08.03 13:36:39.701,9.37436,9.37626,1.00,1.00
2017.08.03 13:36:39.752,9.37436,9.37626,1.00,1.15
2017.08.03 13:36:41.178,9.37436,9.37626,1.00,1.00
2017.08.03 13:36:41.937,9.37436,9.37622,1.00,1.20
2017.08.03 13:36:42.263,9.37436,9.37613,1.00,1.00
2017.08.03 13:36:42.884,9.37436,9.37627,1.00,1.00
2017.08.03 13:36:44.769,9.37436,9.37614,1.00,1.00
2017.08.03 13:36:47.229,9.37436,9.37612,1.00,1.00
2017.08.03 13:36:47.382,9.37436,9.37614,1.00,1.00
2017.08.03 13:36:48.136,9.37436,9.37614,1.00,1.15
2017.08.03 13:36:48.493,9.37436,9.37614,1.00,1.00
2017.08.03 13:36:50.353,9.37436,9.37612,1.00,1.00
2017.08.03 13:36:51.018,9.37436,9.37601,1.00,1.00
2017.08.03 13:36:52.001,9.37436,9.37599,1.00,1.00
2017.08.03 13:36:52.153,9.37416,9.37599,1.00,1.00
2017.08.03 13:36:52.959,9.37411,9.37599,1.00,1.00
2017.08.03 13:36:53.163,9.37399,9.37599,1.00,1.00
2017.08.03 13:36:54.889,9.37404,9.37599,1.00,1.00
2017.08.03 13:37:02.731,9.37406,9.37599,1.00,1.00
2017.08.03 13:37:03.513,9.37409,9.37599,1.00,1.00
2017.08.03 13:37:12.062,9.37409,9.37603,1.00,1.00
2017.08.03 13:37:12.582,9.37409,9.37603,1.00,1.15
2017.08.03 13:37:12.928,9.37405,9.37603,1.00,1.15
2017.08.03 13:37:13.439,9.37405,9.37603,1.00,1.20
2017.08.03 13:37:13.612,9.37405,9.37603,1.00,1.15
2017.08.03 13:37:14.663,9.37403,9.37602,1.00,1.15
2017.08.03 13:37:14.767,9.37403,9.37589,1.00,1.50
2017.08.03 13:37:15.073,9.37395,9.37543,1.00,1.00
2017.08.03 13:37:15.175,9.37372,9.37542,1.00,1.00
2017.08.03 13:37:15.277,9.37356,9.37541,1.00,1.00
2017.08.03 13:37:15.409,9.37356,9.37533,1.00,1.00
2017.08.03 13:37:15.511,9.37318,9.37523,1.00,1.00
2017.08.03 13:37:15.714,9.37334,9.37522,1.00,1.00
2017.08.03 13:37:16.018,9.37312,9.37507,1.00,1.00
2017.08.03 13:37:16.170,9.37301,9.37492,1.00,1.00
2017.08.03 13:37:16.222,9.37301,9.37501,1.00,1.00
2017.08.03 13:37:16.273,9.37279,9.37492,1.00,1.00
2017.08.03 13:37:16.426,9.37279,9.37468,1.00,1.00
2017.08.03 13:37:16.731,9.37273,9.37465,1.00,1.15
2017.08.03 13:37:16.783,9.37265,9.37465,1.00,1.15
2017.08.03 13:37:16.834,9.37255,9.37465,1.00,1.15
2017.08.03 13:37:16.936,9.37255,9.37465,1.00,1.15
2017.08.03 13:37:17.038,9.37244,9.37453,1.00,1.15
2017.08.03 13:37:17.241,9.37256,9.37453,1.00,1.15
2017.08.03 13:37:17.432,9.37256,9.37453,1.00,1.15
2017.08.03 13:37:17.825,9.37267,9.37452,1.00,1.20
2017.08.03 13:37:18.135,9.37267,9.37452,1.00,1.15
2017.08.03 13:37:18.541,9.37305,9.37452,1.00,1.20
2017.08.03 13:37:19.255,9.37291,9.37451,1.00,1.00
2017.08.03 13:37:19.307,9.37311,9.37451,1.00,1.00
2017.08.03 13:37:19.460,9.37326,9.37467,1.00,1.00
2017.08.03 13:37:19.511,9.37326,9.37482,1.00,1.00
2017.08.03 13:37:19.562,9.37309,9.37482,1.00,1.00
2017.08.03 13:37:19.668,9.37302,9.37482,1.00,1.00
2017.08.03 13:37:19.720,9.37318,9.37482,1.00,1.00
2017.08.03 13:37:19.923,9.37318,9.37507,1.00,1.00
2017.08.03 13:37:20.432,9.37338,9.37507,1.00,1.00
2017.08.03 13:37:20.484,9.37346,9.37517,1.00,1.00
2017.08.03 13:37:20.535,9.37336,9.37517,1.00,1.00
2017.08.03 13:37:20.637,9.3735,9.37517,1.00,1.00
2017.08.03 13:37:21.175,9.3735,9.37532,1.00,1.20
2017.08.03 13:37:21.227,9.37359,9.37532,1.00,1.20
2017.08.03 13:37:21.633,9.37376,9.3754,1.00,1.15
2017.08.03 13:37:21.785,9.37376,9.3754,1.00,1.00
2017.08.03 13:37:22.401,9.37376,9.37544,1.00,1.00
2017.08.03 13:37:22.925,9.37396,9.37544,1.00,1.00
2017.08.03 13:37:23.966,9.37396,9.37545,1.00,1.00
2017.08.03 13:37:24.654,9.37391,9.37436,1.00,1.50
2017.08.03 13:37:24.805,9.37357,9.37501,1.00,1.00
2017.08.03 13:37:24.856,9.373,9.37501,1.00,1.00
2017.08.03 13:37:25.009,9.37309,9.37501,1.00,1.00
2017.08.03 13:37:25.111,9.37283,9.37485,1.00,1.00
2017.08.03 13:37:25.213,9.37315,9.37496,1.00,1.00
2017.08.03 13:37:25.496,9.3728,9.37485,1.00,1.00
2017.08.03 13:37:25.598,9.37336,9.37485,1.00,1.00
2017.08.03 13:37:26.361,9.37356,9.37485,1.00,1.00
2017.08.03 13:37:26.752,9.37356,9.37512,1.00,1.00
2017.08.03 13:37:27.335,9.37356,9.37503,1.00,1.00
2017.08.03 13:37:27.927,9.37356,9.375,1.00,1.00
2017.08.03 13:37:29.091,9.37356,9.37497,1.00,1.00
2017.08.03 13:37:35.230,9.37356,9.375,1.00,1.00
2017.08.03 13:37:36.431,9.37356,9.37501,1.00,1.00
2017.08.03 13:37:36.872,9.37379,9.37504,1.00,1.00
2017.08.03 13:37:36.975,9.37389,9.37524,1.50,1.00
2017.08.03 13:37:37.027,9.37389,9.37584,1.50,1.00
2017.08.03 13:37:37.232,9.37386,9.3758,1.00,1.00
2017.08.03 13:37:37.385,9.37374,9.3758,1.00,1.00
2017.08.03 13:37:37.538,9.37374,9.37566,1.00,1.00
2017.08.03 13:37:37.943,9.37391,9.37566,1.00,1.00
2017.08.03 13:37:39.179,9.37391,9.37564,1.00,1.00
2017.08.03 13:37:40.367,9.37391,9.37566,1.00,1.50
2017.08.03 13:37:40.470,9.37391,9.3755,1.00,1.00
2017.08.03 13:37:41.080,9.37367,9.3755,1.00,1.00
2017.08.03 13:37:41.183,9.37367,9.37537,1.00,1.00
2017.08.03 13:37:41.529,9.37369,9.37537,1.00,1.00
2017.08.03 13:37:45.088,9.37366,9.37537,1.00,1.00
2017.08.03 13:37:45.139,9.3737,9.37537,1.00,1.00
2017.08.03 13:37:46.766,9.3737,9.37525,1.00,1.00
2017.08.03 13:37:48.089,9.3737,9.37521,1.00,1.00
2017.08.03 13:37:49.177,9.3737,9.37524,1.00,1.00
2017.08.03 13:37:50.175,9.3735,9.37468,1.00,1.00
2017.08.03 13:37:50.277,9.37314,9.37461,1.00,1.00
2017.08.03 13:37:50.328,9.37314,9.37493,1.00,1.00
2017.08.03 13:37:50.380,9.37294,9.37416,1.00,1.00
2017.08.03 13:37:50.431,9.37264,9.37416,1.00,1.00
2017.08.03 13:37:50.482,9.37259,9.37469,1.00,1.00
2017.08.03 13:37:50.585,9.37264,9.37452,1.00,1.00
2017.08.03 13:37:50.758,9.37219,9.37413,1.00,1.00
2017.08.03 13:37:50.811,9.37199,9.37389,1.00,1.00
2017.08.03 13:37:51.014,9.37135,9.37354,1.00,1.00
2017.08.03 13:37:51.167,9.37135,9.37338,1.00,1.00
2017.08.03 13:37:51.371,9.37115,9.37335,1.50,1.00
2017.08.03 13:37:52.078,9.37122,9.37338,1.00,1.00
2017.08.03 13:37:52.383,9.37122,9.37332,1.00,1.00
2017.08.03 13:37:52.687,9.37134,9.37332,1.00,1.00
2017.08.03 13:37:53.042,9.37134,9.3734,1.00,1.00
2017.08.03 13:37:54.231,9.37134,9.37341,1.00,1.00
2017.08.03 13:37:55.143,9.37134,9.37341,1.00,1.15
2017.08.03 13:37:55.532,9.37147,9.37341,1.00,1.15
2017.08.03 13:37:57.743,9.37135,9.37341,1.00,1.15
2017.08.03 13:37:58.687,9.37135,9.3734,1.00,1.15
2017.08.03 13:37:59.698,9.37135,9.3734,1.00,1.15
2017.08.03 13:38:00.384,9.37135,9.37342,1.00,1.15
2017.08.03 13:38:00.435,9.37135,9.37342,1.00,1.00
2017.08.03 13:38:00.486,9.37135,9.37342,1.00,1.15
2017.08.03 13:38:00.825,9.37135,9.37342,1.00,1.15
2017.08.03 13:38:01.584,9.37135,9.37341,1.00,1.15
2017.08.03 13:38:01.736,9.3712,9.37338,1.00,1.15
2017.08.03 13:38:01.838,9.3712,9.37338,1.00,1.15
2017.08.03 13:38:03.486,9.3712,9.37317,1.00,1.15
2017.08.03 13:38:03.639,9.37107,9.37317,1.00,1.15
2017.08.03 13:38:05.022,9.37107,9.37326,1.00,1.00
2017.08.03 13:38:05.073,9.37119,9.37326,1.00,1.15
2017.08.03 13:38:08.916,9.37119,9.37333,1.00,1.15
2017.08.03 13:38:09.897,9.37119,9.37332,1.00,1.15
2017.08.03 13:38:10.158,9.37119,9.37332,1.00,1.00
2017.08.03 13:38:10.209,9.37119,9.37332,1.00,1.15
2017.08.03 13:38:10.538,9.37119,9.37332,1.00,1.15
2017.08.03 13:38:10.823,9.37104,9.37321,1.00,1.15
2017.08.03 13:38:11.595,9.37104,9.37323,1.00,1.15
2017.08.03 13:38:11.784,9.3712,9.37323,1.00,1.15
2017.08.03 13:38:11.987,9.37115,9.37323,1.00,1.15
2017.08.03 13:38:13.285,9.37115,9.37328,1.00,1.00
2017.08.03 13:38:13.336,9.37115,9.37328,1.00,1.15
2017.08.03 13:38:13.667,9.37115,9.37328,1.00,1.15
2017.08.03 13:38:13.718,9.37115,9.37328,1.00,1.00
2017.08.03 13:38:13.769,9.37115,9.37328,1.00,1.15
2017.08.03 13:38:14.113,9.37115,9.37328,1.00,1.15
2017.08.03 13:38:14.654,9.37115,9.37328,1.60,1.15
2017.08.03 13:38:14.756,9.37115,9.37335,1.00,1.65
2017.08.03 13:38:15.651,9.37128,9.37335,1.00,1.15
2017.08.03 13:38:18.502,9.37128,9.37335,1.00,1.00
2017.08.03 13:38:18.554,9.37128,9.37335,1.00,1.15
2017.08.03 13:38:20.024,9.37128,9.37335,1.00,1.00
2017.08.03 13:38:20.076,9.37128,9.37335,1.00,1.15
2017.08.03 13:38:20.481,9.37128,9.37335,1.00,1.00
2017.08.03 13:38:20.532,9.37128,9.37335,1.00,1.15
2017.08.03 13:38:20.866,9.37128,9.37339,1.00,1.15
2017.08.03 13:38:21.431,9.37128,9.37339,1.00,1.15
2017.08.03 13:38:21.970,9.37128,9.37338,1.00,1.15
2017.08.03 13:38:22.277,9.37114,9.37332,1.00,1.15
2017.08.03 13:38:22.380,9.37114,9.37315,1.00,1.15
2017.08.03 13:38:22.684,9.37101,9.37315,1.00,1.15
2017.08.03 13:38:23.754,9.37101,9.37321,1.60,1.00
2017.08.03 13:38:23.805,9.37101,9.37321,1.00,1.15
2017.08.03 13:38:24.110,9.37114,9.37322,1.00,1.15
2017.08.03 13:38:25.049,9.37114,9.37327,1.00,1.15
2017.08.03 13:38:25.789,9.37114,9.37322,1.00,1.15
2017.08.03 13:38:26.281,9.37114,9.37302,1.00,1.15
2017.08.03 13:38:26.384,9.37101,9.37303,1.00,1.15
2017.08.03 13:38:26.536,9.37101,9.37303,1.00,1.15
2017.08.03 13:38:27.903,9.37101,9.37303,1.00,1.15
2017.08.03 13:38:28.231,9.37049,9.37204,1.00,1.00
2017.08.03 13:38:28.384,9.36984,9.3716,1.00,1.00
2017.08.03 13:38:28.436,9.36984,9.37152,1.00,1.00
2017.08.03 13:38:28.487,9.36945,9.37142,1.00,1.20
2017.08.03 13:38:28.538,9.36945,9.37139,1.00,1.00
2017.08.03 13:38:28.640,9.36938,9.37139,1.00,1.00
2017.08.03 13:38:28.984,9.36933,9.37139,1.00,1.00
2017.08.03 13:38:29.136,9.36948,9.37139,1.00,1.00
2017.08.03 13:38:29.188,9.36957,9.37152,1.00,1.00
2017.08.03 13:38:29.290,9.36978,9.37152,1.00,1.00
2017.08.03 13:38:29.443,9.36998,9.37181,1.00,1.00
2017.08.03 13:38:29.494,9.36998,9.37192,1.00,1.20
2017.08.03 13:38:29.799,9.37002,9.37192,1.00,1.00
2017.08.03 13:38:30.103,9.37008,9.37192,1.00,1.00
2017.08.03 13:38:30.308,9.37008,9.37222,1.00,1.00
2017.08.03 13:38:30.411,9.37018,9.37223,1.00,1.15
2017.08.03 13:38:30.718,9.37021,9.37223,1.00,1.00
2017.08.03 13:38:31.469,9.37021,9.37237,1.00,1.00
2017.08.03 13:38:31.520,9.37033,9.37237,1.00,1.00
2017.08.03 13:38:32.080,9.37034,9.37237,1.00,1.00
2017.08.03 13:38:32.894,9.37034,9.37248,1.00,1.00
2017.08.03 13:38:32.945,9.37034,9.37248,1.00,1.15
2017.08.03 13:38:33.149,9.37034,9.37248,1.00,1.00
2017.08.03 13:38:34.041,9.37034,9.3725,1.00,1.00
2017.08.03 13:38:35.226,9.37034,9.37254,1.00,1.15
2017.08.03 13:38:35.391,9.37034,9.37254,1.00,1.00
2017.08.03 13:38:35.493,9.37048,9.37258,1.00,1.00
2017.08.03 13:38:36.013,9.37053,9.37258,1.00,1.00
2017.08.03 13:38:36.339,9.37099,9.37288,1.00,1.00
2017.08.03 13:38:36.644,9.37182,9.37357,1.00,1.00
2017.08.03 13:38:36.696,9.37182,9.37359,1.00,1.00
2017.08.03 13:38:36.797,9.37191,9.37359,1.00,1.00
2017.08.03 13:38:36.901,9.37191,9.37387,1.00,1.00
2017.08.03 13:38:36.952,9.37211,9.37387,1.00,1.00
2017.08.03 13:38:37.003,9.37221,9.37403,1.00,1.50
2017.08.03 13:38:37.105,9.37252,9.37435,1.00,1.00
2017.08.03 13:38:37.286,9.37237,9.37435,1.00,1.00
2017.08.03 13:38:37.439,9.37234,9.37435,1.00,1.00
2017.08.03 13:38:38.230,9.37234,9.37442,1.00,1.20
2017.08.03 13:38:38.548,9.37234,9.37439,1.00,1.00
2017.08.03 13:38:40.841,9.37234,9.37436,1.00,1.00
2017.08.03 13:38:42.279,9.37234,9.37442,1.00,1.65
2017.08.03 13:38:43.599,9.37234,9.37441,1.00,1.00
2017.08.03 13:38:44.747,9.37234,9.37444,1.00,1.15
2017.08.03 13:38:48.413,9.37234,9.37444,1.00,1.00
2017.08.03 13:38:48.547,9.3724,9.37441,1.00,1.00
2017.08.03 13:38:48.853,9.37253,9.37441,1.00,1.00
2017.08.03 13:38:50.177,9.37253,9.37454,1.00,1.15
2017.08.03 13:38:50.431,9.3726,9.37454,1.00,1.00
2017.08.03 13:38:51.458,9.37254,9.37463,1.00,1.20
2017.08.03 13:38:51.560,9.37252,9.37435,1.00,1.00
2017.08.03 13:38:51.758,9.37221,9.37435,1.00,1.00
2017.08.03 13:38:51.860,9.37234,9.37435,1.00,1.00
2017.08.03 13:38:52.165,9.37234,9.37425,1.00,1.00
2017.08.03 13:38:52.279,9.37225,9.37422,1.00,1.00
2017.08.03 13:38:52.431,9.37225,9.37412,1.00,1.00
2017.08.03 13:38:52.736,9.37212,9.37402,1.00,1.00
2017.08.03 13:38:53.033,9.37199,9.37398,1.00,1.00
2017.08.03 13:38:58.345,9.37202,9.37398,1.00,1.00
2017.08.03 13:38:58.547,9.37186,9.37398,1.00,1.00
2017.08.03 13:38:58.649,9.37194,9.37411,1.00,1.00
2017.08.03 13:38:58.716,9.37202,9.37411,1.00,1.00
2017.08.03 13:38:59.794,9.37202,9.37414,1.00,1.00
2017.08.03 13:39:00.851,9.37202,9.37414,1.00,1.15
2017.08.03 13:39:01.358,9.37202,9.37413,1.00,1.15
2017.08.03 13:39:03.018,9.37202,9.37413,1.00,1.00
2017.08.03 13:39:03.709,9.37202,9.37413,1.00,1.15
2017.08.03 13:39:09.019,9.37201,9.37412,1.00,1.20
2017.08.03 13:39:13.929,9.37195,9.37415,1.00,1.65
2017.08.03 13:39:14.134,9.37204,9.37415,1.00,1.65
2017.08.03 13:39:14.185,9.37204,9.37415,1.00,1.00
2017.08.03 13:39:14.337,9.37216,9.37415,1.00,1.00
2017.08.03 13:39:14.388,9.37216,9.37419,1.00,1.00
2017.08.03 13:39:15.402,9.37216,9.3743,1.00,1.00
2017.08.03 13:39:16.571,9.37216,9.37429,1.00,1.00
2017.08.03 13:39:16.966,9.37216,9.37422,1.00,1.00
2017.08.03 13:39:17.271,9.37209,9.37413,1.00,1.00
2017.08.03 13:39:17.778,9.37209,9.37412,1.00,1.00
2017.08.03 13:39:19.770,9.37209,9.37402,1.00,1.00
2017.08.03 13:39:20.075,9.37198,9.37402,1.00,1.50
2017.08.03 13:39:20.178,9.37198,9.37392,1.00,1.00
2017.08.03 13:39:20.489,9.37198,9.37402,1.00,1.00
2017.08.03 13:39:20.692,9.37188,9.37402,1.00,1.00
2017.08.03 13:39:21.111,9.37188,9.37399,1.00,1.00
2017.08.03 13:39:22.352,9.37188,9.37402,1.00,1.00
2017.08.03 13:39:22.403,9.37196,9.37406,1.00,1.00
2017.08.03 13:39:23.480,9.37196,9.37416,1.50,1.50
2017.08.03 13:39:24.367,9.37209,9.37416,1.00,1.50
2017.08.03 13:39:24.902,9.37209,9.37425,1.50,1.00
2017.08.03 13:39:25.210,9.37223,9.37425,1.00,1.00
2017.08.03 13:39:25.514,9.37239,9.37425,1.00,1.00
2017.08.03 13:39:25.808,9.37226,9.37425,1.00,1.00
2017.08.03 13:39:26.771,9.37226,9.37445,1.00,1.15
2017.08.03 13:39:27.285,9.37226,9.37445,1.00,1.15
2017.08.03 13:39:29.639,9.37226,9.37441,1.00,1.00
2017.08.03 13:39:32.443,9.37226,9.37446,1.50,1.65
2017.08.03 13:39:32.595,9.37226,9.37446,2.10,1.50
2017.08.03 13:39:32.646,9.37237,9.37446,1.00,1.50
2017.08.03 13:39:32.951,9.37275,9.37477,1.00,1.00
2017.08.03 13:39:33.154,9.37267,9.37477,1.00,1.00
2017.08.03 13:39:33.307,9.37275,9.37477,1.00,1.00
2017.08.03 13:39:34.208,9.37275,9.37486,1.00,1.00
2017.08.03 13:39:34.361,9.37267,9.37486,1.00,1.15
2017.08.03 13:39:34.665,9.37267,9.37486,1.00,1.00
2017.08.03 13:39:35.552,9.37267,9.37487,1.00,1.50
2017.08.03 13:39:37.861,9.37267,9.37482,1.00,1.20
2017.08.03 13:39:38.203,9.37267,9.37485,1.00,1.00
2017.08.03 13:39:38.356,9.37267,9.37485,1.00,1.15
2017.08.03 13:39:39.230,9.37267,9.3748,1.00,1.00
2017.08.03 13:39:39.542,9.37264,9.37472,1.00,1.00
2017.08.03 13:39:39.694,9.37264,9.37474,1.00,1.00
2017.08.03 13:39:39.897,9.37264,9.37472,1.00,1.00
2017.08.03 13:39:40.630,9.37264,9.37466,1.00,1.00
2017.08.03 13:39:41.183,9.37254,9.37466,1.00,1.00
2017.08.03 13:39:41.410,9.37261,9.37466,1.00,1.00
2017.08.03 13:39:42.372,9.37261,9.37474,1.00,1.00
2017.08.03 13:39:50.073,9.37266,9.37474,1.00,1.00
2017.08.03 13:39:52.040,9.37261,9.37474,1.50,1.00
2017.08.03 13:39:52.402,9.37261,9.37476,1.50,1.00
2017.08.03 13:39:52.718,9.37266,9.37476,1.00,1.00
2017.08.03 13:39:53.120,9.37273,9.37476,1.00,1.00
2017.08.03 13:39:53.638,9.37274,9.37476,1.00,1.00
2017.08.03 13:39:53.760,9.37274,9.37486,1.00,1.00
2017.08.03 13:39:54.676,9.37278,9.37486,1.00,1.00
2017.08.03 13:39:55.009,9.37287,9.3749,1.00,1.00
2017.08.03 13:39:55.596,9.37288,9.3749,1.00,1.00
2017.08.03 13:39:55.898,9.373,9.3749,1.00,1.00
2017.08.03 13:39:56.000,9.373,9.37515,1.00,1.00
2017.08.03 13:39:56.906,9.373,9.37515,1.00,1.15
2017.08.03 13:39:57.110,9.37305,9.3752,1.00,1.00
2017.08.03 13:39:57.162,9.37314,9.37512,1.00,1.00
2017.08.03 13:39:57.366,9.37314,9.37522,1.00,1.20
2017.08.03 13:39:57.468,9.373,9.37522,1.00,1.00
2017.08.03 13:39:57.613,9.37302,9.37522,1.00,1.50
2017.08.03 13:39:58.075,9.37302,9.37512,1.00,1.00
2017.08.03 13:39:58.330,9.37302,9.37519,1.00,1.00
2017.08.03 13:39:58.515,9.373,9.37519,1.00,1.00
2017.08.03 13:39:58.566,9.373,9.37502,1.00,1.00
2017.08.03 13:39:58.617,9.373,9.37512,1.00,1.09
2017.08.03 13:39:58.668,9.37292,9.37508,1.00,1.00
2017.08.03 13:39:58.770,9.37292,9.37495,1.00,1.00
2017.08.03 13:39:59.277,9.37292,9.37509,1.00,1.00
2017.08.03 13:39:59.430,9.37292,9.37504,1.00,1.00
2017.08.03 13:40:00.661,9.37292,9.37509,1.00,1.50
2017.08.03 13:40:01.843,9.37292,9.37507,1.00,1.00
2017.08.03 13:40:02.654,9.37292,9.37492,1.00,1.00
2017.08.03 13:40:02.960,9.37273,9.37482,1.00,1.00
2017.08.03 13:40:03.061,9.37273,9.37472,1.00,1.00
2017.08.03 13:40:03.113,9.37265,9.37472,1.00,1.00
2017.08.03 13:40:03.238,9.3726,9.37472,1.00,1.00
2017.08.03 13:40:03.340,9.37263,9.37472,1.00,1.00
2017.08.03 13:40:03.391,9.3726,9.37472,1.00,1.00
2017.08.03 13:40:03.443,9.37264,9.37472,1.00,1.00
2017.08.03 13:40:03.545,9.3726,9.37472,1.00,1.00
2017.08.03 13:40:03.597,9.37267,9.37472,1.00,1.00
2017.08.03 13:40:03.699,9.37267,9.37479,1.50,1.00
2017.08.03 13:40:03.801,9.37272,9.3749,1.00,1.15
2017.08.03 13:40:04.105,9.37272,9.3749,1.00,1.00
2017.08.03 13:40:04.283,9.37272,9.37485,1.00,1.00
2017.08.03 13:40:08.143,9.37272,9.37486,1.00,1.00
2017.08.03 13:40:11.985,9.37275,9.37486,1.00,1.00
2017.08.03 13:40:12.360,9.37275,9.37482,1.00,1.00
2017.08.03 13:40:12.512,9.37263,9.37472,1.00,1.00
2017.08.03 13:40:13.631,9.37263,9.37468,1.00,1.00
2017.08.03 13:40:14.311,9.3725,9.37468,1.00,1.15
2017.08.03 13:40:15.323,9.3725,9.3746,1.00,1.00
2017.08.03 13:40:16.781,9.3725,9.37458,1.00,1.00
2017.08.03 13:40:17.950,9.3725,9.37466,1.50,1.00
2017.08.03 13:40:18.530,9.37262,9.37466,1.00,1.00
2017.08.03 13:40:19.175,9.37262,9.37474,1.50,1.75
2017.08.03 13:40:19.517,9.37275,9.37474,1.00,1.15
2017.08.03 13:40:20.025,9.37275,9.37474,1.00,1.00
2017.08.03 13:40:20.345,9.37275,9.37479,1.00,1.00
2017.08.03 13:40:21.478,9.37282,9.37479,1.00,1.00
2017.08.03 13:40:21.529,9.37282,9.37485,1.00,1.15
2017.08.03 13:40:21.581,9.37298,9.37485,1.00,1.00
2017.08.03 13:40:21.829,9.37318,9.37516,1.00,1.00
2017.08.03 13:40:21.931,9.37322,9.37516,1.00,1.00
2017.08.03 13:40:22.236,9.3733,9.37516,1.00,1.00
2017.08.03 13:40:23.249,9.3733,9.37536,1.00,1.00
2017.08.03 13:40:23.466,9.3733,9.37536,1.00,1.60
2017.08.03 13:40:23.518,9.3733,9.37536,1.00,1.00
2017.08.03 13:40:24.532,9.3733,9.37538,1.00,1.00
2017.08.03 13:40:24.684,9.37338,9.37538,1.00,1.00
2017.08.03 13:40:24.735,9.3733,9.37538,1.00,1.00
2017.08.03 13:40:24.786,9.37337,9.37538,1.00,1.00
2017.08.03 13:40:25.137,9.37351,9.37538,1.00,1.00
2017.08.03 13:40:25.290,9.37358,9.37564,1.00,1.00
2017.08.03 13:40:25.341,9.37358,9.37569,1.00,1.00
2017.08.03 13:40:25.595,9.37368,9.37569,1.00,1.00
2017.08.03 13:40:25.900,9.37371,9.37569,1.00,1.00
2017.08.03 13:40:26.255,9.37378,9.37569,1.00,1.00
2017.08.03 13:40:26.687,9.37378,9.37583,1.00,1.15
2017.08.03 13:40:30.303,9.37371,9.37583,1.50,1.75
2017.08.03 13:40:30.354,9.37371,9.37584,1.50,1.75
2017.08.03 13:40:30.660,9.37348,9.37563,1.00,1.60
2017.08.03 13:40:30.711,9.37346,9.37559,1.00,2.10
2017.08.03 13:40:30.762,9.37346,9.37562,1.00,2.25
2017.08.03 13:40:31.300,9.37346,9.37553,1.00,1.15
2017.08.03 13:40:32.286,9.37346,9.37551,1.00,1.15
2017.08.03 13:40:32.725,9.37331,9.37551,1.00,1.15
2017.08.03 13:40:32.827,9.37331,9.37526,1.00,2.10
2017.08.03 13:40:32.930,9.37311,9.37523,1.00,1.00
2017.08.03 13:40:32.981,9.37304,9.37522,1.00,1.50
2017.08.03 13:40:33.032,9.37298,9.37511,1.00,1.00
2017.08.03 13:40:33.135,9.37275,9.37497,1.00,1.00
2017.08.03 13:40:33.237,9.3728,9.37497,1.00,1.00
2017.08.03 13:40:33.645,9.37275,9.37489,1.00,1.15
2017.08.03 13:40:33.951,9.3729,9.37489,1.00,1.15
2017.08.03 13:40:34.302,9.37311,9.37489,1.00,1.15
2017.08.03 13:40:34.607,9.37331,9.3749,1.60,1.00
2017.08.03 13:40:34.658,9.37341,9.37526,2.10,1.00
2017.08.03 13:40:34.709,9.37344,9.37526,2.10,1.00
2017.08.03 13:40:34.913,9.37339,9.37526,2.10,1.00
2017.08.03 13:40:35.033,9.37335,9.37555,1.60,1.15
2017.08.03 13:40:35.085,9.3735,9.37563,1.60,1.15
2017.08.03 13:40:35.237,9.37336,9.37556,1.00,1.15
2017.08.03 13:40:35.339,9.37322,9.37542,1.60,1.00
2017.08.03 13:40:35.494,9.37322,9.37542,1.60,1.20
2017.08.03 13:40:36.181,9.37322,9.37537,1.60,1.00
2017.08.03 13:40:36.282,9.37322,9.37537,1.00,1.00
2017.08.03 13:40:36.553,9.37342,9.37537,1.00,1.00
2017.08.03 13:40:37.366,9.37342,9.37546,1.00,1.15
2017.08.03 13:40:37.519,9.37342,9.37546,1.60,1.00
2017.08.03 13:40:38.698,9.37342,9.37554,1.60,1.65
2017.08.03 13:40:41.984,9.37342,9.37554,1.35,1.15
2017.08.03 13:40:44.049,9.37342,9.37554,1.60,1.00
2017.08.03 13:40:44.352,9.37342,9.37554,1.00,1.15
2017.08.03 13:40:47.026,9.37342,9.37554,1.60,1.15
2017.08.03 13:40:47.077,9.37342,9.37554,1.00,1.15
2017.08.03 13:40:47.179,9.37348,9.37554,1.00,1.15
2017.08.03 13:40:47.484,9.37377,9.37555,1.60,1.00
2017.08.03 13:40:47.636,9.37378,9.3758,1.60,1.00
2017.08.03 13:40:47.737,9.37371,9.3758,2.10,1.00
2017.08.03 13:40:47.789,9.37371,9.3758,2.10,1.00
2017.08.03 13:40:47.890,9.37383,9.37593,1.00,1.15
2017.08.03 13:40:48.100,9.37371,9.37591,2.10,1.00
2017.08.03 13:40:49.277,9.37371,9.37587,2.10,1.00
2017.08.03 13:40:49.379,9.37371,9.37587,2.10,1.00
2017.08.03 13:40:50.235,9.37371,9.37587,2.10,1.00
2017.08.03 13:40:50.544,9.37378,9.37585,1.60,1.00
2017.08.03 13:40:50.848,9.37388,9.37585,1.60,1.00
2017.08.03 13:40:51.182,9.37398,9.37585,1.50,1.00
2017.08.03 13:40:51.487,9.37411,9.37617,1.60,1.00
2017.08.03 13:40:52.088,9.37418,9.37617,1.60,1.00
2017.08.03 13:40:53.145,9.37418,9.37617,1.35,1.00
2017.08.03 13:40:53.247,9.37418,9.37627,1.60,1.00
2017.08.03 13:40:54.774,9.37418,9.37627,1.60,1.00
2017.08.03 13:40:55.474,9.37428,9.37627,1.00,1.00
2017.08.03 13:40:55.758,9.37428,9.37633,1.00,1.15
2017.08.03 13:40:57.250,9.37448,9.37633,1.00,1.00
2017.08.03 13:40:58.722,9.37458,9.37633,1.00,1.00
2017.08.03 13:40:58.907,9.37458,9.37648,1.00,1.00
2017.08.03 13:40:59.168,9.37447,9.37648,1.50,1.00
2017.08.03 13:40:59.270,9.37457,9.37648,1.00,1.00
2017.08.03 13:41:00.451,9.37452,9.37648,1.00,1.00
2017.08.03 13:41:00.502,9.37429,9.37642,1.60,1.00
2017.08.03 13:41:00.553,9.37429,9.37642,1.00,1.00
2017.08.03 13:41:00.945,9.37429,9.37635,1.00,1.00
2017.08.03 13:41:01.633,9.37429,9.37632,1.00,1.00
2017.08.03 13:41:02.313,9.37432,9.37632,1.00,1.20
2017.08.03 13:41:02.644,9.37437,9.37632,1.00,1.00
2017.08.03 13:41:02.924,9.37437,9.37634,1.00,1.00
2017.08.03 13:41:03.933,9.37438,9.37634,1.00,1.00
2017.08.03 13:41:05.128,9.37438,9.37634,1.60,1.00
2017.08.03 13:41:05.179,9.37448,9.37634,1.00,1.00
2017.08.03 13:41:05.505,9.37448,9.3764,1.00,1.00
2017.08.03 13:41:07.368,9.37448,9.37643,1.00,1.00
2017.08.03 13:41:07.654,9.37458,9.37643,1.00,1.00
2017.08.03 13:41:07.756,9.37448,9.37643,1.00,1.00
2017.08.03 13:41:08.802,9.37457,9.37643,1.00,1.00
2017.08.03 13:41:09.492,9.37478,9.37643,1.00,1.00
2017.08.03 13:41:09.543,9.37478,9.37648,1.00,1.00
2017.08.03 13:41:10.008,9.37472,9.37648,1.00,1.00
2017.08.03 13:41:11.273,9.37472,9.37654,1.00,1.00
2017.08.03 13:41:14.809,9.37458,9.37654,1.00,1.00
2017.08.03 13:41:14.911,9.37456,9.37654,1.00,1.00
2017.08.03 13:41:15.165,9.37443,9.37642,1.00,1.00
2017.08.03 13:41:15.267,9.37428,9.37642,1.00,1.20
2017.08.03 13:41:15.472,9.37414,9.37634,1.60,1.00
2017.08.03 13:41:15.654,9.37414,9.37634,1.60,1.11
2017.08.03 13:41:16.041,9.37426,9.37628,1.00,1.00
2017.08.03 13:41:16.347,9.37448,9.37628,1.00,1.00
2017.08.03 13:41:16.652,9.37458,9.37628,1.00,1.00
2017.08.03 13:41:17.501,9.37467,9.37628,1.00,1.00
2017.08.03 13:41:18.029,9.37468,9.37658,1.00,1.00
2017.08.03 13:41:20.607,9.37458,9.37658,1.00,1.00
2017.08.03 13:41:20.709,9.37468,9.37658,1.00,1.00
2017.08.03 13:41:21.132,9.37458,9.37658,1.00,1.00
2017.08.03 13:41:21.233,9.37458,9.37653,1.00,1.00
2017.08.03 13:41:21.284,9.37456,9.37653,1.00,1.00
2017.08.03 13:41:21.489,9.37443,9.37652,1.00,1.15
2017.08.03 13:41:21.591,9.3743,9.3765,1.00,1.00
2017.08.03 13:41:21.693,9.3743,9.3765,1.00,1.11
2017.08.03 13:41:22.032,9.3743,9.3765,1.60,1.11
2017.08.03 13:41:22.263,9.3743,9.3765,1.00,1.11
2017.08.03 13:41:22.517,9.3743,9.37632,1.00,1.15
2017.08.03 13:41:22.823,9.37429,9.37631,1.00,1.11
2017.08.03 13:41:23.381,9.37429,9.37623,1.00,1.15
2017.08.03 13:41:23.484,9.37398,9.37612,1.00,1.15
2017.08.03 13:41:23.637,9.37398,9.37612,1.00,1.11
2017.08.03 13:41:24.475,9.37411,9.37613,1.00,1.11
2017.08.03 13:41:24.653,9.37411,9.37613,1.00,1.00
2017.08.03 13:41:25.395,9.37411,9.37613,1.00,1.11
2017.08.03 13:41:25.702,9.37411,9.37613,1.60,1.00
2017.08.03 13:41:25.753,9.37411,9.37613,1.00,1.00
2017.08.03 13:41:26.712,9.37411,9.37613,1.60,1.00
2017.08.03 13:41:27.223,9.37412,9.37613,1.00,1.00
2017.08.03 13:41:29.205,9.37412,9.37613,1.00,1.11
2017.08.03 13:41:29.560,9.37411,9.37612,1.00,1.11
2017.08.03 13:41:29.693,9.37399,9.37612,1.00,1.11
2017.08.03 13:41:29.795,9.37392,9.37605,1.00,1.11
2017.08.03 13:41:30.310,9.37392,9.37602,1.00,1.00
2017.08.03 13:41:30.593,9.37385,9.37592,1.00,1.00
2017.08.03 13:41:30.937,9.37399,9.37601,1.00,1.11
2017.08.03 13:41:32.193,9.37399,9.37594,1.00,1.11
2017.08.03 13:41:32.499,9.37418,9.37594,1.00,1.00
2017.08.03 13:41:32.651,9.37428,9.37614,1.00,1.00
2017.08.03 13:41:32.804,9.37428,9.37614,1.60,1.00
2017.08.03 13:41:32.957,9.37428,9.37614,1.60,1.00
2017.08.03 13:41:33.008,9.37417,9.37614,1.60,1.00
2017.08.03 13:41:33.160,9.37424,9.37614,1.00,1.00
2017.08.03 13:41:33.211,9.37409,9.37614,1.00,1.11
2017.08.03 13:41:33.313,9.37396,9.37612,1.60,1.00
2017.08.03 13:41:33.364,9.37396,9.37612,1.60,1.00
2017.08.03 13:41:33.415,9.37396,9.37612,1.60,1.11
2017.08.03 13:41:33.719,9.37398,9.37612,1.60,1.11
2017.08.03 13:41:34.131,9.37398,9.37606,1.60,1.11
2017.08.03 13:41:34.287,9.37398,9.37606,1.60,1.11
2017.08.03 13:41:34.673,9.37398,9.37606,1.60,1.00
2017.08.03 13:41:35.003,9.37398,9.37606,1.60,1.00
2017.08.03 13:41:35.054,9.37398,9.37612,1.60,1.61
2017.08.03 13:41:35.156,9.37419,9.37612,1.00,1.61
2017.08.03 13:41:35.359,9.37408,9.37612,1.35,1.15
2017.08.03 13:41:36.175,9.37417,9.37613,1.00,1.00
2017.08.03 13:41:36.277,9.37406,9.37613,1.00,1.00
2017.08.03 13:41:36.532,9.37417,9.37613,1.00,1.00
2017.08.03 13:41:37.140,9.37406,9.37613,1.00,1.11
2017.08.03 13:41:37.292,9.37406,9.37592,1.00,1.00
2017.08.03 13:41:37.343,9.37391,9.37592,1.00,1.00
2017.08.03 13:41:37.395,9.37391,9.37592,1.00,1.11
2017.08.03 13:41:37.446,9.37378,9.37592,1.00,1.11
2017.08.03 13:41:37.599,9.37364,9.37582,1.60,1.15
2017.08.03 13:41:37.751,9.37376,9.37582,1.00,1.15
2017.08.03 13:41:38.410,9.37376,9.37573,1.00,1.00
2017.08.03 13:41:40.409,9.37376,9.37577,1.00,1.00
2017.08.03 13:41:40.958,9.37376,9.37577,1.00,1.11
2017.08.03 13:41:41.303,9.37387,9.37577,1.00,1.11
2017.08.03 13:41:41.913,9.37378,9.37581,1.00,1.00
2017.08.03 13:41:41.964,9.37388,9.37581,1.60,1.00
2017.08.03 13:41:42.270,9.37428,9.37613,1.60,1.00
2017.08.03 13:41:42.524,9.37427,9.37613,1.60,1.00
2017.08.03 13:41:43.228,9.37428,9.37633,1.60,1.00
2017.08.03 13:41:43.330,9.37426,9.37633,1.60,1.00
2017.08.03 13:41:44.819,9.37428,9.37633,1.60,1.00
2017.08.03 13:41:45.123,9.37448,9.37633,1.00,1.00
2017.08.03 13:41:45.635,9.37447,9.37633,1.00,1.00
2017.08.03 13:41:45.895,9.37448,9.3764,1.00,1.00
2017.08.03 13:41:48.847,9.37439,9.3764,1.00,1.00
2017.08.03 13:41:48.898,9.37508,9.37659,1.00,1.00
2017.08.03 13:41:48.949,9.37488,9.3768,1.00,1.00
2017.08.03 13:41:49.001,9.37487,9.37682,1.00,1.00
2017.08.03 13:41:49.052,9.3749,9.37682,2.10,1.00
2017.08.03 13:41:49.103,9.37492,9.37706,2.10,1.00
2017.08.03 13:41:49.154,9.375,9.37706,1.60,1.00
2017.08.03 13:41:49.204,9.375,9.37713,1.60,1.00
2017.08.03 13:41:49.306,9.375,9.37713,1.60,1.00
2017.08.03 13:41:49.459,9.375,9.37713,1.60,1.00
2017.08.03 13:41:49.850,9.375,9.37713,1.60,1.00
2017.08.03 13:41:49.952,9.375,9.37713,1.60,1.00
2017.08.03 13:41:50.155,9.375,9.37713,1.60,1.00
2017.08.03 13:41:50.206,9.375,9.37713,1.35,1.00
2017.08.03 13:41:50.257,9.375,9.37717,1.60,1.00
2017.08.03 13:41:50.308,9.375,9.37717,1.00,1.00
2017.08.03 13:41:50.511,9.375,9.37712,1.00,1.00
2017.08.03 13:41:51.019,9.375,9.37717,1.00,1.00
2017.08.03 13:41:51.361,9.375,9.3771,1.00,1.00
2017.08.03 13:41:51.923,9.37497,9.3771,1.00,1.00
2017.08.03 13:41:53.789,9.37497,9.37709,1.00,1.00
2017.08.03 13:41:54.420,9.37508,9.37709,1.00,1.00
2017.08.03 13:41:54.471,9.37511,9.37715,1.00,1.00
2017.08.03 13:41:54.572,9.37516,9.37736,1.00,1.00
2017.08.03 13:41:54.927,9.37522,9.37732,1.00,1.10
2017.08.03 13:41:55.232,9.37502,9.37722,1.00,1.10
2017.08.03 13:41:55.284,9.37502,9.37712,1.00,1.00
2017.08.03 13:41:55.486,9.37502,9.37722,1.00,1.10
2017.08.03 13:41:55.939,9.37502,9.37713,1.00,1.00
2017.08.03 13:41:56.321,9.37524,9.37712,1.50,1.00
2017.08.03 13:41:56.372,9.37514,9.37721,1.00,1.00
2017.08.03 13:41:56.880,9.37515,9.37721,1.00,1.00
2017.08.03 13:41:57.531,9.37515,9.37733,1.00,1.07
2017.08.03 13:41:57.788,9.37515,9.37733,1.00,1.07
2017.08.03 13:41:58.119,9.37515,9.37702,1.00,1.00
2017.08.03 13:41:58.170,9.375,9.37702,1.00,1.00
2017.08.03 13:41:58.221,9.375,9.3772,1.00,1.00
2017.08.03 13:41:58.272,9.37517,9.37721,1.00,1.00
2017.08.03 13:41:58.476,9.37522,9.37736,1.00,1.00
2017.08.03 13:41:58.527,9.37525,9.37736,1.00,1.00
2017.08.03 13:41:58.832,9.37533,9.37744,1.00,1.00
2017.08.03 13:41:59.160,9.37533,9.37742,1.00,1.15
2017.08.03 13:41:59.472,9.37492,9.37692,1.00,1.00
2017.08.03 13:41:59.573,9.37467,9.37687,1.00,1.11
2017.08.03 13:41:59.726,9.37467,9.3766,1.00,1.00
2017.08.03 13:41:59.777,9.37455,9.3766,1.00,1.00
2017.08.03 13:41:59.828,9.37455,9.3766,1.00,1.11
2017.08.03 13:41:59.879,9.3744,9.3766,1.00,1.61
2017.08.03 13:42:00.185,9.3744,9.3766,1.00,1.61
2017.08.03 13:42:00.502,9.3744,9.37639,1.00,1.00
2017.08.03 13:42:01.747,9.3744,9.3765,1.00,1.11
2017.08.03 13:42:02.254,9.3744,9.37653,1.00,1.11
2017.08.03 13:42:03.236,9.3744,9.37652,1.00,1.00
2017.08.03 13:42:03.848,9.3744,9.37625,1.00,1.00
2017.08.03 13:42:03.950,9.37398,9.37602,1.00,1.00
2017.08.03 13:42:04.001,9.37398,9.37591,1.00,1.00
2017.08.03 13:42:04.052,9.37381,9.37591,1.00,1.00
2017.08.03 13:42:04.171,9.37368,9.37578,1.00,1.11
2017.08.03 13:42:04.476,9.37325,9.37497,1.00,1.00
2017.08.03 13:42:04.578,9.37268,9.37488,1.00,1.11
2017.08.03 13:42:04.629,9.37268,9.37462,1.00,1.00
2017.08.03 13:42:04.782,9.37239,9.37459,1.00,1.50
2017.08.03 13:42:04.833,9.37239,9.37459,1.00,2.36
2017.08.03 13:42:04.884,9.37222,9.37442,1.00,1.11
2017.08.03 13:42:06.124,9.37238,9.37437,1.00,1.00
2017.08.03 13:42:06.681,9.37246,9.37437,1.00,1.00
2017.08.03 13:42:07.198,9.37248,9.37437,1.00,1.00
2017.08.03 13:42:07.250,9.37247,9.3745,1.50,1.00
2017.08.03 13:42:07.301,9.37258,9.3745,1.00,1.00
2017.08.03 13:42:07.454,9.37278,9.3748,1.00,1.00
2017.08.03 13:42:07.505,9.37287,9.3748,1.00,1.00
2017.08.03 13:42:07.840,9.37358,9.37547,1.60,1.00
2017.08.03 13:42:07.891,9.37368,9.37555,1.00,1.00
2017.08.03 13:42:07.942,9.37378,9.37555,1.00,1.00
2017.08.03 13:42:08.044,9.37386,9.37586,1.00,1.00
2017.08.03 13:42:08.096,9.37378,9.37586,1.00,1.00
2017.08.03 13:42:08.147,9.37388,9.37586,1.00,1.00
2017.08.03 13:42:09.213,9.37388,9.37599,1.00,1.00
2017.08.03 13:42:09.365,9.37398,9.37599,1.00,1.00
2017.08.03 13:42:10.528,9.37398,9.37604,1.50,1.11
2017.08.03 13:42:11.078,9.374,9.37604,1.00,1.00
2017.08.03 13:42:12.078,9.37402,9.37604,1.00,1.00
2017.08.03 13:42:12.182,9.37402,9.37612,1.00,1.15
2017.08.03 13:42:13.998,9.37402,9.37607,1.00,1.00
2017.08.03 13:42:14.416,9.37415,9.37607,1.00,1.00
2017.08.03 13:42:14.782,9.37418,9.37607,1.00,1.00
2017.08.03 13:42:15.125,9.3743,9.37607,1.00,1.00
2017.08.03 13:42:15.227,9.3743,9.37635,1.00,1.11
2017.08.03 13:42:15.736,9.3743,9.37635,1.00,1.11
2017.08.03 13:42:16.433,9.3743,9.37629,1.00,1.00
2017.08.03 13:42:16.485,9.37414,9.37623,1.00,1.15
2017.08.03 13:42:17.021,9.37414,9.37622,1.00,1.15
2017.08.03 13:42:17.947,9.37414,9.37613,1.00,1.00
2017.08.03 13:42:18.391,9.37414,9.37592,1.00,1.00
2017.08.03 13:42:18.493,9.37401,9.37582,1.00,1.00
2017.08.03 13:42:18.595,9.37365,9.37573,1.00,1.00
2017.08.03 13:42:18.747,9.37372,9.37573,1.00,1.11
2017.08.03 13:42:19.103,9.37372,9.37573,1.00,1.11
2017.08.03 13:42:19.395,9.37372,9.37573,1.00,1.50
2017.08.03 13:42:19.921,9.37372,9.37573,1.00,1.61
2017.08.03 13:42:20.023,9.37372,9.37566,1.00,1.00
2017.08.03 13:42:21.151,9.37372,9.37576,1.00,1.00
2017.08.03 13:42:21.834,9.37414,9.37587,1.00,1.11
2017.08.03 13:42:21.885,9.37438,9.37622,1.00,1.00
2017.08.03 13:42:21.936,9.37484,9.37635,1.50,1.00
2017.08.03 13:42:21.987,9.37484,9.37654,1.50,1.00
2017.08.03 13:42:22.039,9.37484,9.37682,1.50,1.00
2017.08.03 13:42:22.089,9.37493,9.37686,1.00,1.00
2017.08.03 13:42:22.141,9.37493,9.37694,1.00,1.00
2017.08.03 13:42:23.329,9.37493,9.37692,1.00,1.00
2017.08.03 13:42:23.431,9.37493,9.37702,1.00,1.15
2017.08.03 13:42:24.604,9.37493,9.37692,1.00,1.00
2017.08.03 13:42:24.908,9.37493,9.37702,1.00,1.15
2017.08.03 13:42:26.368,9.37493,9.37692,1.00,1.00
2017.08.03 13:42:26.470,9.37493,9.37702,1.00,1.15
2017.08.03 13:42:26.521,9.37493,9.37692,1.00,1.00
2017.08.03 13:42:28.553,9.37493,9.37682,1.00,1.00
2017.08.03 13:42:31.321,9.37493,9.37693,1.00,1.00
2017.08.03 13:42:31.473,9.37493,9.37682,1.00,1.00
2017.08.03 13:42:31.575,9.37493,9.37692,1.00,1.00
2017.08.03 13:42:32.022,9.37488,9.37692,1.00,1.00
2017.08.03 13:42:32.830,9.37488,9.37702,1.00,1.15
2017.08.03 13:42:34.272,9.375,9.37705,1.00,1.11
2017.08.03 13:42:34.577,9.37515,9.37705,1.00,1.00
2017.08.03 13:42:34.679,9.37515,9.3772,1.00,1.00
2017.08.03 13:42:34.832,9.37504,9.3772,1.00,1.00
2017.08.03 13:42:36.340,9.37504,9.37719,1.00,1.00
2017.08.03 13:42:38.150,9.37504,9.37717,1.00,1.00
2017.08.03 13:42:41.175,9.37504,9.37718,1.00,1.00
2017.08.03 13:42:57.509,9.37504,9.37719,1.50,1.00
2017.08.03 13:42:58.811,9.37504,9.37724,1.50,1.11
2017.08.03 13:43:00.185,9.37504,9.37719,1.50,1.00
2017.08.03 13:43:04.104,9.37504,9.37721,1.50,1.00
2017.08.03 13:43:05.293,9.37504,9.37724,1.50,1.61
2017.08.03 13:43:06.172,9.37504,9.37724,1.50,1.50
2017.08.03 13:43:08.726,9.37524,9.37724,1.00,1.00
2017.08.03 13:43:15.403,9.37524,9.37727,1.00,1.00
2017.08.03 13:43:21.262,9.37524,9.37725,1.00,1.00
2017.08.03 13:43:22.754,9.37524,9.37727,1.00,1.00
2017.08.03 13:43:24.079,9.37524,9.37725,1.00,1.00
2017.08.03 13:43:25.222,9.37524,9.37727,1.00,1.00
2017.08.03 13:43:26.981,9.37528,9.37727,1.00,1.00
2017.08.03 13:43:27.135,9.37528,9.37734,1.00,1.00
2017.08.03 13:43:27.288,9.37544,9.37734,1.00,1.00
2017.08.03 13:43:28.457,9.37544,9.37737,1.00,1.00
2017.08.03 13:43:30.542,9.37544,9.37739,1.00,1.00
2017.08.03 13:43:31.873,9.37544,9.3774,1.00,1.00
2017.08.03 13:43:32.025,9.37544,9.37743,1.00,1.00
2017.08.03 13:43:41.533,9.37544,9.37743,1.00,1.11
2017.08.03 13:43:41.838,9.37544,9.37744,1.00,1.00
2017.08.03 13:43:42.386,9.37544,9.3775,1.00,1.00
2017.08.03 13:43:42.902,9.37544,9.37741,1.00,1.00
2017.08.03 13:43:44.459,9.37544,9.37732,1.00,1.00
2017.08.03 13:43:44.562,9.37524,9.37728,1.00,1.15
2017.08.03 13:43:44.614,9.37524,9.37711,1.00,1.00
2017.08.03 13:43:44.665,9.37493,9.37711,1.50,1.00
2017.08.03 13:43:44.716,9.37493,9.37691,1.00,1.00
2017.08.03 13:43:44.768,9.3748,9.37691,1.00,1.00
2017.08.03 13:43:44.818,9.3748,9.3769,1.00,1.15
2017.08.03 13:43:44.971,9.37468,9.37687,1.00,1.15
2017.08.03 13:43:45.106,9.37468,9.37687,1.00,1.15
2017.08.03 13:43:45.413,9.37467,9.3766,1.00,1.00
2017.08.03 13:43:45.465,9.37452,9.3766,1.00,1.00
2017.08.03 13:43:45.566,9.37438,9.3766,1.50,1.00
2017.08.03 13:43:45.723,9.37438,9.3766,1.50,1.75
2017.08.03 13:43:46.028,9.37425,9.37637,1.00,1.00
2017.08.03 13:43:46.333,9.37425,9.37637,1.00,1.15
2017.08.03 13:43:46.740,9.37428,9.37637,1.00,1.15
2017.08.03 13:43:47.272,9.37448,9.37637,1.00,1.00
2017.08.03 13:43:47.439,9.37437,9.37635,1.60,1.00
2017.08.03 13:43:47.490,9.37432,9.37635,1.00,1.00
2017.08.03 13:43:47.776,9.37425,9.37635,1.00,1.00
2017.08.03 13:43:47.827,9.37425,9.37635,1.60,1.00
2017.08.03 13:43:47.980,9.37425,9.37635,1.60,1.00
2017.08.03 13:43:48.466,9.37447,9.37635,1.00,1.00
2017.08.03 13:43:48.517,9.37447,9.37639,1.00,1.00
2017.08.03 13:43:50.873,9.37447,9.37645,1.00,1.00
2017.08.03 13:43:50.924,9.37447,9.37645,1.00,1.15
2017.08.03 13:43:51.979,9.37447,9.37645,1.00,1.00
2017.08.03 13:43:52.126,9.37447,9.37647,1.00,1.00
2017.08.03 13:43:55.815,9.37448,9.37647,1.00,1.00
2017.08.03 13:43:55.866,9.37447,9.37647,1.60,1.00
2017.08.03 13:43:56.170,9.37474,9.37647,1.00,1.00
2017.08.03 13:43:56.485,9.37474,9.37676,1.00,1.15
2017.08.03 13:43:56.587,9.37474,9.37669,1.00,1.00
2017.08.03 13:43:57.853,9.37474,9.37663,1.00,1.00
2017.08.03 13:43:58.142,9.37449,9.37652,1.00,1.00
2017.08.03 13:43:58.193,9.37449,9.37663,1.00,1.00
2017.08.03 13:43:58.700,9.37449,9.37663,1.00,1.11
2017.08.03 13:43:58.951,9.37449,9.37655,1.00,1.00
2017.08.03 13:43:59.419,9.37449,9.37655,1.00,1.11
2017.08.03 13:43:59.622,9.37449,9.37655,1.00,1.00
2017.08.03 13:43:59.774,9.37449,9.37655,1.60,1.00
2017.08.03 13:43:59.825,9.37449,9.37655,1.00,1.00
2017.08.03 13:44:00.134,9.37449,9.37661,1.00,1.00
2017.08.03 13:44:01.301,9.37449,9.37669,1.60,1.11
2017.08.03 13:44:01.352,9.37449,9.37669,1.60,1.11
2017.08.03 13:44:01.656,9.37474,9.37669,1.00,1.11
2017.08.03 13:44:02.176,9.37474,9.37669,1.00,1.11
2017.08.03 13:44:02.468,9.37506,9.37714,1.60,1.00
2017.08.03 13:44:02.519,9.37506,9.37714,1.00,1.00
2017.08.03 13:44:02.570,9.37494,9.37685,1.00,1.00
2017.08.03 13:44:02.824,9.37564,9.37775,1.50,1.00
2017.08.03 13:44:03.230,9.37553,9.37775,1.00,1.00
2017.08.03 13:44:03.368,9.37527,9.37747,1.00,1.00
2017.08.03 13:44:03.674,9.37527,9.37743,1.50,1.00
2017.08.03 13:44:03.979,9.37506,9.37705,1.00,1.00
2017.08.03 13:44:04.030,9.37485,9.37705,1.00,1.11
2017.08.03 13:44:04.081,9.37469,9.37689,1.00,1.00
2017.08.03 13:44:04.183,9.37467,9.37676,1.00,1.00
2017.08.03 13:44:04.234,9.37457,9.37667,1.00,1.00
2017.08.03 13:44:04.337,9.37456,9.37667,1.00,1.11
2017.08.03 13:44:04.388,9.37442,9.37662,1.00,1.15
2017.08.03 13:44:04.540,9.37442,9.37644,1.00,1.00
2017.08.03 13:44:04.693,9.37425,9.37644,1.00,1.00
2017.08.03 13:44:04.795,9.37425,9.37644,1.00,1.11
2017.08.03 13:44:04.946,9.37411,9.37631,1.00,1.00
2017.08.03 13:44:05.965,9.37411,9.37619,1.00,1.00
2017.08.03 13:44:06.333,9.37414,9.37619,1.00,1.00
2017.08.03 13:44:09.252,9.37414,9.37624,1.60,1.00
2017.08.03 13:44:09.303,9.37417,9.37624,1.60,1.00
2017.08.03 13:44:09.649,9.37414,9.37624,1.60,1.00
2017.08.03 13:44:11.620,9.37418,9.37629,1.60,1.00
2017.08.03 13:44:14.288,9.37417,9.37626,2.10,1.00
2017.08.03 13:44:14.602,9.37418,9.37626,1.60,1.00
2017.08.03 13:44:14.930,9.37439,9.37626,1.60,1.00
2017.08.03 13:44:15.400,9.37439,9.3764,1.60,1.00
2017.08.03 13:44:15.451,9.37439,9.3764,1.35,1.00
2017.08.03 13:44:15.967,9.37439,9.3764,1.60,1.00
2017.08.03 13:44:16.272,9.37468,9.3764,1.00,1.00
2017.08.03 13:44:16.374,9.37478,9.37664,1.60,1.00
2017.08.03 13:44:16.425,9.37478,9.37671,1.60,1.00
2017.08.03 13:44:16.577,9.37478,9.37671,1.60,1.00
2017.08.03 13:44:16.629,9.37488,9.37671,1.35,1.00
2017.08.03 13:44:16.680,9.37478,9.37671,1.60,1.00
2017.08.03 13:44:16.781,9.37478,9.37671,1.60,1.00
2017.08.03 13:44:16.959,9.37478,9.37671,1.60,1.00
2017.08.03 13:44:17.722,9.37498,9.37671,1.00,1.00
2017.08.03 13:44:17.773,9.37498,9.3769,1.00,1.00
2017.08.03 13:44:19.374,9.37498,9.37692,1.50,1.50
2017.08.03 13:44:23.319,9.37518,9.37692,1.00,1.00
2017.08.03 13:44:23.472,9.37518,9.37698,1.00,1.00
2017.08.03 13:44:26.346,9.37494,9.37698,1.35,1.00
2017.08.03 13:44:26.448,9.37496,9.37698,1.00,1.00
2017.08.03 13:44:26.752,9.37496,9.37692,1.00,1.10
2017.08.03 13:44:28.177,9.37496,9.37685,1.00,1.00
2017.08.03 13:44:30.788,9.37496,9.37688,1.00,1.00
2017.08.03 13:44:32.021,9.37496,9.37689,1.00,1.00
2017.08.03 13:44:32.687,9.37478,9.37656,1.00,1.00
2017.08.03 13:44:32.841,9.37432,9.37642,1.00,1.00
2017.08.03 13:44:32.943,9.37435,9.37655,1.00,1.00
2017.08.03 13:44:33.198,9.37435,9.37652,1.00,1.00
2017.08.03 13:44:33.453,9.37421,9.37641,1.00,1.00
2017.08.03 13:44:33.504,9.37421,9.37625,1.00,1.00
2017.08.03 13:44:33.555,9.37402,9.37614,1.00,1.00
2017.08.03 13:44:33.657,9.37394,9.37614,1.00,1.00
2017.08.03 13:44:33.759,9.3739,9.37602,1.00,1.00
2017.08.03 13:44:33.908,9.37382,9.37602,1.00,1.00
2017.08.03 13:44:34.521,9.37393,9.37602,1.00,1.00
2017.08.03 13:44:34.901,9.37393,9.37595,1.00,1.00
2017.08.03 13:44:35.299,9.37415,9.37595,1.00,1.00
2017.08.03 13:44:35.644,9.37394,9.37595,1.00,1.00
2017.08.03 13:44:36.621,9.37394,9.37592,1.00,1.00
2017.08.03 13:44:38.153,9.37394,9.37591,1.00,1.00
2017.08.03 13:44:38.661,9.37398,9.37591,1.00,1.00
2017.08.03 13:44:39.010,9.37414,9.37591,1.00,1.00
2017.08.03 13:44:39.542,9.37414,9.37596,1.00,1.00
2017.08.03 13:44:39.703,9.37418,9.37596,1.00,1.00
2017.08.03 13:44:39.855,9.37438,9.37629,1.00,1.00
2017.08.03 13:44:40.008,9.37448,9.37629,1.00,1.00
2017.08.03 13:44:40.059,9.37448,9.3766,1.00,1.00
2017.08.03 13:44:40.567,9.37458,9.3766,1.00,1.00
2017.08.03 13:44:41.111,9.37458,9.37661,1.00,1.00
2017.08.03 13:44:41.282,9.37455,9.37669,1.00,1.00
2017.08.03 13:44:41.333,9.37454,9.37661,1.00,1.00
2017.08.03 13:44:41.941,9.37454,9.37647,1.00,1.00
2017.08.03 13:44:42.134,9.37435,9.37643,1.00,1.00
2017.08.03 13:44:43.033,9.37435,9.37644,1.00,1.00
2017.08.03 13:44:43.084,9.37435,9.37635,1.00,1.00
2017.08.03 13:44:44.804,9.37444,9.37635,1.00,1.00
2017.08.03 13:44:46.342,9.37444,9.37654,1.00,1.00
2017.08.03 13:44:48.835,9.37444,9.37656,1.00,1.00
2017.08.03 13:44:52.878,9.37444,9.37657,1.00,1.00
2017.08.03 13:44:54.039,9.37444,9.37656,1.00,1.00
2017.08.03 13:44:57.532,9.37444,9.37649,1.00,1.00
2017.08.03 13:44:59.039,9.37444,9.37656,1.00,1.00
2017.08.03 13:45:00.218,9.37444,9.37657,1.00,1.00
2017.08.03 13:45:00.619,9.37437,9.37657,1.00,1.00
2017.08.03 13:45:01.825,9.37444,9.37657,1.00,1.00
2017.08.03 13:45:01.876,9.37437,9.37657,1.00,1.00
2017.08.03 13:45:02.077,9.37444,9.37657,1.00,1.00
2017.08.03 13:45:04.518,9.37444,9.37653,1.00,1.00
2017.08.03 13:45:06.145,9.37444,9.37652,1.00,1.00
2017.08.03 13:45:08.842,9.37458,9.37657,1.35,1.00
2017.08.03 13:45:08.894,9.37458,9.37667,1.60,1.00
2017.08.03 13:45:08.946,9.37458,9.37667,1.60,1.00
2017.08.03 13:45:09.352,9.37468,9.37685,1.00,1.00
2017.08.03 13:45:09.403,9.37477,9.37698,1.00,1.00
2017.08.03 13:45:09.504,9.37477,9.37698,1.60,1.00
2017.08.03 13:45:09.809,9.37484,9.37698,2.10,1.00
2017.08.03 13:45:10.669,9.37484,9.37699,2.10,1.00
2017.08.03 13:45:10.720,9.37491,9.37711,1.60,1.00
2017.08.03 13:45:12.021,9.37484,9.37704,2.85,1.00
2017.08.03 13:45:13.764,9.37484,9.37704,1.00,1.00
2017.08.03 13:45:13.866,9.37487,9.37704,1.00,1.00
2017.08.03 13:45:13.917,9.37484,9.37704,1.00,1.00
2017.08.03 13:45:14.501,9.37484,9.37704,1.60,1.00
2017.08.03 13:45:14.703,9.37484,9.37704,1.60,1.00
2017.08.03 13:45:15.017,9.37484,9.37704,1.35,1.00
2017.08.03 13:45:16.812,9.37484,9.37697,1.35,1.00
2017.08.03 13:45:17.117,9.3747,9.3769,1.60,1.00
2017.08.03 13:45:17.848,9.3747,9.3769,1.60,1.00
2017.08.03 13:45:17.899,9.37488,9.3769,1.00,1.00
2017.08.03 13:45:17.950,9.3747,9.3769,1.60,1.00
2017.08.03 13:45:18.289,9.3747,9.37681,1.60,1.00
2017.08.03 13:45:18.340,9.3747,9.37681,1.60,1.00
2017.08.03 13:45:18.391,9.3747,9.37681,1.60,1.00
2017.08.03 13:45:18.936,9.37493,9.37681,1.00,1.00
2017.08.03 13:45:18.987,9.37473,9.37681,1.60,1.00
2017.08.03 13:45:19.089,9.37473,9.37681,1.60,1.00
2017.08.03 13:45:19.984,9.37493,9.37681,1.00,1.00
2017.08.03 13:45:20.035,9.37476,9.37681,1.60,1.00
2017.08.03 13:45:20.830,9.37476,9.37681,1.00,1.00
2017.08.03 13:45:21.803,9.37476,9.37682,1.00,1.00
2017.08.03 13:45:21.854,9.37477,9.37682,1.60,1.00
2017.08.03 13:45:22.175,9.37478,9.37682,1.60,1.00
2017.08.03 13:45:22.480,9.37478,9.37682,1.60,1.00
2017.08.03 13:45:23.464,9.37495,9.37682,1.00,1.00
2017.08.03 13:45:23.515,9.37483,9.37682,1.00,1.00
2017.08.03 13:45:24.221,9.37483,9.37682,1.60,1.00
2017.08.03 13:45:24.373,9.37483,9.37682,1.00,1.00
2017.08.03 13:45:24.475,9.37495,9.37682,1.00,1.00
2017.08.03 13:45:24.526,9.37488,9.37682,1.00,1.00
2017.08.03 13:45:25.288,9.37487,9.37682,1.00,1.00
2017.08.03 13:45:25.394,9.37488,9.37691,1.00,1.00
2017.08.03 13:45:25.737,9.37483,9.37691,1.60,1.00
2017.08.03 13:45:25.789,9.37488,9.37691,1.00,1.00
2017.08.03 13:45:26.217,9.37483,9.37691,1.00,1.00
2017.08.03 13:45:26.320,9.37478,9.37689,1.00,1.00
2017.08.03 13:45:26.655,9.37478,9.37685,1.50,1.00
2017.08.03 13:45:26.967,9.37498,9.37685,1.50,1.00
2017.08.03 13:45:27.498,9.37499,9.37685,1.00,1.00
2017.08.03 13:45:29.732,9.37499,9.37711,1.00,1.00
2017.08.03 13:45:29.783,9.37519,9.37711,1.00,1.00
2017.08.03 13:45:29.834,9.37506,9.37711,1.00,1.00
2017.08.03 13:45:30.037,9.37524,9.37711,1.00,1.00
2017.08.03 13:45:31.382,9.37524,9.37715,1.00,1.00
2017.08.03 13:45:35.420,9.37524,9.37708,1.00,1.00
2017.08.03 13:45:37.205,9.37524,9.3771,1.00,1.00
2017.08.03 13:45:38.505,9.37524,9.37711,1.00,1.00
2017.08.03 13:45:41.283,9.37524,9.37713,1.00,1.00
2017.08.03 13:45:46.566,9.37524,9.37711,1.00,1.00
2017.08.03 13:45:47.958,9.37524,9.37714,1.00,1.00
2017.08.03 13:45:48.009,9.37504,9.37714,1.60,1.00
2017.08.03 13:45:48.245,9.37504,9.37716,1.60,1.00
2017.08.03 13:45:51.996,9.37504,9.37715,1.60,1.00
2017.08.03 13:45:54.679,9.37504,9.37701,1.60,1.00
2017.08.03 13:45:56.845,9.37504,9.37701,1.00,1.00
2017.08.03 13:45:59.729,9.37491,9.37701,1.00,1.00
2017.08.03 13:45:59.830,9.37507,9.37715,1.00,1.00
2017.08.03 13:46:00.613,9.37509,9.37729,1.00,1.00
2017.08.03 13:46:00.664,9.37528,9.37729,1.00,1.00
2017.08.03 13:46:00.766,9.37512,9.37729,1.00,1.00
2017.08.03 13:46:00.817,9.37522,9.37742,1.00,1.00
2017.08.03 13:46:01.052,9.37524,9.37742,1.00,1.00
2017.08.03 13:46:01.356,9.37538,9.37742,1.00,1.00
2017.08.03 13:46:01.664,9.37545,9.37742,1.00,1.00
2017.08.03 13:46:10.042,9.37545,9.37755,1.00,1.00
2017.08.03 13:46:10.093,9.37548,9.37755,1.00,1.00
2017.08.03 13:46:10.195,9.37545,9.37755,1.00,1.00
2017.08.03 13:46:10.500,9.37548,9.37755,1.00,1.00
2017.08.03 13:46:10.602,9.37545,9.37755,1.00,1.00
2017.08.03 13:46:11.202,9.37548,9.37768,1.00,1.00
2017.08.03 13:46:13.931,9.37545,9.37757,1.00,1.00
2017.08.03 13:46:14.033,9.37508,9.37728,1.00,1.00
2017.08.03 13:46:14.135,9.37482,9.37702,1.00,1.00
2017.08.03 13:46:16.861,9.37468,9.37688,1.00,1.00
2017.08.03 13:46:21.079,9.37468,9.37629,1.00,1.00
2017.08.03 13:46:21.130,9.37422,9.37629,1.00,1.00
2017.08.03 13:46:21.181,9.37422,9.37642,1.00,1.50
2017.08.03 13:46:21.233,9.37407,9.37627,1.00,1.00
2017.08.03 13:46:21.538,9.37392,9.37612,1.00,1.00
2017.08.03 13:46:22.967,9.37392,9.37586,1.00,1.50
2017.08.03 13:46:23.170,9.37331,9.37526,1.00,1.00
2017.08.03 13:46:23.272,9.37317,9.37527,1.00,1.00
2017.08.03 13:46:23.374,9.37301,9.37521,1.00,1.00
2017.08.03 13:46:24.495,9.3732,9.37521,1.00,1.00
2017.08.03 13:46:24.799,9.37336,9.37521,1.00,1.00
2017.08.03 13:46:25.681,9.37336,9.37534,1.00,1.00
2017.08.03 13:46:25.782,9.37336,9.37541,1.00,1.00
2017.08.03 13:46:25.833,9.37356,9.37541,1.00,1.00
2017.08.03 13:46:27.763,9.37356,9.3755,1.00,1.00
2017.08.03 13:46:27.815,9.37356,9.3755,1.60,1.00
2017.08.03 13:46:27.986,9.37364,9.37584,1.60,1.50
2017.08.03 13:46:28.139,9.37364,9.37584,1.60,1.00
2017.08.03 13:46:28.190,9.37364,9.37584,1.00,1.00
2017.08.03 13:46:29.669,9.37354,9.37572,1.60,1.00
2017.08.03 13:46:30.238,9.37354,9.37572,1.60,1.00
2017.08.03 13:46:30.289,9.37357,9.37571,2.10,1.50
2017.08.03 13:46:30.594,9.37356,9.37526,1.00,1.00
2017.08.03 13:46:37.363,9.37323,9.37526,1.00,1.00
2017.08.03 13:46:37.515,9.37319,9.37521,1.00,1.00
2017.08.03 13:46:37.566,9.37308,9.37521,1.00,1.00
2017.08.03 13:46:37.668,9.37329,9.37521,1.00,1.00
2017.08.03 13:46:37.719,9.37329,9.37534,1.00,1.00
2017.08.03 13:46:38.310,9.37337,9.37547,1.60,1.00
2017.08.03 13:46:38.361,9.37349,9.37547,1.00,1.00
2017.08.03 13:46:38.921,9.37349,9.37547,1.60,1.00
2017.08.03 13:46:39.023,9.37361,9.37564,1.60,1.00
2017.08.03 13:46:39.125,9.37363,9.37579,2.10,1.00
2017.08.03 13:46:39.638,9.37373,9.37579,1.35,1.00
2017.08.03 13:46:40.018,9.37373,9.37592,1.00,1.00
2017.08.03 13:46:40.121,9.37372,9.37592,1.60,1.00
2017.08.03 13:46:40.428,9.37372,9.37524,1.00,1.00
2017.08.03 13:46:40.631,9.3732,9.37491,1.00,1.00
2017.08.03 13:46:40.683,9.37294,9.37476,1.00,1.00
2017.08.03 13:46:40.785,9.37264,9.37476,1.00,1.00
2017.08.03 13:46:41.616,9.37264,9.37484,1.00,1.00
2017.08.03 13:46:41.718,9.3728,9.37484,2.10,1.00
2017.08.03 13:46:41.923,9.37312,9.37512,2.10,1.00
2017.08.03 13:46:42.026,9.37319,9.37532,2.85,1.00
2017.08.03 13:46:42.170,9.3734,9.37551,2.10,1.00
2017.08.03 13:46:42.322,9.37343,9.37563,1.60,1.00
2017.08.03 13:46:42.830,9.37343,9.37563,1.60,1.00
2017.08.03 13:46:42.931,9.37368,9.37576,1.00,1.00
2017.08.03 13:46:42.982,9.37378,9.37576,1.00,1.00
2017.08.03 13:46:43.236,9.37388,9.37602,1.60,1.00
2017.08.03 13:46:43.287,9.37398,9.37602,1.00,1.00
2017.08.03 13:46:43.487,9.37398,9.37615,1.60,1.50
2017.08.03 13:46:43.691,9.37398,9.37615,1.60,1.50
2017.08.03 13:46:43.895,9.37395,9.37615,1.60,1.00
2017.08.03 13:46:43.997,9.37395,9.37615,1.60,1.00
2017.08.03 13:46:44.625,9.37395,9.37615,1.60,1.00
2017.08.03 13:46:44.858,9.37395,9.37615,1.35,1.00
2017.08.03 13:46:46.152,9.37395,9.37606,1.00,1.00
2017.08.03 13:46:46.811,9.37395,9.37598,1.00,1.00
2017.08.03 13:46:48.081,9.37395,9.37593,1.00,1.00
2017.08.03 13:46:48.963,9.37395,9.37582,1.00,1.00
2017.08.03 13:46:49.269,9.37311,9.37484,1.00,1.00
2017.08.03 13:46:49.320,9.37291,9.37484,1.00,1.00
2017.08.03 13:46:49.525,9.37272,9.37484,1.00,1.00
2017.08.03 13:46:49.576,9.37267,9.37484,1.00,1.00
2017.08.03 13:46:50.080,9.37268,9.37484,1.00,1.00
2017.08.03 13:46:50.599,9.37297,9.37483,1.00,1.00
2017.08.03 13:46:50.650,9.37282,9.37483,1.60,1.00
2017.08.03 13:46:50.701,9.37282,9.37483,1.00,1.00
2017.08.03 13:46:50.854,9.37294,9.37483,1.00,1.00
2017.08.03 13:46:52.066,9.37289,9.37498,1.00,1.00
2017.08.03 13:46:53.256,9.37289,9.37491,1.00,1.00
2017.08.03 13:46:54.255,9.37292,9.37491,1.35,1.00
2017.08.03 13:46:54.407,9.37292,9.37496,1.60,1.00
2017.08.03 13:46:56.288,9.37292,9.37496,1.60,1.00
2017.08.03 13:46:56.339,9.37292,9.37509,1.60,1.50
2017.08.03 13:46:57.239,9.37292,9.37509,1.60,1.50
2017.08.03 13:46:57.342,9.37292,9.37509,1.35,1.50
2017.08.03 13:46:57.796,9.37292,9.37501,1.35,1.00
2017.08.03 13:46:58.887,9.37292,9.37501,1.60,1.00
2017.08.03 13:46:59.192,9.37327,9.37532,1.12,1.00
2017.08.03 13:46:59.496,9.37337,9.37532,1.00,1.00
2017.08.03 13:46:59.863,9.37347,9.37532,1.00,1.00
2017.08.03 13:46:59.969,9.37337,9.37532,1.00,1.00
2017.08.03 13:47:00.276,9.37328,9.37536,1.00,1.00
2017.08.03 13:47:01.574,9.37328,9.37527,1.00,1.00
2017.08.03 13:47:02.666,9.37324,9.37527,1.00,1.00
2017.08.03 13:47:02.768,9.37324,9.37522,1.00,1.00
2017.08.03 13:47:02.819,9.3731,9.37517,1.00,1.00
2017.08.03 13:47:02.921,9.37277,9.37488,1.00,1.00
2017.08.03 13:47:04.032,9.37261,9.37481,1.00,1.00
2017.08.03 13:47:04.220,9.37261,9.37467,1.00,1.00
2017.08.03 13:47:05.368,9.37261,9.37471,1.60,1.00
2017.08.03 13:47:05.672,9.37261,9.37471,1.00,1.00
2017.08.03 13:47:07.485,9.37261,9.37473,1.00,1.00
2017.08.03 13:47:07.868,9.37261,9.37467,1.00,1.00
2017.08.03 13:47:08.071,9.37228,9.37442,1.00,1.00
2017.08.03 13:47:08.122,9.37214,9.37434,1.00,1.00
2017.08.03 13:47:08.630,9.37214,9.3741,1.00,1.00
2017.08.03 13:47:09.662,9.37218,9.3741,1.00,1.00
2017.08.03 13:47:09.765,9.37218,9.37422,1.60,1.00
2017.08.03 13:47:09.866,9.37218,9.37422,1.60,1.00
2017.08.03 13:47:10.222,9.37227,9.37422,1.00,1.00
2017.08.03 13:47:10.527,9.37258,9.37422,1.00,1.00
2017.08.03 13:47:10.654,9.37266,9.37453,2.10,1.00
2017.08.03 13:47:10.961,9.37274,9.37485,2.10,1.00
2017.08.03 13:47:11.316,9.37277,9.37485,1.00,1.00
2017.08.03 13:47:11.629,9.37288,9.37485,1.00,1.00
2017.08.03 13:47:11.911,9.37312,9.37516,1.00,1.00
2017.08.03 13:47:12.420,9.37299,9.37515,1.00,1.00
2017.08.03 13:47:12.523,9.37283,9.37503,1.00,1.00
2017.08.03 13:47:12.574,9.37289,9.37503,1.00,1.00
2017.08.03 13:47:12.676,9.37283,9.37503,1.00,1.00
2017.08.03 13:47:13.051,9.37271,9.37491,1.00,1.00
2017.08.03 13:47:13.356,9.37271,9.37491,1.60,1.00
2017.08.03 13:47:13.679,9.37284,9.37494,1.00,1.00
2017.08.03 13:47:14.095,9.37284,9.37494,1.60,1.00
2017.08.03 13:47:14.400,9.37294,9.37494,1.35,1.00
2017.08.03 13:47:14.583,9.37294,9.37501,1.35,1.00
2017.08.03 13:47:14.736,9.37297,9.37501,1.00,1.00
2017.08.03 13:47:15.142,9.37332,9.37533,1.00,1.00
2017.08.03 13:47:15.449,9.37347,9.37533,1.60,1.00
2017.08.03 13:47:15.754,9.37358,9.37533,1.60,1.00
2017.08.03 13:47:15.840,9.37358,9.37566,1.60,1.00
2017.08.03 13:47:16.108,9.37358,9.37566,1.00,1.00
2017.08.03 13:47:16.769,9.37345,9.37565,1.00,1.00
2017.08.03 13:47:17.118,9.37345,9.37559,1.00,1.00
2017.08.03 13:47:17.423,9.37349,9.37559,1.00,1.00
2017.08.03 13:47:18.576,9.37349,9.37564,1.00,1.00
2017.08.03 13:47:19.345,9.37349,9.37564,1.60,1.00
2017.08.03 13:47:19.650,9.37285,9.37496,1.00,1.00
2017.08.03 13:47:19.752,9.37265,9.37485,1.00,1.00
2017.08.03 13:47:20.006,9.37265,9.37465,1.00,1.00
2017.08.03 13:47:20.057,9.37248,9.37465,1.00,1.00
2017.08.03 13:47:21.069,9.37248,9.37465,2.10,1.00
2017.08.03 13:47:21.375,9.37308,9.37468,1.00,1.00
2017.08.03 13:47:21.492,9.37293,9.37511,1.00,1.00
2017.08.03 13:47:21.543,9.37293,9.37511,1.60,1.00
2017.08.03 13:47:21.697,9.37293,9.37511,1.60,1.00
2017.08.03 13:47:21.849,9.37293,9.37511,1.60,1.00
2017.08.03 13:47:21.901,9.37293,9.37511,1.60,1.00
2017.08.03 13:47:22.579,9.37293,9.3751,1.60,1.00
2017.08.03 13:47:23.752,9.37293,9.37511,1.60,1.00
2017.08.03 13:47:26.727,9.37293,9.37513,1.60,1.00
2017.08.03 13:47:28.514,9.37293,9.37513,1.60,1.00
2017.08.03 13:47:29.037,9.37293,9.37513,1.60,1.00
2017.08.03 13:47:29.356,9.37306,9.37516,1.60,1.00
2017.08.03 13:47:29.570,9.37306,9.37516,1.60,1.00
2017.08.03 13:47:29.787,9.37314,9.37516,1.60,1.00
2017.08.03 13:47:30.216,9.37306,9.37516,1.60,1.00
2017.08.03 13:47:30.267,9.37306,9.37526,1.60,1.00
2017.08.03 13:47:30.762,9.37314,9.37526,1.60,1.00
2017.08.03 13:47:31.169,9.37319,9.37529,1.60,1.00
2017.08.03 13:47:31.273,9.37319,9.37529,1.60,1.00
2017.08.03 13:47:31.633,9.37319,9.37538,1.60,1.00
2017.08.03 13:47:31.735,9.37319,9.37538,1.60,1.00
2017.08.03 13:47:32.068,9.37319,9.37538,1.60,1.00
2017.08.03 13:47:32.528,9.37319,9.37538,1.60,1.00
2017.08.03 13:47:33.539,9.37319,9.37538,1.60,1.00
2017.08.03 13:47:33.997,9.37319,9.37529,1.60,1.00
2017.08.03 13:47:34.935,9.37319,9.37529,1.60,1.00
2017.08.03 13:47:35.442,9.37319,9.3753,1.60,1.00
2017.08.03 13:47:35.580,9.37319,9.3753,1.60,1.00
2017.08.03 13:47:36.472,9.37319,9.3753,1.60,1.00
2017.08.03 13:47:36.860,9.37319,9.37536,1.60,1.00
2017.08.03 13:47:36.911,9.37319,9.37536,1.60,1.00
2017.08.03 13:47:37.876,9.37319,9.37538,1.60,1.00
2017.08.03 13:47:39.343,9.37319,9.37538,1.60,1.00
2017.08.03 13:47:39.819,9.37319,9.37538,1.60,1.00
2017.08.03 13:47:40.278,9.37319,9.37538,1.60,1.00
2017.08.03 13:47:40.329,9.37319,9.37538,1.60,1.00
2017.08.03 13:47:40.380,9.37319,9.37538,1.60,1.00
2017.08.03 13:47:40.431,9.37319,9.37538,1.60,1.00
2017.08.03 13:47:40.533,9.37319,9.37538,1.60,1.00
2017.08.03 13:47:40.584,9.37319,9.37538,1.60,1.00
2017.08.03 13:47:40.728,9.37319,9.37537,1.60,1.00
2017.08.03 13:47:40.833,9.37319,9.37537,1.60,1.00
2017.08.03 13:47:40.934,9.37319,9.37537,1.60,1.00
2017.08.03 13:47:41.499,9.37319,9.37537,1.60,1.00
2017.08.03 13:47:41.550,9.37319,9.37537,1.60,1.00
2017.08.03 13:47:41.602,9.37319,9.37537,1.60,1.00
2017.08.03 13:47:41.745,9.37319,9.37536,1.60,1.00
2017.08.03 13:47:41.847,9.37319,9.37536,1.60,1.00
2017.08.03 13:47:42.152,9.37319,9.37536,1.60,1.00
2017.08.03 13:47:42.412,9.37319,9.37536,1.60,1.00
2017.08.03 13:47:42.796,9.37319,9.37536,1.60,1.00
2017.08.03 13:47:43.603,9.37319,9.37536,1.60,1.00
2017.08.03 13:47:44.787,9.37319,9.37536,1.60,1.00
2017.08.03 13:47:45.105,9.37319,9.37536,1.60,1.00
2017.08.03 13:47:45.758,9.37319,9.37537,1.60,1.00
2017.08.03 13:47:46.735,9.37319,9.37537,1.60,1.00
2017.08.03 13:47:46.937,9.37319,9.37537,1.60,1.00
2017.08.03 13:47:47.669,9.37319,9.37539,1.60,1.00
2017.08.03 13:47:50.032,9.37319,9.37539,1.60,1.00
2017.08.03 13:47:50.374,9.37319,9.37537,1.60,1.00
2017.08.03 13:47:50.567,9.37319,9.37537,1.60,1.00
2017.08.03 13:47:50.669,9.37319,9.37537,1.60,1.00
2017.08.03 13:47:50.720,9.37332,9.37537,1.60,1.00
2017.08.03 13:47:51.018,9.37368,9.37564,1.00,1.00
2017.08.03 13:47:51.070,9.37378,9.37564,1.00,1.00
2017.08.03 13:47:51.223,9.37398,9.37597,1.00,1.00
2017.08.03 13:47:51.528,9.37404,9.37597,2.10,1.00
2017.08.03 13:47:51.875,9.3741,9.37597,1.00,1.00
2017.08.03 13:47:52.420,9.3741,9.37619,1.60,1.00
2017.08.03 13:47:52.471,9.3741,9.37619,1.00,1.00
2017.08.03 13:47:52.829,9.37399,9.37616,1.00,1.00
2017.08.03 13:47:53.513,9.37396,9.37608,1.00,1.00
2017.08.03 13:47:53.615,9.37383,9.37603,1.00,1.00
2017.08.03 13:47:54.118,9.37379,9.37589,1.00,1.00
2017.08.03 13:47:54.463,9.37369,9.37577,1.00,1.00
2017.08.03 13:47:54.616,9.37356,9.37576,1.00,1.00
2017.08.03 13:47:55.728,9.37356,9.37557,1.00,1.00
2017.08.03 13:47:57.878,9.37356,9.3756,1.00,1.00
2017.08.03 13:47:59.001,9.37356,9.37558,1.00,1.00
2017.08.03 13:48:00.421,9.37356,9.37563,1.00,1.00
2017.08.03 13:48:00.522,9.37343,9.37563,1.00,1.50
2017.08.03 13:48:01.029,9.37356,9.37563,1.00,1.00
2017.08.03 13:48:01.699,9.37356,9.3755,1.00,1.00
2017.08.03 13:48:01.852,9.37341,9.3755,1.00,1.00
2017.08.03 13:48:03.068,9.37341,9.37556,1.00,1.00
2017.08.03 13:48:05.904,9.37341,9.37553,1.00,1.00
2017.08.03 13:48:06.580,9.37341,9.37553,1.60,1.00
2017.08.03 13:48:06.916,9.37355,9.37553,1.00,1.00
2017.08.03 13:48:07.028,9.37355,9.37571,1.00,1.00
2017.08.03 13:48:07.858,9.37358,9.37571,1.00,1.00
2017.08.03 13:48:08.186,9.3737,9.37571,1.60,1.00
2017.08.03 13:48:08.237,9.3737,9.37585,1.60,1.00
2017.08.03 13:48:09.043,9.3737,9.37585,1.60,1.00
2017.08.03 13:48:09.400,9.3737,9.37581,1.60,1.00
2017.08.03 13:48:09.452,9.3737,9.37581,1.60,1.00
2017.08.03 13:48:09.924,9.3737,9.37581,1.60,1.00
2017.08.03 13:48:10.429,9.3737,9.37581,1.00,1.00
2017.08.03 13:48:10.969,9.3737,9.37581,1.60,1.00
2017.08.03 13:48:11.655,9.3737,9.37581,1.00,1.00
2017.08.03 13:48:12.315,9.37371,9.37581,1.00,1.00
2017.08.03 13:48:13.678,9.37371,9.37581,1.60,1.00
2017.08.03 13:48:15.386,9.37371,9.37589,1.60,1.00
2017.08.03 13:48:15.935,9.37371,9.37589,1.00,1.00
2017.08.03 13:48:16.392,9.37377,9.37589,1.00,1.00
2017.08.03 13:48:16.735,9.37378,9.37589,1.60,1.00
2017.08.03 13:48:17.439,9.37384,9.37589,1.00,1.00
2017.08.03 13:48:19.680,9.3737,9.37589,1.00,1.50
2017.08.03 13:48:19.782,9.37357,9.37577,1.00,1.00
2017.08.03 13:48:19.985,9.3737,9.37589,1.00,1.00
2017.08.03 13:48:21.151,9.3737,9.37576,1.00,1.00
2017.08.03 13:48:22.815,9.3737,9.37477,1.00,1.50
2017.08.03 13:48:23.070,9.37248,9.37436,1.00,1.50
2017.08.03 13:48:23.557,9.37228,9.37436,1.52,1.50
2017.08.03 13:48:23.608,9.37228,9.37436,1.00,1.50
2017.08.03 13:48:23.762,9.37228,9.37432,1.00,1.00
2017.08.03 13:48:24.071,9.37301,9.37481,1.00,1.00
2017.08.03 13:48:24.392,9.37321,9.37517,1.00,1.00
2017.08.03 13:48:24.443,9.37336,9.37517,1.00,1.00
2017.08.03 13:48:24.647,9.37334,9.37517,2.10,1.00
2017.08.03 13:48:24.749,9.37336,9.37517,1.00,1.00
2017.08.03 13:48:24.800,9.37334,9.37517,2.10,1.00
2017.08.03 13:48:24.902,9.37338,9.37517,1.00,1.00
2017.08.03 13:48:25.055,9.37338,9.3755,1.00,1.00
2017.08.03 13:48:25.460,9.37356,9.3755,1.00,1.00
2017.08.03 13:48:25.915,9.37348,9.37551,1.60,1.00
2017.08.03 13:48:26.269,9.37374,9.37551,2.10,1.00
2017.08.03 13:48:26.320,9.37374,9.37577,2.10,1.00
2017.08.03 13:48:26.840,9.37373,9.37577,2.10,1.00
2017.08.03 13:48:26.992,9.37375,9.37577,1.00,1.00
2017.08.03 13:48:27.297,9.37408,9.37577,1.00,1.00
2017.08.03 13:48:27.423,9.37408,9.37602,1.12,1.00
2017.08.03 13:48:27.628,9.37396,9.37602,1.60,1.00
2017.08.03 13:48:27.781,9.37396,9.37602,1.00,1.00
2017.08.03 13:48:27.883,9.37383,9.37602,1.00,1.00
2017.08.03 13:48:28.036,9.37399,9.37602,1.00,1.00
2017.08.03 13:48:28.896,9.37399,9.37609,1.00,1.00
2017.08.03 13:48:31.136,9.37399,9.37613,1.00,1.00
2017.08.03 13:48:31.545,9.37397,9.37516,1.00,1.50
2017.08.03 13:48:31.749,9.37284,9.37476,1.00,1.50
2017.08.03 13:48:31.800,9.37284,9.37466,1.00,1.00
2017.08.03 13:48:31.851,9.37288,9.37485,1.00,1.00
2017.08.03 13:48:31.902,9.37298,9.37483,1.60,1.00
2017.08.03 13:48:32.004,9.37328,9.37503,1.00,1.00
2017.08.03 13:48:32.114,9.37328,9.37503,1.60,1.00
2017.08.03 13:48:32.165,9.37357,9.37536,2.10,1.00
2017.08.03 13:48:32.216,9.37369,9.37536,1.00,1.00
2017.08.03 13:48:32.267,9.37369,9.37556,1.00,1.00
2017.08.03 13:48:32.319,9.3738,9.37567,1.60,1.00
2017.08.03 13:48:32.421,9.37378,9.37585,1.60,1.00
2017.08.03 13:48:32.472,9.37379,9.37599,1.60,1.50
2017.08.03 13:48:32.676,9.37393,9.37599,1.60,1.00
2017.08.03 13:48:32.828,9.37393,9.37599,1.60,1.00
2017.08.03 13:48:33.339,9.37393,9.37599,1.60,1.00
2017.08.03 13:48:33.441,9.37398,9.37599,1.60,1.00
2017.08.03 13:48:33.765,9.37288,9.37477,1.00,1.50
2017.08.03 13:48:34.070,9.37283,9.37476,1.52,1.50
2017.08.03 13:48:34.222,9.37293,9.37476,1.00,1.50
2017.08.03 13:48:34.274,9.37288,9.37476,1.00,1.50
2017.08.03 13:48:34.325,9.37288,9.37489,1.00,1.00
2017.08.03 13:48:34.376,9.37328,9.37509,1.00,1.00
2017.08.03 13:48:34.683,9.37348,9.37524,1.60,1.00
2017.08.03 13:48:34.734,9.37348,9.37524,1.60,1.00
2017.08.03 13:48:34.862,9.37355,9.3756,2.10,1.00
2017.08.03 13:48:34.913,9.37388,9.37575,1.00,1.00
2017.08.03 13:48:35.218,9.37418,9.37608,1.00,1.00
2017.08.03 13:48:35.371,9.37428,9.37628,1.00,1.00
2017.08.03 13:48:35.423,9.37442,9.37641,2.10,1.00
2017.08.03 13:48:35.525,9.37444,9.37647,2.10,1.00
2017.08.03 13:48:36.074,9.37443,9.37647,1.00,1.00
2017.08.03 13:48:36.176,9.37443,9.37647,1.60,1.00
2017.08.03 13:48:36.227,9.37443,9.37647,1.00,1.00
2017.08.03 13:48:36.634,9.37443,9.37658,1.00,1.00
2017.08.03 13:48:37.238,9.37443,9.37658,1.60,1.00
2017.08.03 13:48:37.543,9.37455,9.37658,1.00,1.00
2017.08.03 13:48:37.798,9.37455,9.37662,1.60,1.00
2017.08.03 13:48:37.974,9.37455,9.37662,1.00,1.00
2017.08.03 13:48:38.954,9.37455,9.3767,1.00,1.00
2017.08.03 13:48:39.005,9.37455,9.3767,1.60,1.00
2017.08.03 13:48:39.430,9.37455,9.3767,1.60,1.00
2017.08.03 13:48:39.481,9.37455,9.3767,1.60,1.00
2017.08.03 13:48:40.014,9.37455,9.3767,1.35,1.00
2017.08.03 13:48:40.065,9.37455,9.37596,1.00,1.50
2017.08.03 13:48:40.235,9.37436,9.37586,1.00,1.00
2017.08.03 13:48:40.286,9.37395,9.37586,1.00,1.00
2017.08.03 13:48:40.338,9.37391,9.37556,1.00,1.50
2017.08.03 13:48:40.389,9.37371,9.37556,1.00,2.25
2017.08.03 13:48:40.440,9.37358,9.37522,1.00,1.00
2017.08.03 13:48:40.492,9.37346,9.37517,1.00,1.50
2017.08.03 13:48:40.594,9.37298,9.37508,1.00,1.00
2017.08.03 13:48:40.799,9.3728,9.37502,1.35,1.00
2017.08.03 13:48:40.901,9.3728,9.37497,1.00,1.00
2017.08.03 13:48:41.202,9.37288,9.37497,1.00,1.00
2017.08.03 13:48:41.406,9.3728,9.37497,1.00,1.00
2017.08.03 13:48:42.020,9.3728,9.37487,1.00,1.00
2017.08.03 13:48:42.331,9.37288,9.37487,1.00,1.00
2017.08.03 13:48:42.635,9.37349,9.37553,1.00,1.00
2017.08.03 13:48:42.737,9.37357,9.37558,1.00,1.00
2017.08.03 13:48:43.143,9.37377,9.37558,1.00,1.00
2017.08.03 13:48:43.644,9.37358,9.37558,1.60,1.00
2017.08.03 13:48:43.746,9.37352,9.37566,1.60,1.00
2017.08.03 13:48:43.797,9.37358,9.37572,1.00,1.00
2017.08.03 13:48:44.204,9.37345,9.37565,1.00,1.00
2017.08.03 13:48:45.425,9.37345,9.3756,1.00,1.00
2017.08.03 13:48:48.946,9.37345,9.37555,1.00,1.00
2017.08.03 13:48:50.482,9.37345,9.37557,1.00,1.00
2017.08.03 13:48:51.924,9.37343,9.37557,1.00,1.00
2017.08.03 13:48:58.879,9.37343,9.37558,1.00,1.00
2017.08.03 13:48:59.336,9.37354,9.37558,1.00,1.00
2017.08.03 13:49:00.208,9.37354,9.37559,1.00,1.00
2017.08.03 13:49:01.526,9.37354,9.37557,1.00,1.00
2017.08.03 13:49:01.876,9.37348,9.37557,1.00,1.00
2017.08.03 13:49:02.976,9.37348,9.37554,1.00,1.00
2017.08.03 13:49:03.637,9.37355,9.37554,1.00,1.00
2017.08.03 13:49:04.288,9.37355,9.37563,1.00,1.00
2017.08.03 13:49:06.063,9.37355,9.3756,1.00,1.00
2017.08.03 13:49:06.545,9.37369,9.3756,2.10,1.00
2017.08.03 13:49:06.850,9.37378,9.3756,1.60,1.00
2017.08.03 13:49:06.901,9.37369,9.3756,1.60,1.00
2017.08.03 13:49:06.952,9.37374,9.3756,1.60,1.00
2017.08.03 13:49:07.054,9.37382,9.3756,1.00,1.00
2017.08.03 13:49:07.156,9.37382,9.37584,1.00,1.00
2017.08.03 13:49:07.310,9.37388,9.37584,1.00,1.00
2017.08.03 13:49:07.657,9.37422,9.37584,2.10,1.00
2017.08.03 13:49:07.759,9.37423,9.37615,2.10,1.00
2017.08.03 13:49:07.810,9.37428,9.37615,1.00,1.00
2017.08.03 13:49:08.293,9.37438,9.37615,1.00,1.00
2017.08.03 13:49:08.548,9.37428,9.37642,1.60,1.00
2017.08.03 13:49:08.650,9.37437,9.37648,1.60,1.00
2017.08.03 13:49:08.966,9.37458,9.37648,1.00,1.00
2017.08.03 13:49:09.017,9.37449,9.37654,1.00,1.00
2017.08.03 13:49:09.188,9.37458,9.37654,1.00,1.00
2017.08.03 13:49:09.500,9.37471,9.37654,2.10,1.00
2017.08.03 13:49:09.849,9.37462,9.37654,1.00,1.00
2017.08.03 13:49:09.901,9.37476,9.37636,1.00,1.50
2017.08.03 13:49:09.952,9.37463,9.37636,1.00,2.25
2017.08.03 13:49:10.003,9.37463,9.37626,1.00,1.00
2017.08.03 13:49:10.054,9.37411,9.37626,1.00,1.00
2017.08.03 13:49:10.156,9.37419,9.37619,1.00,1.00
2017.08.03 13:49:10.462,9.37372,9.37587,1.00,1.00
2017.08.03 13:49:10.781,9.37359,9.37579,1.00,1.00
2017.08.03 13:49:11.392,9.37359,9.37565,1.00,1.00
2017.08.03 13:49:11.795,9.37359,9.37565,1.60,1.00
2017.08.03 13:49:12.102,9.37376,9.37565,1.00,1.00
2017.08.03 13:49:12.408,9.37394,9.37597,1.35,1.00
2017.08.03 13:49:12.460,9.37413,9.37597,1.00,1.00
2017.08.03 13:49:12.558,9.37408,9.37603,1.50,1.00
2017.08.03 13:49:12.611,9.37424,9.37603,2.10,1.00
2017.08.03 13:49:13.229,9.37433,9.37603,1.00,1.00
2017.08.03 13:49:13.280,9.37426,9.37603,1.00,1.00
2017.08.03 13:49:13.468,9.37426,9.37636,1.00,1.00
2017.08.03 13:49:14.147,9.37453,9.37636,1.00,1.00
2017.08.03 13:49:14.594,9.37419,9.37639,1.60,1.50
2017.08.03 13:49:14.646,9.37419,9.37639,1.60,1.50
2017.08.03 13:49:14.951,9.37428,9.37639,1.60,1.50
2017.08.03 13:49:15.206,9.37434,9.37639,1.60,1.00
2017.08.03 13:49:15.257,9.37437,9.37639,1.60,1.00
2017.08.03 13:49:15.906,9.37434,9.37526,1.00,1.50
2017.08.03 13:49:16.109,9.37325,9.37526,1.00,2.25
2017.08.03 13:49:16.212,9.37309,9.37525,1.00,1.00
2017.08.03 13:49:17.254,9.37309,9.37523,1.00,1.00
2017.08.03 13:49:18.148,9.37308,9.37523,1.35,1.00
2017.08.03 13:49:18.250,9.37305,9.37523,1.00,1.00
2017.08.03 13:49:18.403,9.37305,9.37509,1.00,1.00
2017.08.03 13:49:18.504,9.3729,9.37509,1.35,1.00
2017.08.03 13:49:18.556,9.3729,9.37509,1.60,1.00
2017.08.03 13:49:18.857,9.3729,9.37509,1.60,1.00
2017.08.03 13:49:19.267,9.3729,9.37509,2.85,1.00
2017.08.03 13:49:19.673,9.37303,9.37496,2.10,1.00
2017.08.03 13:49:20.233,9.37305,9.37496,2.10,1.00
2017.08.03 13:49:20.564,9.37305,9.37496,1.60,1.00
2017.08.03 13:49:20.615,9.37305,9.37496,1.00,1.00
2017.08.03 13:49:20.819,9.37296,9.37503,2.10,1.00
2017.08.03 13:49:21.304,9.37292,9.37503,2.10,1.00
2017.08.03 13:49:21.666,9.37294,9.37503,2.10,1.00
2017.08.03 13:49:21.768,9.3729,9.37503,1.60,1.00
2017.08.03 13:49:21.921,9.3729,9.37505,1.60,1.00
2017.08.03 13:49:21.972,9.3729,9.37505,1.60,1.00
2017.08.03 13:49:22.499,9.37291,9.37505,2.10,1.00
2017.08.03 13:49:23.017,9.37299,9.37505,2.10,1.00
2017.08.03 13:49:23.537,9.37307,9.37506,2.10,1.00
2017.08.03 13:49:23.996,9.37304,9.37506,2.10,1.00
2017.08.03 13:49:24.047,9.3729,9.37506,1.00,1.00
2017.08.03 13:49:24.816,9.3729,9.37503,1.00,1.00
2017.08.03 13:49:25.121,9.37298,9.37503,2.10,1.00
2017.08.03 13:49:25.579,9.37301,9.37503,1.60,1.00
2017.08.03 13:49:26.001,9.37301,9.37506,1.60,1.00
2017.08.03 13:49:26.052,9.37301,9.37506,1.60,1.00
2017.08.03 13:49:26.261,9.37301,9.37511,1.60,1.00
2017.08.03 13:49:26.528,9.37301,9.37511,1.60,1.00
2017.08.03 13:49:26.888,9.37291,9.37507,2.10,1.00
2017.08.03 13:49:27.244,9.37293,9.37507,2.10,1.00
2017.08.03 13:49:27.295,9.373,9.37511,1.60,1.00
2017.08.03 13:49:27.346,9.373,9.37503,1.60,1.00
2017.08.03 13:49:27.564,9.373,9.37503,1.60,1.00
2017.08.03 13:49:28.235,9.37288,9.37503,2.85,1.00
2017.08.03 13:49:28.438,9.3729,9.37503,2.10,1.00
2017.08.03 13:49:28.772,9.37296,9.375,2.10,1.00
2017.08.03 13:49:28.979,9.37301,9.375,1.60,1.00
2017.08.03 13:49:29.030,9.37301,9.375,1.60,1.00
2017.08.03 13:49:29.759,9.37301,9.37497,1.60,1.00
2017.08.03 13:49:30.106,9.37301,9.37497,1.60,1.00
2017.08.03 13:49:30.259,9.37301,9.37497,1.60,1.00
2017.08.03 13:49:30.361,9.37301,9.37497,1.60,1.00
2017.08.03 13:49:30.899,9.37297,9.37496,1.60,1.00
2017.08.03 13:49:31.202,9.37297,9.37496,1.60,1.00
2017.08.03 13:49:32.262,9.37307,9.37496,2.10,1.00
2017.08.03 13:49:32.466,9.37334,9.37519,2.47,1.00
2017.08.03 13:49:32.517,9.37334,9.37537,2.47,1.00
2017.08.03 13:49:32.791,9.37334,9.37537,2.10,1.00
2017.08.03 13:49:33.438,9.37342,9.37537,2.10,1.00
2017.08.03 13:49:33.744,9.37343,9.37541,2.10,1.00
2017.08.03 13:49:33.896,9.37337,9.37541,2.10,1.00
2017.08.03 13:49:33.947,9.37331,9.37551,1.60,1.50
2017.08.03 13:49:33.998,9.37331,9.37551,1.00,1.50
2017.08.03 13:49:34.100,9.37318,9.37538,1.00,1.00
2017.08.03 13:49:34.435,9.37332,9.37551,1.60,1.00
2017.08.03 13:49:34.886,9.37332,9.37541,1.60,1.00
2017.08.03 13:49:35.291,9.37332,9.37541,1.60,1.00
2017.08.03 13:49:35.506,9.37332,9.37541,1.60,1.00
2017.08.03 13:49:35.844,9.37332,9.37541,1.60,1.00
2017.08.03 13:49:35.946,9.37332,9.37541,1.60,1.00
2017.08.03 13:49:36.216,9.37332,9.37544,1.60,1.00
2017.08.03 13:49:36.538,9.37332,9.37544,1.60,1.00
2017.08.03 13:49:37.267,9.37332,9.37544,1.60,1.00
2017.08.03 13:49:37.318,9.37332,9.37542,1.00,1.00
2017.08.03 13:49:37.470,9.37332,9.37532,1.00,1.00
2017.08.03 13:49:37.521,9.37314,9.37532,1.00,1.00
2017.08.03 13:49:38.398,9.37314,9.37534,1.00,1.00
2017.08.03 13:49:38.449,9.37314,9.37526,1.60,1.00
2017.08.03 13:49:38.755,9.37358,9.37526,1.60,1.00
2017.08.03 13:49:39.444,9.37368,9.37526,1.00,1.00
2017.08.03 13:49:39.495,9.37358,9.37526,1.60,1.00
2017.08.03 13:49:39.796,9.37339,9.3752,1.00,1.00
2017.08.03 13:49:39.847,9.37339,9.37516,1.00,1.00
2017.08.03 13:49:39.898,9.37339,9.37547,1.00,1.00
2017.08.03 13:49:39.949,9.37328,9.37526,1.60,1.00
2017.08.03 13:49:40.051,9.37328,9.37544,1.60,1.00
2017.08.03 13:49:40.102,9.37338,9.37544,1.00,1.00
2017.08.03 13:49:40.472,9.37348,9.37547,1.00,1.00
2017.08.03 13:49:40.627,9.37338,9.37547,1.60,1.00
2017.08.03 13:49:40.806,9.37338,9.37547,1.00,1.00
2017.08.03 13:49:41.197,9.37338,9.37552,1.00,1.00
2017.08.03 13:49:41.441,9.37336,9.37549,1.00,1.00
2017.08.03 13:49:41.543,9.37323,9.37543,1.00,1.00
2017.08.03 13:49:41.832,9.37323,9.37532,1.00,1.00
2017.08.03 13:49:41.935,9.37323,9.37542,1.00,1.00
2017.08.03 13:49:42.037,9.37323,9.37466,1.00,1.50
2017.08.03 13:49:42.139,9.37288,9.37471,1.00,1.50
2017.08.03 13:49:42.191,9.37288,9.37481,1.00,1.00
2017.08.03 13:49:42.243,9.37295,9.37479,2.10,1.00
2017.08.03 13:49:42.548,9.37363,9.37515,2.10,1.00
2017.08.03 13:49:42.802,9.37359,9.37515,2.10,1.00
2017.08.03 13:49:43.528,9.37351,9.3754,2.10,1.00
2017.08.03 13:49:43.579,9.37344,9.3754,2.10,1.00
2017.08.03 13:49:43.731,9.3734,9.3754,2.10,1.00
2017.08.03 13:49:43.833,9.37335,9.3754,1.60,1.00
2017.08.03 13:49:43.885,9.37335,9.3754,1.60,1.00
2017.08.03 13:49:44.831,9.37345,9.37532,2.10,1.00
2017.08.03 13:49:44.882,9.37339,9.37532,1.60,1.00
2017.08.03 13:49:45.229,9.37331,9.37532,2.10,1.50
2017.08.03 13:49:45.280,9.37322,9.37532,1.00,1.00
2017.08.03 13:49:45.515,9.3731,9.37522,1.00,1.00
2017.08.03 13:49:45.617,9.37298,9.37512,1.60,1.00
2017.08.03 13:49:45.924,9.37298,9.37501,1.00,1.00
2017.08.03 13:49:46.026,9.37285,9.37501,1.60,1.00
2017.08.03 13:49:46.288,9.37285,9.37501,1.60,1.00
2017.08.03 13:49:46.596,9.37285,9.37492,1.60,1.00
2017.08.03 13:49:46.793,9.37285,9.37501,1.60,1.00
2017.08.03 13:49:47.062,9.37285,9.37501,1.60,1.00
2017.08.03 13:49:47.368,9.37285,9.37491,1.60,1.50
2017.08.03 13:49:47.680,9.37285,9.37491,1.60,1.50
2017.08.03 13:49:47.731,9.37285,9.37494,1.60,1.00
2017.08.03 13:49:47.782,9.37289,9.37494,2.10,1.00
2017.08.03 13:49:48.025,9.37289,9.37494,1.60,1.00
2017.08.03 13:49:48.076,9.37285,9.37482,1.60,1.00
2017.08.03 13:49:48.127,9.37285,9.37492,1.60,1.00
2017.08.03 13:49:48.178,9.37285,9.37492,1.60,1.00
2017.08.03 13:49:48.280,9.37285,9.37492,1.60,1.00
2017.08.03 13:49:48.331,9.37285,9.37494,1.00,1.00
2017.08.03 13:49:48.433,9.37267,9.37489,1.60,1.00
2017.08.03 13:49:48.535,9.37267,9.37489,1.60,1.00
2017.08.03 13:49:48.879,9.37267,9.37489,1.60,1.00
2017.08.03 13:49:48.985,9.37267,9.37489,1.60,1.00
2017.08.03 13:49:49.550,9.37278,9.37479,1.00,1.00
2017.08.03 13:49:49.857,9.3729,9.37479,2.10,1.00
2017.08.03 13:49:50.267,9.37308,9.37479,1.00,1.00
2017.08.03 13:49:50.370,9.37308,9.3751,1.60,1.00
2017.08.03 13:49:50.421,9.3731,9.3751,2.10,1.00
2017.08.03 13:49:50.729,9.37318,9.3751,2.10,1.00
2017.08.03 13:49:51.483,9.37326,9.3751,2.10,1.00
2017.08.03 13:49:51.535,9.37327,9.37522,2.10,1.00
2017.08.03 13:49:52.043,9.37315,9.37522,2.10,1.00
2017.08.03 13:49:52.196,9.37324,9.37522,1.12,1.00
2017.08.03 13:49:52.501,9.37324,9.37522,1.12,1.00
2017.08.03 13:49:52.755,9.37323,9.37526,1.60,1.00
2017.08.03 13:49:52.907,9.37323,9.37523,1.00,1.00
2017.08.03 13:49:52.958,9.37311,9.37522,1.60,1.00
2017.08.03 13:49:53.229,9.37311,9.37526,1.60,1.00
2017.08.03 13:49:53.587,9.37311,9.37526,1.60,1.00
2017.08.03 13:49:53.638,9.37311,9.37526,1.60,1.00
2017.08.03 13:49:53.935,9.37311,9.37514,1.60,1.00
2017.08.03 13:49:54.162,9.37305,9.37514,2.10,1.00
2017.08.03 13:49:54.264,9.37307,9.37514,2.10,1.00
2017.08.03 13:49:54.597,9.37309,9.37514,2.10,1.00
2017.08.03 13:49:54.929,9.37314,9.37514,2.10,1.00
2017.08.03 13:49:55.031,9.37318,9.37519,2.10,1.00
2017.08.03 13:49:55.548,9.37316,9.37519,2.10,1.00
2017.08.03 13:49:56.129,9.37317,9.37519,2.10,1.00
2017.08.03 13:49:56.433,9.37313,9.37519,1.60,1.00
2017.08.03 13:49:56.485,9.37313,9.37519,1.60,1.00
2017.08.03 13:49:56.913,9.37313,9.37519,2.85,1.00
2017.08.03 13:49:57.227,9.37315,9.37519,2.10,1.00
2017.08.03 13:49:57.278,9.37313,9.37519,1.60,1.00
2017.08.03 13:49:57.329,9.37313,9.37512,1.60,1.00
2017.08.03 13:49:57.381,9.37313,9.37513,1.00,1.00
2017.08.03 13:49:57.534,9.37298,9.37512,1.60,1.00
2017.08.03 13:49:57.587,9.37281,9.37482,1.60,1.00
2017.08.03 13:49:58.105,9.37281,9.37482,1.00,1.00
2017.08.03 13:49:58.641,9.37281,9.37472,1.00,1.00
2017.08.03 13:49:58.984,9.37271,9.37472,1.60,1.00
2017.08.03 13:49:59.035,9.37271,9.37472,1.60,1.00
2017.08.03 13:49:59.379,9.37271,9.37472,1.60,1.00
2017.08.03 13:49:59.928,9.37271,9.37472,1.60,1.00
2017.08.03 13:50:00.265,9.37271,9.37462,1.60,1.00
2017.08.03 13:50:00.367,9.37268,9.37472,1.00,1.00
2017.08.03 13:50:00.469,9.37268,9.37462,1.00,1.00
2017.08.03 13:50:00.571,9.37255,9.37462,1.60,1.00
2017.08.03 13:50:00.622,9.37255,9.37462,1.60,1.00
2017.08.03 13:50:00.673,9.37255,9.37462,1.60,1.00
2017.08.03 13:50:00.828,9.37255,9.37462,1.60,1.00
2017.08.03 13:50:01.138,9.37255,9.37462,1.60,1.00
2017.08.03 13:50:01.189,9.37255,9.37462,1.35,1.00
2017.08.03 13:50:01.342,9.37255,9.37442,1.00,1.00
2017.08.03 13:50:01.393,9.37242,9.37432,1.00,1.00
2017.08.03 13:50:01.444,9.37242,9.37442,1.00,1.00
2017.08.03 13:50:01.495,9.37229,9.37432,1.00,1.00
2017.08.03 13:50:01.966,9.37229,9.37447,1.00,1.00
2017.08.03 13:50:02.331,9.37229,9.37432,1.00,1.00
2017.08.03 13:50:02.585,9.37216,9.37432,1.00,1.00
2017.08.03 13:50:02.829,9.37216,9.37424,1.00,1.00
2017.08.03 13:50:03.332,9.37228,9.37424,1.00,1.00
2017.08.03 13:50:04.165,9.37227,9.37424,1.00,1.00
2017.08.03 13:50:04.271,9.37227,9.37431,1.00,1.00
2017.08.03 13:50:04.395,9.37218,9.37431,1.60,1.00
2017.08.03 13:50:04.447,9.37218,9.37431,1.60,1.00
2017.08.03 13:50:04.498,9.37216,9.37431,1.60,1.00
2017.08.03 13:50:04.804,9.3723,9.37431,1.60,1.00
2017.08.03 13:50:05.109,9.3723,9.37431,1.60,1.00
2017.08.03 13:50:05.922,9.3723,9.37443,1.60,1.00
2017.08.03 13:50:06.497,9.3723,9.37443,1.60,1.00
2017.08.03 13:50:07.589,9.3723,9.37443,1.60,1.00
2017.08.03 13:50:07.640,9.3723,9.3745,1.60,1.00
2017.08.03 13:50:07.691,9.3723,9.3745,1.60,1.00
2017.08.03 13:50:08.773,9.37263,9.37452,2.10,1.50
2017.08.03 13:50:08.876,9.37278,9.37478,1.00,1.00
2017.08.03 13:50:08.977,9.37288,9.37483,1.00,1.00
2017.08.03 13:50:09.371,9.37304,9.37514,3.22,1.00
2017.08.03 13:50:09.574,9.37321,9.37514,1.60,1.00
2017.08.03 13:50:09.777,9.37321,9.37514,1.60,1.00
2017.08.03 13:50:09.930,9.37321,9.37514,1.00,1.00
2017.08.03 13:50:10.082,9.37321,9.37514,1.60,1.00
2017.08.03 13:50:10.239,9.37321,9.37514,1.00,1.00
2017.08.03 13:50:10.290,9.37321,9.37471,1.00,1.50
2017.08.03 13:50:10.474,9.37274,9.37437,1.00,1.00
2017.08.03 13:50:10.525,9.37254,9.37426,1.00,1.00
2017.08.03 13:50:10.627,9.37224,9.37426,1.00,1.00
2017.08.03 13:50:11.858,9.37224,9.37422,1.00,1.00
2017.08.03 13:50:11.909,9.37211,9.37422,1.00,1.00
2017.08.03 13:50:12.112,9.37211,9.37422,1.60,1.00
2017.08.03 13:50:12.265,9.37211,9.37422,1.35,1.00
2017.08.03 13:50:12.317,9.37211,9.37392,1.00,1.00
2017.08.03 13:50:12.368,9.37209,9.37402,1.00,1.00
2017.08.03 13:50:12.470,9.37196,9.37392,1.50,1.00
2017.08.03 13:50:12.900,9.37196,9.37402,1.35,1.50
2017.08.03 13:50:13.314,9.37196,9.37402,1.60,1.50
2017.08.03 13:50:13.619,9.37196,9.37402,1.60,1.00
2017.08.03 13:50:13.720,9.37196,9.37405,1.00,1.00
2017.08.03 13:50:14.017,9.37212,9.37405,1.00,1.00
2017.08.03 13:50:14.367,9.37228,9.37405,1.00,1.00
2017.08.03 13:50:14.418,9.37228,9.37436,1.00,1.00
2017.08.03 13:50:14.943,9.37225,9.37436,1.52,1.00
2017.08.03 13:50:15.444,9.37238,9.37436,1.00,1.00
2017.08.03 13:50:15.496,9.37228,9.37436,1.00,1.00
2017.08.03 13:50:15.964,9.37238,9.37436,1.00,1.00
2017.08.03 13:50:16.556,9.37258,9.37436,1.00,1.00
2017.08.03 13:50:16.760,9.37298,9.37509,1.00,1.00
2017.08.03 13:50:16.811,9.37304,9.37509,1.00,1.00
2017.08.03 13:50:17.117,9.37322,9.37509,1.00,1.00
2017.08.03 13:50:17.573,9.37322,9.37541,1.00,1.00
2017.08.03 13:50:18.623,9.37322,9.37542,1.00,1.00
2017.08.03 13:50:21.311,9.37322,9.37539,1.00,1.00
2017.08.03 13:50:21.615,9.37335,9.37539,1.00,1.00
2017.08.03 13:50:22.317,9.37335,9.37516,1.00,1.50
2017.08.03 13:50:22.623,9.37242,9.37436,1.00,1.00
2017.08.03 13:50:22.725,9.37238,9.37436,1.00,1.00
2017.08.03 13:50:24.069,9.37238,9.3744,1.00,1.00
2017.08.03 13:50:24.394,9.37228,9.37428,1.00,1.00
2017.08.03 13:50:24.445,9.37225,9.37428,1.00,1.00
2017.08.03 13:50:24.496,9.37225,9.3744,1.00,1.00
2017.08.03 13:50:24.953,9.37228,9.3744,1.00,1.00
2017.08.03 13:50:25.274,9.37225,9.37427,1.00,1.00
2017.08.03 13:50:25.600,9.37227,9.37427,1.00,1.00
2017.08.03 13:50:25.905,9.37248,9.37427,1.00,1.00
2017.08.03 13:50:26.006,9.37238,9.37427,1.00,1.00
2017.08.03 13:50:26.508,9.37238,9.37436,1.00,1.00
2017.08.03 13:50:27.068,9.3723,9.37436,1.00,1.00
2017.08.03 13:50:27.313,9.37228,9.37436,1.00,1.00
2017.08.03 13:50:27.365,9.37225,9.37436,1.00,1.00
2017.08.03 13:50:27.416,9.37228,9.37436,1.00,1.00
2017.08.03 13:50:27.721,9.37228,9.37432,1.00,1.00
2017.08.03 13:50:28.160,9.37238,9.37432,1.00,1.00
2017.08.03 13:50:28.616,9.37248,9.37432,1.00,1.00
2017.08.03 13:50:28.667,9.37238,9.37432,1.00,1.00
2017.08.03 13:50:28.718,9.37248,9.37432,1.00,1.00
2017.08.03 13:50:28.769,9.37248,9.37434,1.00,1.00
2017.08.03 13:50:29.125,9.37238,9.37434,1.00,1.00
2017.08.03 13:50:29.659,9.37248,9.37434,1.00,1.00
2017.08.03 13:50:29.862,9.37238,9.37434,1.50,1.00
2017.08.03 13:50:29.913,9.37238,9.37436,1.50,1.00
2017.08.03 13:50:30.883,9.37228,9.37436,1.00,1.00
2017.08.03 13:50:31.035,9.37236,9.37436,1.00,1.00
2017.08.03 13:50:31.445,9.37236,9.37432,1.00,1.00
2017.08.03 13:50:32.014,9.37225,9.37432,1.00,1.00
2017.08.03 13:50:32.548,9.37225,9.37431,1.00,1.00
2017.08.03 13:50:33.405,9.37225,9.3743,1.00,1.00
2017.08.03 13:50:33.456,9.37225,9.3743,1.00,1.60
2017.08.03 13:50:33.558,9.37211,9.3743,1.50,1.60
2017.08.03 13:50:33.863,9.37211,9.37405,1.00,1.00
2017.08.03 13:50:34.117,9.37178,9.37384,1.00,1.60
2017.08.03 13:50:34.219,9.37178,9.37384,1.00,1.60
2017.08.03 13:50:34.386,9.37178,9.37384,1.00,1.60
2017.08.03 13:50:34.641,9.37178,9.37384,1.00,1.35
2017.08.03 13:50:34.745,9.37166,9.37384,1.00,1.00
2017.08.03 13:50:34.847,9.37166,9.37384,1.00,1.60
2017.08.03 13:50:35.153,9.37166,9.37352,1.00,1.60
2017.08.03 13:50:35.322,9.37133,9.37353,1.00,2.10
2017.08.03 13:50:35.639,9.37133,9.37353,1.00,1.60
2017.08.03 13:50:35.743,9.37133,9.37338,1.00,1.00
2017.08.03 13:50:36.047,9.37119,9.37338,1.00,1.00
2017.08.03 13:50:36.352,9.37119,9.37332,1.00,1.00
2017.08.03 13:50:36.555,9.3709,9.37308,1.00,1.00
2017.08.03 13:50:37.570,9.3709,9.37294,1.00,1.00
2017.08.03 13:50:38.732,9.3709,9.37291,1.00,1.00
2017.08.03 13:50:39.342,9.37069,9.37282,1.00,1.00
2017.08.03 13:50:39.393,9.37063,9.37282,1.00,1.00
2017.08.03 13:50:39.827,9.37063,9.37269,1.00,1.00
2017.08.03 13:50:41.230,9.37063,9.37265,1.00,1.00
2017.08.03 13:50:42.530,9.37063,9.37271,1.00,1.00
2017.08.03 13:50:43.720,9.37063,9.37267,1.00,1.00
2017.08.03 13:50:44.775,9.37067,9.37267,1.00,1.00
2017.08.03 13:50:45.099,9.37111,9.37319,1.00,1.00
2017.08.03 13:50:45.201,9.3712,9.37319,1.00,1.00
2017.08.03 13:50:45.456,9.37148,9.37356,1.00,1.00
2017.08.03 13:50:45.558,9.37153,9.37356,1.00,1.00
2017.08.03 13:50:45.862,9.37168,9.37356,1.00,1.00
2017.08.03 13:50:46.169,9.3717,9.37387,1.00,1.00
2017.08.03 13:50:46.279,9.37185,9.37387,1.00,1.00
2017.08.03 13:50:46.601,9.37198,9.37387,1.00,1.00
2017.08.03 13:50:47.331,9.37198,9.37397,1.00,1.00
2017.08.03 13:50:48.502,9.37198,9.37404,1.50,1.00
2017.08.03 13:50:49.919,9.37198,9.37407,1.00,1.00
2017.08.03 13:50:51.024,9.37198,9.3741,1.00,1.00
2017.08.03 13:50:52.115,9.37203,9.3741,1.00,1.00
2017.08.03 13:50:52.658,9.37203,9.37411,1.00,1.00
2017.08.03 13:50:55.730,9.37203,9.37406,1.00,1.00
2017.08.03 13:50:56.866,9.37203,9.37411,1.00,1.00
2017.08.03 13:50:57.952,9.37203,9.37415,1.00,1.00
2017.08.03 13:50:58.105,9.37219,9.37415,1.00,1.00
2017.08.03 13:50:58.615,9.37232,9.37415,1.00,1.00
2017.08.03 13:50:59.151,9.37232,9.37433,1.00,1.00
2017.08.03 13:50:59.304,9.37238,9.37433,1.00,1.00
2017.08.03 13:50:59.610,9.37218,9.37406,1.00,1.00
2017.08.03 13:50:59.715,9.37218,9.37414,1.00,1.00
2017.08.03 13:50:59.766,9.37226,9.37414,1.00,1.00
2017.08.03 13:51:00.072,9.37239,9.37416,1.00,1.00
2017.08.03 13:51:00.863,9.37239,9.37439,1.00,1.00
2017.08.03 13:51:01.224,9.37248,9.37439,1.00,1.00
2017.08.03 13:51:01.530,9.37298,9.37459,1.00,1.00
2017.08.03 13:51:01.633,9.37338,9.37505,1.00,1.00
2017.08.03 13:51:01.684,9.37338,9.37516,1.00,1.50
2017.08.03 13:51:01.735,9.37331,9.37516,1.00,1.50
2017.08.03 13:51:01.786,9.37331,9.37507,1.00,1.00
2017.08.03 13:51:01.837,9.37312,9.37507,1.00,1.00
2017.08.03 13:51:01.941,9.37308,9.37507,1.00,1.00
2017.08.03 13:51:01.992,9.37296,9.37507,1.00,1.00
2017.08.03 13:51:02.094,9.37289,9.37503,1.00,1.00
2017.08.03 13:51:02.146,9.37283,9.37503,1.00,1.00
2017.08.03 13:51:02.197,9.37271,9.37487,1.00,1.00
2017.08.03 13:51:02.299,9.37267,9.37487,1.00,1.00
2017.08.03 13:51:02.350,9.37267,9.37477,1.00,1.00
2017.08.03 13:51:02.401,9.37258,9.37474,1.00,1.00
2017.08.03 13:51:03.122,9.37254,9.37474,1.00,1.00
2017.08.03 13:51:03.550,9.37254,9.37467,1.00,1.00
2017.08.03 13:51:03.862,9.37257,9.37467,1.00,1.00
2017.08.03 13:51:04.237,9.37267,9.37467,1.00,1.00
2017.08.03 13:51:05.797,9.37267,9.37478,1.00,1.00
2017.08.03 13:51:08.000,9.37267,9.37467,1.00,1.00
2017.08.03 13:51:09.145,9.37267,9.37471,1.00,1.00
2017.08.03 13:51:09.409,9.37254,9.37471,1.00,1.00
2017.08.03 13:51:09.460,9.37254,9.3746,1.00,1.00
2017.08.03 13:51:09.609,9.37227,9.37447,1.00,1.00
2017.08.03 13:51:09.811,9.37231,9.37447,1.00,1.00
2017.08.03 13:51:10.472,9.37231,9.37444,1.00,1.00
2017.08.03 13:51:11.029,9.37239,9.37444,1.00,1.00
2017.08.03 13:51:11.647,9.37239,9.37457,1.00,1.00
2017.08.03 13:51:12.018,9.37242,9.37457,1.00,1.00
2017.08.03 13:51:12.440,9.37244,9.37457,1.00,1.00
2017.08.03 13:51:12.745,9.37255,9.37457,1.00,1.00
2017.08.03 13:51:12.847,9.37255,9.37462,1.00,1.00
2017.08.03 13:51:14.028,9.37255,9.37465,1.00,1.00
2017.08.03 13:51:15.672,9.37255,9.37471,1.00,1.00
2017.08.03 13:51:16.945,9.37255,9.37472,1.00,1.00
2017.08.03 13:51:17.047,9.37269,9.37472,1.00,1.00
2017.08.03 13:51:18.043,9.37269,9.37479,1.00,1.00
2017.08.03 13:51:18.094,9.37269,9.37472,1.00,1.00
2017.08.03 13:51:18.145,9.37254,9.37472,1.00,1.00
2017.08.03 13:51:18.247,9.3724,9.37462,1.00,1.00
2017.08.03 13:51:19.648,9.37249,9.37462,1.00,1.00
2017.08.03 13:51:19.954,9.37254,9.37464,1.00,1.00
2017.08.03 13:51:20.475,9.37254,9.37474,1.00,1.00
2017.08.03 13:51:21.719,9.37254,9.37468,1.00,1.00
2017.08.03 13:51:21.973,9.37238,9.37459,1.00,1.00
2017.08.03 13:51:22.167,9.37225,9.37444,1.00,1.00
2017.08.03 13:51:22.522,9.37222,9.37435,1.00,1.00
2017.08.03 13:51:22.674,9.37213,9.3743,1.00,1.00
2017.08.03 13:51:22.776,9.3721,9.3743,1.00,1.00
2017.08.03 13:51:23.831,9.3721,9.37421,1.00,1.50
2017.08.03 13:51:23.983,9.37201,9.37418,1.00,1.00
2017.08.03 13:51:24.035,9.37196,9.37399,1.00,1.00
2017.08.03 13:51:24.187,9.37168,9.37378,1.00,1.00
2017.08.03 13:51:24.543,9.37153,9.37373,1.00,1.00
2017.08.03 13:51:25.432,9.37153,9.37367,1.00,1.00
2017.08.03 13:51:25.736,9.37168,9.37367,1.00,1.00
2017.08.03 13:51:25.889,9.37188,9.37399,1.00,1.00
2017.08.03 13:51:25.940,9.37198,9.37405,1.00,1.00
2017.08.03 13:51:26.274,9.37228,9.37433,1.00,1.00
2017.08.03 13:51:26.478,9.37217,9.37433,1.50,1.00
2017.08.03 13:51:26.529,9.37219,9.37433,1.00,1.00
2017.08.03 13:51:27.039,9.37228,9.37433,1.00,1.00
2017.08.03 13:51:27.090,9.37228,9.37436,1.50,1.00
2017.08.03 13:51:27.344,9.37228,9.37446,1.00,1.00
2017.08.03 13:51:28.061,9.37215,9.37435,1.00,1.00
2017.08.03 13:51:28.362,9.37215,9.37429,1.00,1.00
2017.08.03 13:51:28.464,9.37201,9.37421,1.00,1.00
2017.08.03 13:51:28.667,9.37201,9.37419,1.00,1.00
2017.08.03 13:51:31.959,9.37207,9.37419,1.00,1.00
2017.08.03 13:51:32.573,9.37207,9.37423,1.00,1.00
2017.08.03 13:51:33.403,9.37221,9.37423,1.00,1.00
2017.08.03 13:51:34.291,9.37221,9.37434,1.00,1.00
2017.08.03 13:51:34.912,9.37236,9.37434,1.00,1.00
2017.08.03 13:51:35.370,9.37238,9.37434,1.00,1.00
2017.08.03 13:51:35.473,9.37238,9.37454,1.00,1.00
2017.08.03 13:51:36.001,9.37236,9.37454,1.00,1.00
2017.08.03 13:51:36.626,9.37238,9.37456,1.00,1.00
2017.08.03 13:51:36.941,9.37236,9.37456,1.00,1.00
2017.08.03 13:51:38.472,9.37223,9.37443,1.00,1.00
2017.08.03 13:51:38.842,9.37223,9.37439,1.00,1.00
2017.08.03 13:51:38.893,9.3721,9.3743,1.00,1.00
2017.08.03 13:51:38.944,9.3721,9.37425,1.00,1.00
2017.08.03 13:51:39.979,9.37194,9.37413,1.00,1.00
2017.08.03 13:51:41.918,9.37206,9.37419,1.00,1.00
2017.08.03 13:51:43.035,9.37206,9.37422,1.00,1.00
2017.08.03 13:51:43.289,9.37208,9.37422,1.00,1.00
2017.08.03 13:51:44.919,9.37208,9.37426,1.00,1.00
2017.08.03 13:51:46.121,9.37206,9.37426,1.00,1.00
2017.08.03 13:51:47.888,9.37219,9.37426,1.00,1.00
2017.08.03 13:51:48.664,9.37219,9.37431,1.00,1.00
2017.08.03 13:51:49.841,9.37219,9.37428,1.00,1.00
2017.08.03 13:51:49.892,9.37206,9.37426,1.00,1.00
2017.08.03 13:51:51.428,9.37221,9.3743,1.00,1.00
2017.08.03 13:51:51.992,9.3721,9.3743,1.00,1.50
2017.08.03 13:51:52.543,9.3721,9.37429,1.00,1.00
2017.08.03 13:51:54.036,9.37197,9.37417,1.00,1.00
2017.08.03 13:51:54.571,9.37197,9.37408,1.00,1.00
2017.08.03 13:51:55.307,9.37198,9.37408,1.00,1.00
2017.08.03 13:51:55.613,9.37223,9.37408,1.00,1.00
2017.08.03 13:51:55.765,9.37223,9.37431,1.00,1.00
2017.08.03 13:51:55.867,9.37228,9.37431,1.00,1.00
2017.08.03 13:51:56.172,9.37238,9.37431,1.00,1.00
2017.08.03 13:51:56.815,9.37237,9.37431,1.00,1.00
2017.08.03 13:51:57.041,9.37238,9.37452,1.00,1.00
2017.08.03 13:51:57.637,9.37248,9.37452,1.00,1.00
2017.08.03 13:51:57.889,9.37238,9.37452,1.00,1.00
2017.08.03 13:51:59.555,9.37237,9.37452,1.50,1.00
2017.08.03 13:52:00.066,9.37238,9.37452,1.00,1.00
2017.08.03 13:52:00.597,9.37248,9.37452,1.00,1.00
2017.08.03 13:52:01.036,9.37248,9.37457,1.00,1.50
2017.08.03 13:52:02.201,9.37248,9.37452,1.00,1.00
2017.08.03 13:52:03.199,9.37238,9.37452,1.00,1.00
2017.08.03 13:52:03.402,9.37238,9.3745,1.00,1.00
2017.08.03 13:52:03.912,9.37237,9.3745,1.00,1.00
2017.08.03 13:52:04.260,9.37237,9.37445,1.00,1.00
2017.08.03 13:52:05.645,9.37226,9.37443,1.00,1.00
2017.08.03 13:52:09.898,9.37223,9.37441,1.00,1.00
2017.08.03 13:52:09.949,9.37214,9.37429,1.00,1.00
2017.08.03 13:52:10.127,9.37209,9.37429,1.00,1.00
2017.08.03 13:52:10.178,9.37209,9.3742,1.00,1.00
2017.08.03 13:52:11.974,9.37205,9.3742,1.00,1.00
2017.08.03 13:52:13.159,9.37205,9.37424,1.00,1.00
2017.08.03 13:52:14.229,9.37205,9.37422,1.00,1.00
2017.08.03 13:52:18.844,9.37205,9.37425,1.00,1.00
2017.08.03 13:52:18.946,9.37212,9.37425,1.00,1.00
2017.08.03 13:52:19.282,9.37218,9.37428,1.00,1.00
2017.08.03 13:52:19.996,9.37218,9.3743,1.00,1.00
2017.08.03 13:52:21.732,9.37218,9.37431,1.00,1.00
2017.08.03 13:52:24.071,9.37205,9.37425,1.00,1.00
2017.08.03 13:52:25.276,9.37219,9.37429,1.00,1.00
2017.08.03 13:52:26.551,9.37219,9.37434,1.00,1.00
2017.08.03 13:52:27.467,9.37233,9.37434,1.00,1.00
2017.08.03 13:52:27.569,9.37246,9.37467,1.00,1.00
2017.08.03 13:52:27.671,9.37262,9.37467,1.00,1.00
2017.08.03 13:52:27.773,9.37245,9.37465,1.00,1.00
2017.08.03 13:52:27.824,9.37248,9.37465,1.60,1.00
2017.08.03 13:52:28.128,9.37301,9.37491,1.00,1.00
2017.08.03 13:52:28.555,9.37301,9.375,1.00,1.00
2017.08.03 13:52:28.657,9.37288,9.375,1.00,1.00
2017.08.03 13:52:28.708,9.37294,9.375,1.00,1.00
2017.08.03 13:52:28.963,9.37284,9.375,1.00,1.00
2017.08.03 13:52:29.065,9.37284,9.37504,1.00,1.00
2017.08.03 13:52:29.590,9.37284,9.37503,1.00,1.00
2017.08.03 13:52:30.397,9.37284,9.37497,1.00,1.00
2017.08.03 13:52:30.701,9.37308,9.37497,1.60,1.00
2017.08.03 13:52:30.752,9.37337,9.37531,1.00,1.00
2017.08.03 13:52:30.803,9.37362,9.37531,1.00,1.00
2017.08.03 13:52:30.854,9.37342,9.3755,1.60,1.00
2017.08.03 13:52:30.905,9.37342,9.3755,1.60,1.00
2017.08.03 13:52:31.007,9.37359,9.37572,1.00,1.00
2017.08.03 13:52:31.957,9.37359,9.37579,1.00,1.50
2017.08.03 13:52:32.111,9.37361,9.37579,1.00,1.00
2017.08.03 13:52:33.081,9.37361,9.37574,1.00,1.00
2017.08.03 13:52:34.696,9.37361,9.3757,1.00,1.00
2017.08.03 13:52:35.189,9.37374,9.3757,1.00,1.00
2017.08.03 13:52:35.696,9.37361,9.3757,1.00,1.00
2017.08.03 13:52:36.070,9.37361,9.3758,1.00,1.00
2017.08.03 13:52:37.203,9.37361,9.37576,1.00,1.00
2017.08.03 13:52:37.967,9.37368,9.37576,1.00,1.00
2017.08.03 13:52:38.436,9.37361,9.37575,1.00,1.00
2017.08.03 13:52:38.487,9.37368,9.37575,1.00,1.00
2017.08.03 13:52:38.538,9.37361,9.37575,1.00,1.00
2017.08.03 13:52:39.594,9.37361,9.37578,1.00,1.00
2017.08.03 13:52:41.065,9.37361,9.37573,1.00,1.00
2017.08.03 13:52:42.142,9.37348,9.37568,1.50,1.00
2017.08.03 13:52:42.651,9.37348,9.37567,1.50,1.00
2017.08.03 13:52:43.828,9.37348,9.37568,1.50,1.50
2017.08.03 13:52:45.378,9.37348,9.37568,2.10,1.00
2017.08.03 13:52:45.429,9.37368,9.37572,1.00,1.00
2017.08.03 13:52:45.739,9.37381,9.37572,1.00,1.00
2017.08.03 13:52:46.247,9.37381,9.37598,1.00,1.00
2017.08.03 13:52:47.113,9.37395,9.37598,1.00,1.00
2017.08.03 13:52:47.672,9.37395,9.37615,1.00,1.50
2017.08.03 13:52:49.038,9.37395,9.37611,1.00,1.00
2017.08.03 13:52:50.389,9.37395,9.3761,1.00,1.00
2017.08.03 13:52:51.446,9.37395,9.37615,1.00,1.00
2017.08.03 13:52:51.954,9.37403,9.37622,1.00,1.00
2017.08.03 13:52:52.286,9.37418,9.37622,1.00,1.00
2017.08.03 13:52:52.541,9.37416,9.37622,1.00,1.00
2017.08.03 13:52:52.592,9.37419,9.37636,1.00,1.00
2017.08.03 13:52:53.039,9.37429,9.37646,1.00,1.00
2017.08.03 13:52:53.741,9.37429,9.37649,1.00,1.00
2017.08.03 13:52:53.844,9.37443,9.37655,1.00,1.00
2017.08.03 13:52:55.139,9.37443,9.37663,1.00,1.00
2017.08.03 13:52:58.238,9.37455,9.37665,1.00,1.00
2017.08.03 13:52:59.302,9.37455,9.37671,1.00,1.00
2017.08.03 13:53:00.682,9.37455,9.37674,1.00,1.00
2017.08.03 13:53:00.784,9.37455,9.37636,1.00,1.50
2017.08.03 13:53:00.988,9.37398,9.37596,1.00,1.50
2017.08.03 13:53:01.039,9.37378,9.37583,1.00,1.00
2017.08.03 13:53:01.090,9.37378,9.37581,1.00,1.00
2017.08.03 13:53:01.360,9.37401,9.37621,1.00,1.00
2017.08.03 13:53:01.512,9.37408,9.37621,1.00,1.00
2017.08.03 13:53:01.564,9.37416,9.37636,1.00,1.00
2017.08.03 13:53:02.673,9.37418,9.37636,1.00,1.00
2017.08.03 13:53:02.775,9.37434,9.37654,1.00,1.00
2017.08.03 13:53:03.029,9.37434,9.37596,1.00,1.50
2017.08.03 13:53:03.181,9.37403,9.37596,1.00,1.50
2017.08.03 13:53:03.233,9.37403,9.37586,1.00,1.00
2017.08.03 13:53:03.365,9.374,9.37586,1.00,1.50
2017.08.03 13:53:03.418,9.37378,9.37586,1.00,1.00
2017.08.03 13:53:03.469,9.37407,9.37616,1.00,1.00
2017.08.03 13:53:03.521,9.37416,9.37616,1.12,1.00
2017.08.03 13:53:03.572,9.37432,9.37649,1.00,1.00
2017.08.03 13:53:03.674,9.37448,9.37668,1.50,1.00
2017.08.03 13:53:03.778,9.37463,9.37683,1.00,1.00
2017.08.03 13:53:05.317,9.37463,9.37636,1.00,1.50
2017.08.03 13:53:05.471,9.37388,9.37586,1.50,1.00
2017.08.03 13:53:05.522,9.37388,9.37586,1.00,1.60
2017.08.03 13:53:05.668,9.3736,9.37576,1.00,1.60
2017.08.03 13:53:05.722,9.37356,9.37576,1.00,1.35
2017.08.03 13:53:05.773,9.37356,9.37576,1.00,1.60
2017.08.03 13:53:06.078,9.37356,9.37576,1.00,1.60
2017.08.03 13:53:06.555,9.37356,9.37576,1.00,1.60
2017.08.03 13:53:06.606,9.37356,9.37576,1.00,1.60
2017.08.03 13:53:06.657,9.37356,9.37576,1.00,1.00
2017.08.03 13:53:07.211,9.3737,9.3759,1.00,1.00
2017.08.03 13:53:08.442,9.37378,9.3759,1.00,1.00
2017.08.03 13:53:08.494,9.37388,9.37602,1.00,1.00
2017.08.03 13:53:08.596,9.37398,9.37617,1.00,1.00
2017.08.03 13:53:08.698,9.3741,9.3763,1.00,1.00
2017.08.03 13:53:11.032,9.3741,9.37596,1.00,1.50
2017.08.03 13:53:11.185,9.37391,9.37596,1.00,1.50
2017.08.03 13:53:11.287,9.37386,9.37593,1.00,1.00
2017.08.03 13:53:11.338,9.37373,9.37593,1.00,1.00
2017.08.03 13:53:11.389,9.37373,9.37586,1.00,1.00
2017.08.03 13:53:11.694,9.37361,9.37581,1.00,1.00
2017.08.03 13:53:11.986,9.37353,9.37573,1.00,1.00
2017.08.03 13:53:15.129,9.37358,9.37573,1.00,1.00
2017.08.03 13:53:15.230,9.37368,9.37587,1.00,1.00
2017.08.03 13:53:15.332,9.3738,9.376,1.00,1.00
2017.08.03 13:53:25.526,9.3738,9.37596,1.00,1.50
2017.08.03 13:53:25.729,9.37365,9.37585,1.00,1.00
2017.08.03 13:53:26.407,9.37365,9.37583,1.00,1.00
2017.08.03 13:53:26.949,9.37349,9.37571,1.00,1.00
2017.08.03 13:53:27.671,9.37349,9.37555,1.00,1.00
2017.08.03 13:53:28.640,9.37334,9.37554,1.00,1.00
2017.08.03 13:53:29.029,9.37338,9.37554,1.00,1.00
2017.08.03 13:53:29.518,9.37348,9.37554,1.00,1.00
2017.08.03 13:53:30.968,9.37358,9.37567,1.00,1.00
2017.08.03 13:53:32.051,9.37358,9.37565,1.00,1.00
2017.08.03 13:53:33.937,9.37357,9.37565,1.00,1.00
2017.08.03 13:53:34.816,9.37348,9.37565,1.00,1.00
2017.08.03 13:53:35.792,9.37347,9.37565,1.00,1.00
2017.08.03 13:53:35.893,9.37357,9.37565,1.00,1.00
2017.08.03 13:53:36.497,9.37358,9.37565,1.00,1.00
2017.08.03 13:53:37.094,9.37368,9.37565,1.00,1.00
2017.08.03 13:53:37.247,9.37358,9.37565,1.00,1.00
2017.08.03 13:53:38.573,9.37357,9.37565,1.00,1.00
2017.08.03 13:53:38.676,9.37368,9.3758,1.00,1.00
2017.08.03 13:53:38.778,9.37374,9.37556,1.00,1.50
2017.08.03 13:53:38.905,9.37358,9.37557,1.00,1.50
2017.08.03 13:53:38.957,9.37408,9.37618,1.00,1.00
2017.08.03 13:53:39.009,9.37427,9.37618,1.00,1.00
2017.08.03 13:53:39.061,9.37418,9.37631,1.00,1.00
2017.08.03 13:53:39.163,9.37427,9.37649,1.00,1.00
2017.08.03 13:53:39.367,9.37441,9.37661,1.00,1.00
2017.08.03 13:53:39.673,9.37456,9.37676,1.00,1.00
2017.08.03 13:53:40.893,9.37443,9.37663,1.00,1.00
2017.08.03 13:53:41.417,9.37444,9.37664,1.00,1.00
2017.08.03 13:53:43.989,9.37444,9.37661,1.00,1.00
2017.08.03 13:53:44.040,9.37444,9.37664,1.00,1.00
2017.08.03 13:53:44.398,9.37431,9.37651,1.00,1.00
2017.08.03 13:53:44.999,9.37418,9.37638,1.00,1.00
2017.08.03 13:53:45.344,9.37418,9.37626,1.00,1.35
2017.08.03 13:53:45.497,9.37376,9.37586,1.00,1.00
2017.08.03 13:53:46.493,9.37364,9.37584,1.00,1.00
2017.08.03 13:53:47.185,9.3738,9.376,1.00,1.00
2017.08.03 13:53:47.389,9.37404,9.37626,1.00,1.50
2017.08.03 13:53:48.791,9.37404,9.37616,1.00,1.00
2017.08.03 13:53:48.843,9.37404,9.37626,1.00,1.00
2017.08.03 13:53:48.894,9.37406,9.37626,1.00,1.00
2017.08.03 13:53:49.195,9.37408,9.37626,1.00,1.50
2017.08.03 13:53:49.500,9.37355,9.37552,1.00,1.00
2017.08.03 13:53:49.703,9.37342,9.37553,1.00,1.00
2017.08.03 13:53:49.805,9.37329,9.37549,1.00,1.00
2017.08.03 13:53:52.029,9.37332,9.37551,1.00,1.00
2017.08.03 13:53:55.853,9.37332,9.37552,1.00,1.50
2017.08.03 13:53:56.251,9.37381,9.37601,1.00,1.00
2017.08.03 13:53:56.558,9.37378,9.37589,1.00,1.00
2017.08.03 13:53:56.609,9.37382,9.37602,1.00,1.00
2017.08.03 13:53:56.711,9.37395,9.37615,1.00,1.50
2017.08.03 13:53:57.233,9.37395,9.37603,1.00,1.00
2017.08.03 13:53:57.334,9.37379,9.37599,1.00,1.00
2017.08.03 13:53:58.320,9.37367,9.37587,1.00,1.00
2017.08.03 13:54:01.984,9.37367,9.37586,1.00,1.00
2017.08.03 13:54:02.339,9.37351,9.37571,1.00,1.00
2017.08.03 13:54:06.448,9.37366,9.37585,1.00,1.00
2017.08.03 13:54:07.408,9.37368,9.37585,1.00,1.00
2017.08.03 13:54:07.713,9.37378,9.37589,1.00,1.00
2017.08.03 13:54:07.815,9.37369,9.37589,1.00,1.00
2017.08.03 13:54:07.867,9.37369,9.37586,1.00,1.00
2017.08.03 13:54:08.266,9.37358,9.37556,1.00,1.50
2017.08.03 13:54:08.572,9.37399,9.37619,1.00,1.00
2017.08.03 13:54:08.624,9.37428,9.37619,1.00,1.00
2017.08.03 13:54:08.675,9.37428,9.37638,1.00,1.00
2017.08.03 13:54:08.777,9.37433,9.37651,1.00,1.00
2017.08.03 13:54:08.829,9.37438,9.37653,1.00,1.00
2017.08.03 13:54:08.932,9.37433,9.37653,1.00,1.00
2017.08.03 13:54:09.999,9.37436,9.37653,1.00,1.00
2017.08.03 13:54:10.050,9.37456,9.37676,1.00,1.00
2017.08.03 13:54:11.982,9.37471,9.37691,1.00,1.00
2017.08.03 13:54:12.554,9.37472,9.37692,1.00,1.00
2017.08.03 13:54:12.857,9.37459,9.37679,1.00,1.00
2017.08.03 13:54:19.370,9.37472,9.37692,1.00,1.00
2017.08.03 13:54:19.573,9.37484,9.37706,1.00,1.00
2017.08.03 13:54:19.981,9.37498,9.37716,1.00,1.00
2017.08.03 13:54:20.388,9.37498,9.37713,1.00,1.00
2017.08.03 13:54:20.642,9.37498,9.37716,1.00,1.00
2017.08.03 13:54:21.199,9.37485,9.37705,1.00,1.00
2017.08.03 13:54:21.976,9.37488,9.37705,1.00,1.00
2017.08.03 13:54:22.078,9.37513,9.37733,1.00,1.00
2017.08.03 13:54:22.231,9.37513,9.37726,1.00,1.00
2017.08.03 13:54:22.282,9.375,9.3772,1.00,1.00
2017.08.03 13:54:22.333,9.37508,9.3772,1.00,1.00
2017.08.03 13:54:22.530,9.37518,9.37733,1.00,1.00
2017.08.03 13:54:22.581,9.37527,9.37733,1.00,1.00
2017.08.03 13:54:22.632,9.37513,9.37733,1.50,1.00
2017.08.03 13:54:22.683,9.37528,9.37748,1.00,1.00
2017.08.03 13:54:23.089,9.3754,9.3776,1.00,1.00
2017.08.03 13:54:24.981,9.37554,9.37774,1.00,1.00
2017.08.03 13:54:25.322,9.37554,9.37677,1.00,1.50
2017.08.03 13:54:25.525,9.37446,9.37637,1.00,1.50
2017.08.03 13:54:25.577,9.37433,9.37631,1.00,1.00
2017.08.03 13:54:25.679,9.37418,9.37631,1.00,1.00
2017.08.03 13:54:26.732,9.37419,9.37638,1.00,1.00
2017.08.03 13:54:26.834,9.37431,9.37636,1.00,1.50
2017.08.03 13:54:26.988,9.37427,9.37636,1.00,1.50
2017.08.03 13:54:27.780,9.37427,9.37637,1.00,1.50
2017.08.03 13:54:27.831,9.37427,9.37627,1.00,1.00
2017.08.03 13:54:27.984,9.37414,9.37626,1.00,1.00
2017.08.03 13:54:28.688,9.37414,9.37596,1.00,1.00
2017.08.03 13:54:28.790,9.3739,9.37587,1.00,1.00
2017.08.03 13:54:28.893,9.37377,9.37587,1.00,1.00
2017.08.03 13:54:30.600,9.37388,9.37597,1.00,1.00
2017.08.03 13:54:30.797,9.37433,9.37653,1.00,1.00
2017.08.03 13:54:30.848,9.37441,9.37653,1.00,1.00
2017.08.03 13:54:30.899,9.37461,9.37681,1.00,1.00
2017.08.03 13:54:31.001,9.37468,9.37681,1.00,1.00
2017.08.03 13:54:31.255,9.37477,9.37697,1.50,1.00
2017.08.03 13:54:31.357,9.37487,9.37697,1.00,1.00
2017.08.03 13:54:31.409,9.37491,9.37711,1.00,1.00
2017.08.03 13:54:31.817,9.37478,9.37698,1.00,1.00
2017.08.03 13:54:32.233,9.37491,9.37711,1.00,1.00
2017.08.03 13:54:34.835,9.37479,9.37699,1.00,1.00
2017.08.03 13:54:35.542,9.37479,9.37636,1.00,1.50
2017.08.03 13:54:35.848,9.37401,9.37586,1.00,1.00
2017.08.03 13:54:35.950,9.37376,9.37586,1.00,1.00
2017.08.03 13:54:36.221,9.37363,9.37583,1.00,1.00
2017.08.03 13:54:36.783,9.37363,9.37583,1.60,1.00
2017.08.03 13:54:36.834,9.37388,9.37583,1.00,1.00
2017.08.03 13:54:37.037,9.37433,9.37641,2.10,1.00
2017.08.03 13:54:37.110,9.37435,9.37655,1.60,1.00
2017.08.03 13:54:37.313,9.37447,9.37667,1.00,1.00
2017.08.03 13:54:37.364,9.37458,9.37667,1.60,1.00
2017.08.03 13:54:37.415,9.37464,9.37683,2.10,1.00
2017.08.03 13:54:37.466,9.37468,9.37683,1.00,1.00
2017.08.03 13:54:37.771,9.37509,9.37728,2.10,1.00
2017.08.03 13:54:37.822,9.3752,9.3774,1.00,1.00
2017.08.03 13:54:38.025,9.37507,9.37727,1.60,1.00
2017.08.03 13:54:38.126,9.37507,9.37727,1.60,1.00
2017.08.03 13:54:38.622,9.37507,9.37727,1.60,1.00
2017.08.03 13:54:39.194,9.37507,9.37727,1.60,1.00
2017.08.03 13:54:39.458,9.37507,9.37727,1.35,1.00
2017.08.03 13:54:42.320,9.37507,9.37636,1.00,1.50
2017.08.03 13:54:42.565,9.3742,9.37586,1.00,1.00
2017.08.03 13:54:42.667,9.3738,9.37586,1.00,1.00
2017.08.03 13:54:42.821,9.37363,9.37585,1.00,1.00
2017.08.03 13:54:44.650,9.37378,9.37598,1.00,1.50
2017.08.03 13:54:44.955,9.37408,9.37628,1.00,1.00
2017.08.03 13:54:45.259,9.37421,9.37641,1.00,1.00
2017.08.03 13:54:45.607,9.37429,9.37641,2.10,1.00
2017.08.03 13:54:45.760,9.37458,9.37668,1.00,1.00
2017.08.03 13:54:45.861,9.3749,9.37668,2.10,1.00
2017.08.03 13:54:45.965,9.37494,9.37696,2.10,1.00
2017.08.03 13:54:46.069,9.375,9.3772,1.00,1.00
2017.08.03 13:54:46.425,9.375,9.3772,1.60,1.00
2017.08.03 13:54:46.714,9.375,9.3772,1.00,1.00
2017.08.03 13:54:47.832,9.375,9.37716,1.00,1.00
2017.08.03 13:54:47.985,9.37487,9.37707,1.60,1.00
2017.08.03 13:54:48.239,9.37487,9.37707,1.60,1.00
2017.08.03 13:54:48.543,9.37487,9.37707,1.60,1.00
2017.08.03 13:54:50.390,9.37495,9.37707,1.00,1.00
2017.08.03 13:54:50.492,9.37499,9.37719,1.00,1.00
2017.08.03 13:54:52.052,9.37503,9.37723,1.00,1.00
2017.08.03 13:54:53.340,9.37503,9.37723,1.00,1.60
2017.08.03 13:54:53.595,9.37423,9.37643,1.00,1.00
2017.08.03 13:54:55.548,9.37423,9.37643,1.60,1.00
2017.08.03 13:54:57.185,9.37423,9.37643,1.35,1.00
2017.08.03 13:54:57.919,9.37423,9.37643,1.60,1.00
2017.08.03 13:54:58.900,9.37423,9.37643,1.60,1.00
2017.08.03 13:54:59.255,9.37423,9.37643,1.60,1.00
2017.08.03 13:54:59.357,9.37423,9.37643,1.60,1.00
2017.08.03 13:54:59.458,9.37423,9.37643,1.60,1.00
2017.08.03 13:54:59.561,9.37423,9.37643,1.60,1.00
2017.08.03 13:54:59.612,9.37423,9.37643,1.60,1.00
2017.08.03 13:55:00.266,9.37423,9.37536,1.00,1.50
2017.08.03 13:55:00.317,9.37423,9.37554,1.00,1.00
2017.08.03 13:55:00.368,9.37423,9.37586,1.00,1.00
2017.08.03 13:55:00.420,9.37423,9.37626,1.00,1.50
2017.08.03 13:55:00.522,9.37389,9.37609,1.60,1.00
2017.08.03 13:55:00.675,9.37418,9.37638,1.60,1.00
2017.08.03 13:55:00.726,9.37418,9.37638,1.60,1.00
2017.08.03 13:55:00.828,9.37418,9.37638,1.60,1.00
2017.08.03 13:55:01.027,9.37418,9.37638,1.00,1.00
2017.08.03 13:55:01.129,9.37418,9.37638,1.60,1.00
2017.08.03 13:55:01.180,9.37429,9.37651,1.35,1.00
2017.08.03 13:55:01.333,9.37429,9.37651,1.60,1.00
2017.08.03 13:55:01.638,9.37429,9.37651,1.60,1.00
2017.08.03 13:55:01.740,9.37429,9.37651,1.60,1.00
2017.08.03 13:55:01.918,9.37429,9.37651,1.60,1.00
2017.08.03 13:55:02.123,9.37429,9.37651,1.60,1.00
2017.08.03 13:55:02.344,9.37429,9.37651,1.60,1.00
2017.08.03 13:55:02.446,9.37429,9.37651,1.60,1.00
2017.08.03 13:55:02.497,9.37429,9.37651,1.00,1.00
2017.08.03 13:55:07.018,9.37418,9.37638,1.60,1.00
2017.08.03 13:55:07.375,9.37418,9.37638,1.60,1.00
2017.08.03 13:55:07.426,9.37418,9.37638,1.60,1.00
2017.08.03 13:55:07.833,9.37418,9.37638,1.60,1.00
2017.08.03 13:55:07.918,9.37418,9.37638,1.60,1.00
2017.08.03 13:55:07.986,9.37418,9.37628,1.00,1.00
2017.08.03 13:55:08.878,9.37418,9.3763,1.00,1.00
2017.08.03 13:55:09.090,9.37418,9.37582,1.00,1.00
2017.08.03 13:55:09.243,9.37352,9.37536,1.00,1.00
2017.08.03 13:55:09.345,9.37332,9.37526,1.00,1.00
2017.08.03 13:55:09.912,9.37319,9.37526,1.00,1.00
2017.08.03 13:55:10.014,9.37308,9.37526,1.00,1.50
2017.08.03 13:55:10.066,9.37306,9.37526,1.00,1.50
2017.08.03 13:55:10.168,9.37318,9.37526,1.00,1.00
2017.08.03 13:55:10.220,9.37333,9.37553,1.00,1.00
2017.08.03 13:55:10.527,9.37333,9.37553,1.60,1.00
2017.08.03 13:55:10.855,9.37333,9.37553,1.60,1.00
2017.08.03 13:55:11.634,9.37359,9.37579,1.00,1.00
2017.08.03 13:55:11.849,9.37346,9.37566,1.00,1.00
2017.08.03 13:55:12.157,9.37331,9.37533,1.00,1.00
2017.08.03 13:55:12.310,9.37331,9.37541,1.00,1.00
2017.08.03 13:55:14.356,9.37331,9.37551,1.00,1.00
2017.08.03 13:55:14.457,9.37344,9.37564,1.00,1.50
2017.08.03 13:55:15.759,9.37356,9.37574,1.00,1.00
2017.08.03 13:55:16.066,9.37274,9.3749,1.00,1.00
2017.08.03 13:55:16.619,9.37273,9.3749,1.00,1.00
2017.08.03 13:55:17.618,9.37273,9.3749,1.60,1.00
2017.08.03 13:55:18.106,9.37273,9.37491,1.60,1.00
2017.08.03 13:55:18.613,9.37273,9.37491,1.60,1.00
2017.08.03 13:55:18.963,9.37281,9.37484,2.10,1.00
2017.08.03 13:55:19.014,9.37283,9.37491,2.10,1.00
2017.08.03 13:55:19.167,9.37273,9.37491,1.00,1.00
2017.08.03 13:55:19.709,9.37273,9.37492,1.00,1.00
2017.08.03 13:55:19.811,9.37273,9.37495,1.00,1.00
2017.08.03 13:55:19.912,9.37273,9.37491,1.00,1.00
2017.08.03 13:55:20.422,9.37273,9.3749,1.00,1.00
2017.08.03 13:55:20.960,9.37273,9.37491,1.00,1.00
2017.08.03 13:55:21.938,9.37273,9.37492,1.00,1.00
2017.08.03 13:55:22.488,9.37273,9.37491,1.00,1.00
2017.08.03 13:55:24.806,9.37262,9.37482,1.00,1.00
2017.08.03 13:55:25.263,9.37276,9.37496,1.00,1.00
2017.08.03 13:55:31.976,9.37278,9.375,1.00,1.00
2017.08.03 13:55:32.449,9.37278,9.375,1.60,1.00
2017.08.03 13:55:33.682,9.37278,9.375,1.00,1.00
2017.08.03 13:55:36.406,9.37291,9.37511,1.00,1.00
2017.08.03 13:55:36.815,9.37305,9.37525,1.00,1.00
2017.08.03 13:55:37.330,9.37318,9.37538,1.00,1.00
2017.08.03 13:55:37.635,9.3733,9.3755,1.60,1.00
2017.08.03 13:55:37.788,9.37343,9.37563,1.60,1.00
2017.08.03 13:55:38.043,9.37343,9.37563,1.60,1.00
2017.08.03 13:55:38.098,9.37343,9.37563,1.60,1.00
2017.08.03 13:55:38.150,9.37343,9.37563,1.60,1.00
2017.08.03 13:55:38.201,9.37364,9.37583,1.00,1.00
2017.08.03 13:55:38.303,9.37349,9.37569,1.60,1.00
2017.08.03 13:55:38.507,9.37349,9.37569,1.60,1.00
2017.08.03 13:55:38.808,9.37349,9.37569,1.60,1.00
2017.08.03 13:55:38.909,9.37363,9.37583,1.00,1.50
2017.08.03 13:55:39.223,9.3735,9.3757,1.00,1.00
2017.08.03 13:55:40.305,9.37364,9.37584,1.00,1.00
2017.08.03 13:55:43.410,9.37351,9.37571,1.00,1.00
2017.08.03 13:55:46.240,9.37351,9.37521,1.00,1.50
2017.08.03 13:55:46.489,9.37289,9.37481,1.00,1.00
2017.08.03 13:55:46.540,9.37276,9.37481,1.00,1.00
2017.08.03 13:55:46.845,9.37254,9.37474,1.00,1.00
2017.08.03 13:55:47.151,9.37267,9.37481,1.00,1.00
2017.08.03 13:55:47.303,9.37267,9.37487,1.00,1.00
2017.08.03 13:55:47.761,9.37267,9.37482,1.00,1.00
2017.08.03 13:55:47.966,9.37267,9.37487,1.00,1.00
2017.08.03 13:55:48.716,9.3728,9.37491,1.00,1.00
2017.08.03 13:55:49.022,9.37267,9.37487,1.00,1.00
2017.08.03 13:55:52.047,9.37268,9.37488,1.00,1.00
2017.08.03 13:55:54.088,9.37268,9.37481,1.00,1.00
2017.08.03 13:55:55.064,9.37277,9.37488,1.50,1.00
2017.08.03 13:55:55.166,9.37283,9.37503,1.00,1.00
2017.08.03 13:55:55.268,9.37298,9.37504,1.00,1.00
2017.08.03 13:55:58.976,9.37298,9.37518,1.00,1.00
2017.08.03 13:55:59.027,9.37311,9.37518,2.10,1.00
2017.08.03 13:55:59.078,9.37314,9.37535,1.60,1.00
2017.08.03 13:55:59.129,9.37317,9.37536,2.10,1.00
2017.08.03 13:55:59.180,9.37329,9.37549,1.60,1.00
2017.08.03 13:55:59.231,9.37329,9.37549,1.60,1.00
2017.08.03 13:55:59.399,9.37329,9.37549,1.60,1.00
2017.08.03 13:56:00.058,9.37329,9.37549,1.60,1.00
2017.08.03 13:56:01.163,9.37329,9.37549,1.60,1.00
2017.08.03 13:56:01.214,9.37329,9.37549,1.60,1.00
2017.08.03 13:56:01.728,9.37329,9.37549,1.60,1.00
2017.08.03 13:56:01.881,9.37329,9.37549,1.60,1.00
2017.08.03 13:56:01.984,9.37329,9.37549,1.60,1.00
2017.08.03 13:56:02.035,9.37329,9.37549,1.60,1.00
2017.08.03 13:56:02.193,9.37342,9.37562,1.00,1.00
2017.08.03 13:56:02.582,9.37327,9.37547,1.60,1.00
2017.08.03 13:56:02.634,9.37327,9.37547,1.00,1.00
2017.08.03 13:56:03.140,9.37327,9.37547,1.60,1.00
2017.08.03 13:56:03.479,9.37327,9.37547,1.60,1.00
2017.08.03 13:56:08.440,9.37327,9.37547,1.60,1.00
2017.08.03 13:56:08.634,9.37327,9.37476,1.00,1.50
2017.08.03 13:56:08.685,9.37313,9.37476,1.00,1.50
2017.08.03 13:56:08.787,9.37279,9.37476,1.00,1.50
2017.08.03 13:56:10.990,9.37293,9.37501,2.10,1.00
2017.08.03 13:56:11.041,9.37279,9.37476,1.60,1.50
2017.08.03 13:56:11.382,9.37293,9.37476,1.00,1.50
2017.08.03 13:56:12.030,9.37284,9.37476,1.35,1.50
2017.08.03 13:56:12.872,9.37284,9.37504,1.60,1.00
2017.08.03 13:56:12.924,9.37297,9.37515,1.00,1.00
2017.08.03 13:56:13.229,9.37297,9.37517,1.00,2.25
2017.08.03 13:56:13.382,9.37308,9.37517,1.00,1.00
2017.08.03 13:56:13.636,9.37338,9.37557,1.60,1.00
2017.08.03 13:56:13.789,9.3735,9.3757,1.00,1.00
2017.08.03 13:56:14.823,9.37363,9.37585,1.00,1.00
2017.08.03 13:56:15.231,9.37349,9.37569,1.00,1.00
2017.08.03 13:56:16.531,9.37349,9.37565,1.00,1.00
2017.08.03 13:56:16.583,9.37349,9.37569,1.00,1.00
2017.08.03 13:56:19.815,9.37349,9.37516,1.00,1.50
2017.08.03 13:56:19.917,9.37325,9.37511,1.00,1.00
2017.08.03 13:56:20.019,9.37303,9.37512,1.00,1.00
2017.08.03 13:56:20.962,9.37303,9.37476,1.00,1.50
2017.08.03 13:56:21.014,9.37283,9.37476,1.00,1.50
2017.08.03 13:56:22.050,9.37283,9.37494,1.00,1.00
2017.08.03 13:56:22.101,9.37294,9.37503,2.10,1.00
2017.08.03 13:56:22.253,9.37319,9.37539,1.00,1.00
2017.08.03 13:56:22.305,9.37328,9.37539,1.00,1.00
2017.08.03 13:56:22.356,9.37346,9.37566,1.00,1.00
2017.08.03 13:56:22.560,9.37361,9.37581,1.00,1.00
2017.08.03 13:56:22.662,9.37375,9.37596,1.00,1.00
2017.08.03 13:56:23.528,9.37375,9.37597,1.00,1.00
2017.08.03 13:56:24.036,9.37362,9.37584,1.60,1.00
2017.08.03 13:56:24.544,9.37362,9.37584,1.00,1.00
2017.08.03 13:56:24.849,9.37362,9.37516,1.00,1.00
2017.08.03 13:56:25.059,9.37329,9.37516,1.00,1.00
2017.08.03 13:56:25.196,9.37316,9.37536,1.00,1.50
2017.08.03 13:56:25.256,9.37282,9.37492,1.00,1.00
2017.08.03 13:56:25.511,9.37283,9.37504,1.00,1.00
2017.08.03 13:56:25.562,9.37296,9.37505,1.00,1.00
2017.08.03 13:56:26.685,9.37296,9.37516,1.00,1.00
2017.08.03 13:56:26.736,9.37296,9.37516,1.60,1.00
2017.08.03 13:56:26.928,9.37308,9.37518,1.00,1.00
2017.08.03 13:56:27.081,9.37308,9.37518,1.60,1.00
2017.08.03 13:56:27.183,9.37308,9.37518,1.35,1.00
2017.08.03 13:56:27.592,9.37308,9.37518,1.60,1.00
2017.08.03 13:56:27.643,9.37308,9.37527,1.60,1.00
2017.08.03 13:56:27.694,9.37308,9.37528,1.60,1.00
2017.08.03 13:56:27.945,9.3732,9.37542,1.00,1.00
2017.08.03 13:56:28.097,9.3732,9.37542,1.60,1.00
2017.08.03 13:56:28.148,9.37334,9.37554,1.60,1.00
2017.08.03 13:56:28.453,9.37346,9.37566,1.00,1.00
2017.08.03 13:56:28.560,9.37348,9.37566,1.00,1.00
2017.08.03 13:56:28.713,9.37346,9.37566,1.00,1.00
2017.08.03 13:56:28.942,9.3737,9.37579,2.10,1.00
2017.08.03 13:56:29.250,9.37373,9.3758,2.10,1.00
2017.08.03 13:56:29.352,9.37383,9.37603,1.60,1.00
2017.08.03 13:56:29.556,9.37397,9.37619,1.00,1.00
2017.08.03 13:56:30.077,9.37411,9.37631,1.60,1.00
2017.08.03 13:56:30.382,9.37443,9.37659,2.10,1.00
2017.08.03 13:56:30.687,9.37452,9.37672,1.00,1.00
2017.08.03 13:56:31.366,9.37467,9.37682,1.00,1.00
2017.08.03 13:56:32.085,9.37457,9.37677,1.00,1.00
2017.08.03 13:56:36.275,9.37472,9.37692,1.00,1.00
2017.08.03 13:56:36.580,9.37472,9.3752,1.00,1.50
2017.08.03 13:56:36.700,9.37459,9.37516,1.00,1.50
2017.08.03 13:56:36.751,9.37459,9.37511,1.00,1.00
2017.08.03 13:56:36.802,9.37393,9.37511,1.00,1.00
2017.08.03 13:56:36.904,9.37325,9.37511,1.00,1.00
2017.08.03 13:56:37.006,9.37305,9.37511,1.00,1.00
2017.08.03 13:56:37.362,9.37305,9.37525,1.00,1.00
2017.08.03 13:56:37.463,9.37318,9.37538,1.00,1.00
2017.08.03 13:56:37.769,9.37332,9.37552,1.00,1.00
2017.08.03 13:56:40.085,9.3735,9.3757,1.00,1.00
2017.08.03 13:56:40.413,9.37333,9.37553,1.00,1.00
2017.08.03 13:56:40.717,9.37345,9.37567,1.00,1.00
2017.08.03 13:56:41.174,9.37359,9.37579,1.00,1.00
2017.08.03 13:56:41.918,9.37372,9.37592,1.00,1.00
2017.08.03 13:56:42.327,9.37378,9.37592,1.00,1.00
2017.08.03 13:56:42.557,9.37372,9.37592,1.00,1.00
2017.08.03 13:56:48.687,9.37385,9.37605,1.00,1.00
2017.08.03 13:56:49.729,9.37398,9.37616,1.00,1.50
2017.08.03 13:56:49.830,9.37384,9.37604,1.00,1.00
2017.08.03 13:56:51.198,9.37371,9.37591,1.00,1.00
2017.08.03 13:56:52.132,9.37372,9.37592,1.00,1.00
2017.08.03 13:56:52.795,9.37359,9.37579,1.00,1.00
2017.08.03 13:56:54.549,9.37359,9.37509,1.00,1.00
2017.08.03 13:56:54.701,9.37324,9.37509,1.00,1.00
2017.08.03 13:56:54.897,9.37299,9.37509,1.00,1.00
2017.08.03 13:56:55.659,9.37299,9.37521,1.00,1.00
2017.08.03 13:56:55.812,9.3732,9.3754,1.00,1.00
2017.08.03 13:56:56.121,9.37336,9.37556,1.00,1.00
2017.08.03 13:56:57.720,9.37336,9.37558,1.00,1.00
2017.08.03 13:57:02.931,9.37349,9.37569,1.00,1.00
2017.08.03 13:57:03.236,9.37321,9.37476,1.00,1.50
2017.08.03 13:57:03.339,9.37281,9.37501,1.00,1.00
2017.08.03 13:57:03.390,9.37288,9.37501,1.00,1.00
2017.08.03 13:57:03.542,9.37313,9.37531,1.00,1.00
2017.08.03 13:57:03.593,9.37318,9.37531,1.00,1.00
2017.08.03 13:57:03.644,9.37352,9.37572,1.00,1.00
2017.08.03 13:57:05.316,9.37352,9.37476,1.00,1.50
2017.08.03 13:57:05.520,9.37281,9.37477,1.00,1.50
2017.08.03 13:57:07.434,9.37288,9.37501,1.00,1.00
2017.08.03 13:57:07.536,9.37307,9.37527,1.00,1.00
2017.08.03 13:57:07.639,9.3733,9.3755,1.00,1.50
2017.08.03 13:57:08.045,9.37344,9.37564,1.00,1.00
2017.08.03 13:57:09.682,9.37348,9.37564,1.00,1.00
2017.08.03 13:57:09.733,9.37344,9.37564,1.00,1.00
2017.08.03 13:57:09.835,9.3737,9.3759,1.00,1.00
2017.08.03 13:57:13.947,9.37384,9.37604,1.00,1.00
2017.08.03 13:57:14.303,9.37384,9.37476,1.00,1.50
2017.08.03 13:57:14.485,9.37333,9.37436,1.00,1.50
2017.08.03 13:57:14.536,9.37274,9.37436,1.00,1.50
2017.08.03 13:57:14.790,9.37273,9.37463,1.00,1.00
2017.08.03 13:57:14.841,9.37278,9.37482,1.50,1.00
2017.08.03 13:57:14.894,9.37278,9.37482,2.10,1.00
2017.08.03 13:57:15.048,9.3732,9.3754,1.00,1.00
2017.08.03 13:57:15.100,9.37322,9.3754,1.00,1.00
2017.08.03 13:57:15.303,9.37349,9.37569,1.00,1.00
2017.08.03 13:57:18.698,9.37418,9.37569,1.00,1.00
2017.08.03 13:57:18.852,9.37426,9.37648,1.00,1.00
2017.08.03 13:57:19.034,9.37444,9.37666,1.00,1.00
2017.08.03 13:57:19.342,9.37458,9.37678,1.00,1.00
2017.08.03 13:57:19.660,9.37445,9.37665,1.00,1.00
2017.08.03 13:57:21.649,9.37445,9.37556,1.00,1.50
2017.08.03 13:57:21.752,9.37383,9.37516,1.00,1.50
2017.08.03 13:57:21.854,9.37306,9.37513,1.00,1.00
2017.08.03 13:57:23.315,9.37306,9.37476,1.00,1.50
2017.08.03 13:57:23.467,9.37284,9.37476,1.00,1.50
2017.08.03 13:57:25.857,9.37284,9.37506,1.00,1.00
2017.08.03 13:57:25.908,9.37288,9.37506,1.00,1.00
2017.08.03 13:57:25.960,9.37298,9.37518,1.00,1.00
2017.08.03 13:57:26.062,9.37308,9.37518,1.00,1.00
2017.08.03 13:57:26.265,9.37311,9.37533,1.00,1.00
2017.08.03 13:57:26.367,9.37327,9.37547,1.00,1.00
2017.08.03 13:57:26.807,9.37338,9.37547,1.00,1.00
2017.08.03 13:57:26.859,9.37328,9.37547,1.00,1.00
2017.08.03 13:57:26.910,9.37342,9.3756,1.00,1.00
2017.08.03 13:57:27.573,9.37342,9.37476,1.00,1.00
2017.08.03 13:57:27.770,9.37278,9.37436,1.50,1.50
2017.08.03 13:57:27.823,9.37274,9.37436,1.00,1.50
2017.08.03 13:57:27.874,9.37276,9.37436,1.00,1.50
2017.08.03 13:57:27.976,9.37274,9.37436,1.00,1.50
2017.08.03 13:57:30.091,9.37274,9.37475,1.00,1.00
2017.08.03 13:57:30.143,9.37274,9.37436,1.00,1.50
2017.08.03 13:57:30.194,9.37274,9.37476,1.00,3.00
2017.08.03 13:57:30.415,9.37274,9.37436,1.00,1.50
2017.08.03 13:57:30.620,9.37274,9.37476,1.00,3.00
2017.08.03 13:57:30.672,9.37273,9.37437,1.00,1.50
2017.08.03 13:57:31.078,9.37274,9.37436,1.15,1.50
2017.08.03 13:57:32.936,9.37274,9.37396,1.15,1.50
2017.08.03 13:57:33.140,9.37274,9.37454,1.15,1.00
2017.08.03 13:57:33.292,9.37278,9.37477,1.65,1.00
2017.08.03 13:57:34.549,9.37277,9.37492,1.65,1.00
2017.08.03 13:57:34.600,9.37288,9.37492,1.20,1.00
2017.08.03 13:57:34.786,9.37307,9.37515,1.00,1.00
2017.08.03 13:57:34.888,9.37309,9.37529,1.00,1.00
2017.08.03 13:57:34.990,9.37323,9.37543,1.00,1.00
2017.08.03 13:57:35.295,9.37323,9.37397,1.00,1.50
2017.08.03 13:57:35.397,9.37323,9.37476,1.00,1.50
2017.08.03 13:57:35.449,9.37323,9.37396,1.00,1.50
2017.08.03 13:57:35.500,9.37282,9.37396,1.00,1.50
2017.08.03 13:57:35.551,9.37282,9.37449,1.00,1.00
2017.08.03 13:57:35.602,9.37274,9.37477,1.15,1.60
2017.08.03 13:57:35.654,9.37278,9.37477,1.65,1.00
2017.08.03 13:57:35.705,9.37278,9.37465,1.65,1.00
2017.08.03 13:57:35.869,9.37305,9.37517,1.00,1.00
2017.08.03 13:57:35.970,9.37305,9.37517,1.15,1.00
2017.08.03 13:57:36.022,9.37313,9.37533,1.00,1.00
2017.08.03 13:57:36.225,9.37325,9.37547,1.00,1.00
2017.08.03 13:57:36.632,9.37352,9.37547,1.00,1.00
2017.08.03 13:57:36.945,9.37385,9.37547,1.00,1.00
2017.08.03 13:57:36.997,9.37385,9.37558,1.00,1.00
2017.08.03 13:57:37.201,9.37397,9.37558,1.00,1.00
2017.08.03 13:57:37.253,9.37394,9.37558,1.00,1.00
2017.08.03 13:57:37.304,9.37394,9.37571,1.00,1.00
2017.08.03 13:57:37.457,9.37402,9.37571,1.00,1.00
2017.08.03 13:57:37.610,9.37402,9.37584,1.00,1.00
2017.08.03 13:57:37.661,9.37404,9.37584,1.00,1.00
2017.08.03 13:57:38.350,9.37415,9.37584,1.00,1.00
2017.08.03 13:57:38.780,9.37415,9.37476,1.00,1.50
2017.08.03 13:57:38.883,9.37364,9.37476,1.00,1.50
2017.08.03 13:57:38.985,9.37347,9.37476,1.00,1.50
2017.08.03 13:57:39.037,9.37337,9.37476,1.00,1.50
2017.08.03 13:57:39.333,9.3733,9.37476,1.00,2.25
2017.08.03 13:57:39.741,9.37326,9.37476,1.00,1.50
2017.08.03 13:57:40.269,9.37325,9.37476,1.00,1.50
2017.08.03 13:57:41.628,9.37337,9.37505,1.00,1.00
2017.08.03 13:57:41.679,9.37344,9.37505,1.00,1.00
2017.08.03 13:57:41.831,9.37361,9.37533,1.00,1.00
2017.08.03 13:57:42.038,9.37359,9.37516,1.00,1.20
2017.08.03 13:57:42.140,9.37359,9.37519,1.00,1.00
2017.08.03 13:57:42.241,9.37347,9.37518,1.00,1.00
2017.08.03 13:57:42.394,9.37347,9.37516,1.00,1.20
2017.08.03 13:57:42.445,9.37345,9.37516,1.00,1.20
2017.08.03 13:57:42.867,9.37345,9.37518,1.00,1.00
2017.08.03 13:57:43.355,9.37345,9.37516,1.00,1.20
2017.08.03 13:57:43.508,9.37345,9.37518,1.00,1.00
2017.08.03 13:57:44.051,9.37345,9.37517,1.00,1.20
2017.08.03 13:57:44.755,9.37345,9.37518,1.00,1.00
2017.08.03 13:57:44.857,9.37344,9.37496,1.00,1.00
2017.08.03 13:57:45.010,9.37274,9.37448,1.00,1.00
2017.08.03 13:57:45.062,9.3729,9.37436,1.00,1.00
2017.08.03 13:57:45.215,9.37318,9.3748,1.00,1.00
2017.08.03 13:57:45.317,9.37348,9.37516,1.00,1.00
2017.08.03 13:57:45.419,9.3736,9.37531,1.00,1.00
2017.08.03 13:57:45.521,9.37356,9.37532,1.00,1.00
2017.08.03 13:57:45.680,9.37369,9.37532,1.00,1.00
2017.08.03 13:57:45.837,9.37369,9.37546,1.00,1.00
2017.08.03 13:57:45.889,9.37357,9.37546,1.00,1.00
2017.08.03 13:57:45.940,9.37393,9.37562,1.00,1.00
2017.08.03 13:57:46.450,9.37393,9.37575,1.00,1.00
2017.08.03 13:57:46.653,9.37399,9.37575,1.00,1.00
2017.08.03 13:57:46.991,9.37408,9.37575,1.00,1.00
2017.08.03 13:57:47.143,9.37409,9.37589,1.00,1.00
2017.08.03 13:57:47.194,9.37416,9.37589,1.00,1.00
2017.08.03 13:57:47.499,9.3742,9.37589,1.00,1.00
2017.08.03 13:57:47.917,9.3742,9.37602,1.00,1.00
2017.08.03 13:57:48.412,9.37422,9.37601,1.00,1.00
2017.08.03 13:57:48.916,9.37423,9.37601,1.00,1.00
2017.08.03 13:57:49.370,9.37386,9.37487,1.00,1.00
2017.08.03 13:57:49.421,9.3738,9.37516,1.00,3.60
2017.08.03 13:57:49.473,9.37371,9.37396,1.00,1.50
2017.08.03 13:57:49.524,9.37319,9.37457,1.50,1.00
2017.08.03 13:57:49.575,9.37319,9.37451,1.00,1.60
2017.08.03 13:57:49.626,9.37292,9.37461,1.00,1.60
2017.08.03 13:57:49.677,9.37283,9.37463,1.00,1.60
2017.08.03 13:57:49.729,9.37283,9.37441,1.00,1.00
2017.08.03 13:57:49.831,9.37283,9.37459,1.00,1.00
2017.08.03 13:57:50.034,9.3728,9.37471,1.00,1.00
2017.08.03 13:57:50.248,9.37297,9.37483,1.00,1.00
2017.08.03 13:57:50.713,9.37297,9.37496,1.00,1.00
2017.08.03 13:57:51.670,9.37309,9.37496,1.00,1.00
2017.08.03 13:57:51.721,9.37307,9.37496,1.00,1.00
2017.08.03 13:57:51.773,9.37307,9.37437,1.00,1.00
2017.08.03 13:57:51.875,9.37276,9.37442,1.00,1.00
2017.08.03 13:57:51.926,9.37276,9.37396,1.00,1.50
2017.08.03 13:57:52.030,9.37246,9.37397,1.00,1.50
2017.08.03 13:57:52.437,9.37239,9.37396,1.00,1.50
2017.08.03 13:57:52.590,9.37241,9.37423,1.00,1.00
2017.08.03 13:57:52.641,9.37259,9.37423,1.00,1.00
2017.08.03 13:57:52.743,9.37259,9.37439,1.00,1.00
2017.08.03 13:57:52.844,9.37274,9.37469,1.00,1.00
2017.08.03 13:57:53.042,9.37291,9.37469,1.00,1.00
2017.08.03 13:57:53.247,9.37291,9.37481,1.00,1.50
2017.08.03 13:57:53.399,9.373,9.37481,1.00,1.50
2017.08.03 13:57:53.761,9.3729,9.37481,1.00,1.50
2017.08.03 13:57:53.812,9.3729,9.37436,1.00,1.50
2017.08.03 13:57:53.863,9.37261,9.37461,1.00,1.60
2017.08.03 13:57:53.914,9.37261,9.37397,1.00,1.50
2017.08.03 13:57:54.016,9.3723,9.37396,1.00,1.50
2017.08.03 13:57:54.168,9.37216,9.37396,1.00,1.50
2017.08.03 13:57:54.581,9.37216,9.37414,1.00,1.00
2017.08.03 13:57:54.632,9.37222,9.37414,1.00,1.00
2017.08.03 13:57:54.734,9.37227,9.37429,1.00,1.00
2017.08.03 13:57:54.835,9.37255,9.37451,1.00,1.00
2017.08.03 13:57:55.039,9.37255,9.37462,1.00,1.00
2017.08.03 13:57:55.651,9.37245,9.37465,1.00,1.00
2017.08.03 13:57:55.855,9.37267,9.37478,1.00,1.00
2017.08.03 13:57:56.159,9.37258,9.37432,1.00,1.00
2017.08.03 13:57:56.460,9.37192,9.37356,1.00,1.50
2017.08.03 13:57:56.973,9.37193,9.37356,1.00,1.50
2017.08.03 13:57:57.374,9.37193,9.37356,1.11,1.50
2017.08.03 13:57:57.789,9.37263,9.37357,1.50,1.50
2017.08.03 13:57:57.841,9.37208,9.37396,1.60,1.00
2017.08.03 13:57:57.892,9.37212,9.37356,1.00,1.50
2017.08.03 13:57:58.045,9.37198,9.37356,1.15,1.50
2017.08.03 13:57:59.351,9.37182,9.37316,1.11,1.50
2017.08.03 13:57:59.971,9.37238,9.37374,1.00,1.00
2017.08.03 13:58:00.022,9.37248,9.37374,1.00,1.00
2017.08.03 13:58:00.073,9.37218,9.37371,1.00,1.00
2017.08.03 13:58:00.124,9.37238,9.37426,1.00,1.00
2017.08.03 13:58:00.176,9.3725,9.37426,1.00,1.00
2017.08.03 13:58:00.227,9.3725,9.37453,1.00,1.00
2017.08.03 13:58:00.531,9.37251,9.37465,1.00,1.00
2017.08.03 13:58:00.661,9.3725,9.37465,1.60,1.00
2017.08.03 13:58:00.968,9.37291,9.37491,1.00,1.00
2017.08.03 13:58:01.171,9.37318,9.3752,1.00,1.00
2017.08.03 13:58:01.223,9.37324,9.3752,1.00,1.00
2017.08.03 13:58:01.528,9.37341,9.37533,1.00,1.00
2017.08.03 13:58:01.724,9.37339,9.37533,1.00,1.00
2017.08.03 13:58:02.131,9.37326,9.37476,1.00,1.50
2017.08.03 13:58:02.233,9.37274,9.37437,1.00,1.50
2017.08.03 13:58:02.285,9.37274,9.37372,1.00,1.50
2017.08.03 13:58:02.336,9.37188,9.37376,1.11,1.00
2017.08.03 13:58:02.387,9.37204,9.37376,1.61,1.00
2017.08.03 13:58:02.540,9.37261,9.37449,1.00,1.00
2017.08.03 13:58:02.730,9.37271,9.3747,1.00,1.00
2017.08.03 13:58:02.985,9.37278,9.3747,1.00,1.00
2017.08.03 13:58:03.138,9.37269,9.37481,1.00,1.00
2017.08.03 13:58:03.240,9.37269,9.37484,1.71,1.00
2017.08.03 13:58:03.545,9.37292,9.37484,1.00,1.00
2017.08.03 13:58:04.010,9.37297,9.37484,1.00,1.00
2017.08.03 13:58:04.443,9.37226,9.37317,1.00,1.50
2017.08.03 13:58:04.545,9.37173,9.37316,1.11,1.50
2017.08.03 13:58:05.641,9.37174,9.37356,1.95,1.50
2017.08.03 13:58:05.692,9.37149,9.37316,1.00,1.50
2017.08.03 13:58:05.846,9.37115,9.37335,1.00,1.00
2017.08.03 13:58:07.824,9.37118,9.37335,1.00,1.00
2017.08.03 13:58:07.877,9.37128,9.37348,1.50,1.00
2017.08.03 13:58:07.928,9.37128,9.3734,1.00,1.00
2017.08.03 13:58:08.183,9.37113,9.37333,1.00,1.00
2017.08.03 13:58:09.360,9.37118,9.37333,1.00,1.00
2017.08.03 13:58:09.665,9.37118,9.37316,1.00,1.50
2017.08.03 13:58:09.878,9.37099,9.37316,1.00,1.50
2017.08.03 13:58:10.940,9.37108,9.37316,1.00,1.50
2017.08.03 13:58:11.143,9.37108,9.37319,1.00,1.00
2017.08.03 13:58:11.195,9.37112,9.37327,1.00,1.00
2017.08.03 13:58:11.246,9.37112,9.37332,1.00,1.50
2017.08.03 13:58:11.494,9.37118,9.37332,1.00,1.50
2017.08.03 13:58:11.596,9.37112,9.37332,1.00,1.50
2017.08.03 13:58:11.698,9.37118,9.37332,1.00,1.00
2017.08.03 13:58:12.064,9.37123,9.37342,1.00,1.15
2017.08.03 13:58:12.352,9.3711,9.3733,1.00,1.15
2017.08.03 13:58:12.556,9.3711,9.37314,1.00,1.20
2017.08.03 13:58:12.862,9.3711,9.37324,1.00,1.15
2017.08.03 13:58:13.205,9.37118,9.37324,1.00,1.15
2017.08.03 13:58:13.544,9.37128,9.37324,1.00,1.15
2017.08.03 13:58:13.646,9.37128,9.3733,1.00,1.00
2017.08.03 13:58:13.697,9.37128,9.3733,1.00,1.15
2017.08.03 13:58:13.901,9.37111,9.37332,1.00,1.15
2017.08.03 13:58:13.952,9.37118,9.37332,1.00,1.15
2017.08.03 13:58:14.144,9.37107,9.37316,1.00,1.00
2017.08.03 13:58:14.196,9.37107,9.37329,1.50,1.15
2017.08.03 13:58:14.736,9.37107,9.37316,1.00,1.15
2017.08.03 13:58:14.788,9.37091,9.37309,1.00,1.20
2017.08.03 13:58:14.978,9.37071,9.37291,1.00,1.00
2017.08.03 13:58:15.130,9.37074,9.37291,1.00,1.00
2017.08.03 13:58:15.181,9.37071,9.37291,1.00,1.00
2017.08.03 13:58:15.587,9.37058,9.37278,1.00,1.00
2017.08.03 13:58:15.921,9.37068,9.3728,1.00,1.15
2017.08.03 13:58:16.100,9.3706,9.3728,1.00,1.00
2017.08.03 13:58:16.151,9.3706,9.3728,1.00,1.15
2017.08.03 13:58:16.951,9.37078,9.3728,1.00,1.00
2017.08.03 13:58:17.002,9.37078,9.37294,1.00,1.00
2017.08.03 13:58:17.054,9.37074,9.37294,1.00,1.15
2017.08.03 13:58:17.105,9.37086,9.37298,1.00,1.15
2017.08.03 13:58:17.511,9.37088,9.37298,1.00,1.15
2017.08.03 13:58:17.816,9.37149,9.37336,1.00,1.00
2017.08.03 13:58:17.867,9.37149,9.37342,1.00,1.00
2017.08.03 13:58:18.050,9.37149,9.37354,1.00,1.15
2017.08.03 13:58:19.816,9.37149,9.37316,1.00,1.50
2017.08.03 13:58:19.969,9.37133,9.37316,1.00,1.50
2017.08.03 13:58:20.121,9.37128,9.37316,1.50,1.50
2017.08.03 13:58:22.922,9.37128,9.37317,1.00,1.50
2017.08.03 13:58:23.510,9.37128,9.37316,1.00,1.50
2017.08.03 13:58:24.786,9.37141,9.37316,1.00,1.50
2017.08.03 13:58:24.989,9.37127,9.37316,1.50,1.50
2017.08.03 13:58:25.497,9.37137,9.37344,1.00,1.20
2017.08.03 13:58:25.599,9.37143,9.37356,1.00,2.40
2017.08.03 13:58:35.562,9.37148,9.37363,1.00,1.15
2017.08.03 13:58:35.866,9.37158,9.37335,1.00,1.00
2017.08.03 13:58:35.968,9.37168,9.37356,1.00,1.00
2017.08.03 13:58:36.020,9.37168,9.37349,1.00,1.00
2017.08.03 13:58:36.166,9.37168,9.37365,1.00,1.00
2017.08.03 13:58:37.420,9.37184,9.37377,1.00,1.00
2017.08.03 13:58:37.522,9.37196,9.37397,1.00,1.00
2017.08.03 13:58:37.573,9.37196,9.37414,1.00,1.00
2017.08.03 13:58:37.827,9.37196,9.37416,1.00,1.00
2017.08.03 13:58:39.512,9.37196,9.37396,1.00,1.00
2017.08.03 13:58:39.614,9.37183,9.37403,1.00,1.00
2017.08.03 13:58:40.909,9.37195,9.37413,1.00,1.00
2017.08.03 13:58:41.481,9.37195,9.37417,1.00,1.00
2017.08.03 13:58:43.116,9.37196,9.37417,1.00,1.00
2017.08.03 13:58:43.320,9.37196,9.37396,1.00,1.50
2017.08.03 13:58:43.625,9.37164,9.37356,1.00,1.50
2017.08.03 13:58:43.726,9.37152,9.37356,1.00,1.50
2017.08.03 13:58:46.077,9.37152,9.37372,1.50,1.00
2017.08.03 13:58:46.130,9.37167,9.37357,1.00,1.50
2017.08.03 13:58:46.233,9.37153,9.37356,1.00,1.00
2017.08.03 13:58:46.336,9.37155,9.37373,1.00,1.00
2017.08.03 13:58:46.387,9.37155,9.37356,1.00,1.50
2017.08.03 13:58:46.730,9.37152,9.37356,1.00,1.50
2017.08.03 13:58:46.781,9.37152,9.37316,1.00,1.50
2017.08.03 13:58:46.832,9.37143,9.37316,1.00,1.50
2017.08.03 13:58:49.580,9.37145,9.37347,1.00,1.00
2017.08.03 13:58:49.631,9.37145,9.37316,1.00,1.50
2017.08.03 13:58:49.733,9.37142,9.37316,1.00,1.50
2017.08.03 13:58:50.733,9.37145,9.37346,1.00,1.00
2017.08.03 13:58:50.785,9.37145,9.37356,1.00,1.50
2017.08.03 13:58:51.363,9.37148,9.37356,1.00,1.50
2017.08.03 13:58:52.039,9.37151,9.37356,1.00,1.50
2017.08.03 13:58:52.192,9.37151,9.37368,1.00,1.00
2017.08.03 13:58:52.243,9.37151,9.37371,1.00,1.00
2017.08.03 13:58:52.295,9.37151,9.37356,1.00,1.50
2017.08.03 13:58:52.346,9.37166,9.37386,1.00,1.50
2017.08.03 13:58:52.651,9.37166,9.37356,1.00,1.50
2017.08.03 13:58:52.748,9.37153,9.37356,1.00,1.50
2017.08.03 13:58:52.799,9.37161,9.37371,1.00,1.00
2017.08.03 13:58:52.850,9.37168,9.37384,1.00,1.00
2017.08.03 13:58:53.577,9.37168,9.37388,1.00,1.00
2017.08.03 13:58:53.679,9.37178,9.37388,1.00,1.00
2017.08.03 13:58:53.782,9.37184,9.37404,1.00,1.00
2017.08.03 13:58:53.979,9.37198,9.37416,1.00,1.00
2017.08.03 13:58:54.538,9.37198,9.37418,1.50,1.00
2017.08.03 13:58:54.995,9.3721,9.37421,1.00,1.00
2017.08.03 13:58:55.650,9.3721,9.3743,1.00,1.00
2017.08.03 13:58:55.853,9.37223,9.37429,1.00,1.00
2017.08.03 13:58:55.955,9.37209,9.37416,1.00,1.00
2017.08.03 13:58:59.122,9.37209,9.37429,1.00,2.10
2017.08.03 13:58:59.173,9.37209,9.37429,1.00,2.10
2017.08.03 13:58:59.568,9.37209,9.37429,1.00,2.10
2017.08.03 13:58:59.872,9.37209,9.37416,1.00,1.00
2017.08.03 13:59:00.142,9.37209,9.37426,1.00,1.00
2017.08.03 13:59:00.193,9.37209,9.37429,1.00,1.50
2017.08.03 13:59:00.491,9.37228,9.3743,1.00,1.00
2017.08.03 13:59:00.542,9.37228,9.37438,1.00,1.00
2017.08.03 13:59:00.797,9.37216,9.37436,1.00,1.00
2017.08.03 13:59:02.006,9.37218,9.37436,1.00,1.00
2017.08.03 13:59:02.727,9.37217,9.37436,1.00,1.00
2017.08.03 13:59:03.242,9.37216,9.37436,1.00,1.00
2017.08.03 13:59:03.910,9.37216,9.37436,1.00,1.60
2017.08.03 13:59:04.246,9.37202,9.37424,1.00,1.60
2017.08.03 13:59:04.348,9.37202,9.37419,1.00,1.00
2017.08.03 13:59:04.399,9.37202,9.37419,1.00,1.60
2017.08.03 13:59:04.501,9.37188,9.37408,1.00,1.00
2017.08.03 13:59:04.909,9.37198,9.37408,1.00,1.00
2017.08.03 13:59:05.135,9.37201,9.37421,1.00,1.00
2017.08.03 13:59:05.389,9.37201,9.37419,1.00,1.00
2017.08.03 13:59:05.441,9.37201,9.37421,1.00,1.00
2017.08.03 13:59:05.492,9.37239,9.37423,1.00,1.00
2017.08.03 13:59:05.543,9.37239,9.37431,1.00,1.00
2017.08.03 13:59:05.594,9.37239,9.37441,1.00,1.00
2017.08.03 13:59:06.240,9.37253,9.37441,1.00,1.00
2017.08.03 13:59:08.567,9.37253,9.37442,1.00,1.00
2017.08.03 13:59:09.075,9.37253,9.37441,1.00,1.00
2017.08.03 13:59:10.452,9.37299,9.37465,1.00,1.20
2017.08.03 13:59:10.504,9.37299,9.37471,1.00,1.50
2017.08.03 13:59:10.652,9.37296,9.37471,1.00,1.50
2017.08.03 13:59:10.856,9.37298,9.37471,1.00,1.50
2017.08.03 13:59:11.806,9.37298,9.37396,1.00,1.50
2017.08.03 13:59:11.959,9.37216,9.37356,1.00,1.50
2017.08.03 13:59:12.061,9.3718,9.37393,1.00,1.60
2017.08.03 13:59:12.112,9.37197,9.37393,1.00,1.00
2017.08.03 13:59:12.265,9.37221,9.37426,1.00,1.00
2017.08.03 13:59:12.366,9.37235,9.37426,1.00,1.00
2017.08.03 13:59:12.468,9.37235,9.3744,1.00,1.00
2017.08.03 13:59:13.365,9.37235,9.37414,1.00,1.00
2017.08.03 13:59:13.568,9.37219,9.37414,1.00,1.00
2017.08.03 13:59:13.670,9.37204,9.37415,1.00,1.00
2017.08.03 13:59:13.772,9.37204,9.37424,1.00,1.00
2017.08.03 13:59:13.823,9.37204,9.37396,1.00,1.50
2017.08.03 13:59:14.003,9.37162,9.37356,1.00,1.50
2017.08.03 13:59:14.106,9.37168,9.37358,1.00,1.00
2017.08.03 13:59:14.157,9.37168,9.37385,1.50,1.00
2017.08.03 13:59:14.259,9.37187,9.37401,1.00,1.00
2017.08.03 13:59:14.563,9.37194,9.37403,1.00,1.00
2017.08.03 13:59:14.725,9.3718,9.37402,1.00,1.00
2017.08.03 13:59:15.247,9.37181,9.37402,1.00,1.00
2017.08.03 13:59:15.349,9.37188,9.37402,1.00,1.00
2017.08.03 13:59:15.655,9.37218,9.37421,1.00,1.00
2017.08.03 13:59:15.858,9.37208,9.37421,1.00,1.00
2017.08.03 13:59:16.011,9.37206,9.37421,1.00,1.00
2017.08.03 13:59:16.113,9.37206,9.37408,1.00,1.00
2017.08.03 13:59:16.462,9.37191,9.37393,1.00,1.00
2017.08.03 13:59:16.768,9.37228,9.37411,1.00,1.00
2017.08.03 13:59:16.870,9.37238,9.37425,1.00,1.00
2017.08.03 13:59:16.921,9.37228,9.37425,1.00,1.00
2017.08.03 13:59:16.973,9.37233,9.37426,1.00,1.00
2017.08.03 13:59:17.176,9.37212,9.37426,1.00,1.00
2017.08.03 13:59:17.313,9.37199,9.37421,1.00,1.00
2017.08.03 13:59:17.415,9.37218,9.37421,1.00,1.00
2017.08.03 13:59:17.568,9.37217,9.37433,1.00,1.00
2017.08.03 13:59:17.924,9.37213,9.37426,1.00,1.00
2017.08.03 13:59:18.496,9.37213,9.37433,1.00,1.00
2017.08.03 13:59:19.536,9.37218,9.37433,1.00,1.00
2017.08.03 13:59:19.587,9.37213,9.37433,1.00,1.00
2017.08.03 13:59:19.791,9.37213,9.37356,1.00,1.50
2017.08.03 13:59:19.944,9.37192,9.37356,1.00,1.50
2017.08.03 13:59:19.995,9.37178,9.37356,1.00,1.50
2017.08.03 13:59:20.147,9.37168,9.37356,1.00,1.50
2017.08.03 13:59:20.198,9.37177,9.37357,1.00,1.50
2017.08.03 13:59:20.740,9.37178,9.37356,1.00,1.50
2017.08.03 13:59:20.842,9.37188,9.37367,1.00,1.00
2017.08.03 13:59:20.893,9.37208,9.37367,1.00,1.00
2017.08.03 13:59:20.944,9.37214,9.37387,1.00,1.00
2017.08.03 13:59:20.995,9.37214,9.37434,1.00,1.00
2017.08.03 13:59:21.097,9.37214,9.37432,1.00,1.00
2017.08.03 13:59:21.148,9.372,9.3742,1.00,1.00
2017.08.03 13:59:21.301,9.37195,9.37415,1.00,1.00
2017.08.03 13:59:21.741,9.37213,9.37435,1.00,1.00
2017.08.03 13:59:22.370,9.37213,9.37401,1.00,1.00
2017.08.03 13:59:22.422,9.37213,9.3742,1.00,1.00
2017.08.03 13:59:22.473,9.37213,9.37395,1.00,1.00
2017.08.03 13:59:22.523,9.37213,9.37432,1.00,1.00
2017.08.03 13:59:22.626,9.37213,9.37435,1.00,1.00
2017.08.03 13:59:22.755,9.37208,9.37428,1.50,1.00
2017.08.03 13:59:23.061,9.37208,9.37413,1.00,1.00
2017.08.03 13:59:23.163,9.37195,9.37406,1.00,1.00
2017.08.03 13:59:23.569,9.37198,9.37415,1.00,1.00
2017.08.03 13:59:24.155,9.37195,9.37391,1.00,1.00
2017.08.03 13:59:24.257,9.37175,9.37384,1.00,1.00
2017.08.03 13:59:24.308,9.37168,9.37384,1.00,1.00
2017.08.03 13:59:24.511,9.37178,9.37384,1.00,1.00
2017.08.03 13:59:24.969,9.3718,9.37391,1.00,1.00
2017.08.03 13:59:25.990,9.3718,9.37371,1.00,1.50
2017.08.03 13:59:26.363,9.37138,9.37316,1.00,1.50
2017.08.03 13:59:26.669,9.37124,9.37276,1.00,1.50
2017.08.03 13:59:26.874,9.37124,9.37291,1.00,1.50
2017.08.03 13:59:26.976,9.37124,9.37341,1.60,1.00
2017.08.03 13:59:27.027,9.37128,9.37341,1.60,1.00
2017.08.03 13:59:27.179,9.37124,9.37341,1.60,1.00
2017.08.03 13:59:27.414,9.37124,9.37341,1.60,1.00
2017.08.03 13:59:28.016,9.37124,9.37341,1.60,1.00
2017.08.03 13:59:28.067,9.37124,9.37276,1.00,1.50
2017.08.03 13:59:28.372,9.37124,9.37216,1.00,1.00
2017.08.03 13:59:28.518,9.37127,9.37237,1.00,1.50
2017.08.03 13:59:28.933,9.37124,9.37236,1.00,1.50
2017.08.03 13:59:29.494,9.37142,9.37335,1.00,1.00
2017.08.03 13:59:29.596,9.37142,9.37322,1.00,1.00
2017.08.03 13:59:29.698,9.37128,9.37322,1.00,1.00
2017.08.03 13:59:29.750,9.37151,9.37322,1.00,1.00
2017.08.03 13:59:29.801,9.37151,9.37364,1.00,1.00
2017.08.03 13:59:29.852,9.37166,9.37364,1.00,1.00
2017.08.03 13:59:29.903,9.37141,9.37365,1.00,1.00
2017.08.03 13:59:30.107,9.37154,9.37375,1.00,1.00
2017.08.03 13:59:30.351,9.37158,9.37384,1.00,1.00
2017.08.03 13:59:30.402,9.37154,9.37372,1.35,1.00
2017.08.03 13:59:30.454,9.37154,9.37384,1.00,1.00
2017.08.03 13:59:30.658,9.37154,9.37379,1.00,1.00
2017.08.03 13:59:30.962,9.37154,9.37391,1.00,1.00
2017.08.03 13:59:31.014,9.37154,9.37398,1.00,1.00
2017.08.03 13:59:31.245,9.37166,9.37398,1.00,1.00
2017.08.03 13:59:31.346,9.37156,9.37398,1.00,1.00
2017.08.03 13:59:31.601,9.37133,9.37391,1.00,1.00
2017.08.03 13:59:32.008,9.37133,9.37426,1.00,1.57
2017.08.03 13:59:33.161,9.37133,9.3729,1.00,1.50
2017.08.03 13:59:33.321,9.37124,9.3729,1.00,1.50
2017.08.03 13:59:33.372,9.37124,9.37346,1.00,1.00
2017.08.03 13:59:33.423,9.37109,9.37254,1.00,1.00
2017.08.03 13:59:33.474,9.37072,9.37254,1.00,1.00
2017.08.03 13:59:33.526,9.37034,9.37254,1.00,1.00
2017.08.03 13:59:33.577,9.37034,9.37246,1.00,1.00
2017.08.03 13:59:33.679,9.37031,9.37246,1.00,1.00
2017.08.03 13:59:33.882,9.37031,9.3727,1.00,1.00
2017.08.03 13:59:33.984,9.37032,9.37281,1.00,1.00
2017.08.03 13:59:34.035,9.37035,9.37286,1.50,1.00
2017.08.03 13:59:34.239,9.37035,9.37299,1.50,1.00
2017.08.03 13:59:34.290,9.37056,9.37304,1.00,1.00
2017.08.03 13:59:34.592,9.3709,9.37348,1.00,1.00
2017.08.03 13:59:34.644,9.37113,9.37354,1.00,1.00
2017.08.03 13:59:35.000,9.37113,9.37362,1.00,1.00
2017.08.03 13:59:35.305,9.37112,9.37276,1.00,1.50
2017.08.03 13:59:35.357,9.37068,9.37322,1.00,1.00
2017.08.03 13:59:35.408,9.37077,9.3729,1.00,1.50
2017.08.03 13:59:35.459,9.37046,9.37276,1.00,1.50
2017.08.03 13:59:35.561,9.37048,9.37276,1.00,1.50
2017.08.03 13:59:35.663,9.37046,9.37276,1.00,1.50
2017.08.03 13:59:35.816,9.37048,9.37276,1.00,1.50
2017.08.03 13:59:36.223,9.37058,9.37276,1.00,1.50
2017.08.03 13:59:36.274,9.37044,9.37276,2.25,1.50
2017.08.03 13:59:36.376,9.37046,9.37276,1.00,1.50
2017.08.03 13:59:36.689,9.37025,9.37228,1.00,1.00
2017.08.03 13:59:36.791,9.36997,9.37236,1.19,1.50
2017.08.03 13:59:36.944,9.37018,9.37236,1.00,1.50
2017.08.03 13:59:37.199,9.37024,9.37264,1.00,1.00
2017.08.03 13:59:37.250,9.37024,9.37236,1.00,1.50
2017.08.03 13:59:37.352,9.37024,9.37276,1.00,1.50
2017.08.03 13:59:37.516,9.37024,9.37236,1.00,1.50
2017.08.03 13:59:37.821,9.37036,9.37236,1.00,1.50
2017.08.03 13:59:38.177,9.37036,9.37276,1.00,1.50
2017.08.03 13:59:38.228,9.37028,9.37276,1.00,1.50
2017.08.03 13:59:38.279,9.37028,9.37265,1.00,1.37
2017.08.03 13:59:38.597,9.37024,9.37236,1.00,1.50
2017.08.03 13:59:38.954,9.37021,9.37211,1.00,1.00
2017.08.03 13:59:39.005,9.37021,9.37217,1.00,1.00
2017.08.03 13:59:39.259,9.37021,9.37236,1.00,1.50
2017.08.03 13:59:39.724,9.37021,9.37278,1.50,1.37
2017.08.03 13:59:39.775,9.37021,9.37236,1.00,1.50
2017.08.03 13:59:40.080,9.37035,9.37236,1.00,1.50
2017.08.03 13:59:40.386,9.37042,9.37236,1.00,1.50
2017.08.03 13:59:40.642,9.37022,9.37236,1.00,1.50
2017.08.03 13:59:40.744,9.37011,9.37236,1.19,1.50
2017.08.03 13:59:41.004,9.37035,9.37276,1.00,1.87
2017.08.03 13:59:41.055,9.37035,9.37212,1.00,1.00
2017.08.03 13:59:41.106,9.37035,9.37236,1.00,1.50
2017.08.03 13:59:41.208,9.37035,9.37204,1.00,1.00
2017.08.03 13:59:41.260,9.37035,9.37227,1.00,1.00
2017.08.03 13:59:41.448,9.37038,9.37234,1.00,1.00
2017.08.03 13:59:41.507,9.37018,9.37234,1.00,1.00
2017.08.03 13:59:41.559,9.37018,9.37244,1.00,1.00
2017.08.03 13:59:41.610,9.37034,9.37245,1.00,1.00
2017.08.03 13:59:41.662,9.37035,9.37258,1.00,1.00
2017.08.03 13:59:41.967,9.37067,9.37268,1.00,1.00
2017.08.03 13:59:42.170,9.37051,9.37268,1.00,1.00
2017.08.03 13:59:42.271,9.37051,9.37286,1.00,1.00
2017.08.03 13:59:42.472,9.37062,9.37291,1.00,1.00
2017.08.03 13:59:42.879,9.37063,9.37292,1.00,1.11
2017.08.03 13:59:43.083,9.37066,9.37291,1.00,1.00
2017.08.03 13:59:43.134,9.3701,9.37212,1.19,1.00
2017.08.03 13:59:43.185,9.3701,9.37219,1.19,1.00
2017.08.03 13:59:43.236,9.3696,9.37204,1.00,1.00
2017.08.03 13:59:43.287,9.36964,9.37189,1.00,1.00
2017.08.03 13:59:43.376,9.36932,9.3719,1.00,1.00
2017.08.03 13:59:43.427,9.369,9.37201,1.00,1.11
2017.08.03 13:59:43.529,9.36898,9.37203,1.00,1.11
2017.08.03 13:59:43.580,9.36903,9.37205,1.00,1.11
2017.08.03 13:59:43.632,9.36888,9.372,1.00,1.11
2017.08.03 13:59:43.683,9.36898,9.372,1.00,1.11
2017.08.03 13:59:43.937,9.36898,9.372,1.00,1.00
2017.08.03 13:59:43.988,9.36923,9.37209,1.00,1.00
2017.08.03 13:59:44.141,9.36932,9.37237,1.00,1.00
2017.08.03 13:59:44.193,9.36945,9.37237,1.50,1.00
2017.08.03 13:59:44.396,9.36908,9.37226,1.00,1.07
2017.08.03 13:59:44.544,9.36918,9.37205,1.00,1.07
2017.08.03 13:59:44.646,9.36824,9.37117,1.00,1.00
2017.08.03 13:59:44.697,9.36826,9.37132,1.00,1.07
2017.08.03 13:59:44.748,9.36857,9.37143,1.00,1.00
2017.08.03 13:59:44.799,9.36858,9.37155,1.00,1.07
2017.08.03 13:59:44.851,9.36872,9.37165,1.00,1.00
2017.08.03 13:59:45.105,9.3687,9.37178,1.00,1.00
2017.08.03 13:59:45.157,9.36873,9.37178,1.00,1.00
2017.08.03 13:59:45.259,9.36874,9.37192,1.00,1.00
2017.08.03 13:59:45.361,9.36881,9.37133,1.00,1.00
2017.08.03 13:59:45.413,9.36885,9.37198,1.00,1.00
2017.08.03 13:59:45.509,9.36884,9.37179,1.00,1.00
2017.08.03 13:59:45.561,9.36851,9.37167,1.00,1.00
2017.08.03 13:59:45.612,9.37016,9.37196,1.12,1.00
2017.08.03 13:59:45.765,9.36959,9.37196,1.50,1.00
2017.08.03 13:59:45.817,9.36957,9.37197,1.00,1.00
2017.08.03 13:59:45.871,9.36935,9.37191,1.00,1.00
2017.08.03 13:59:45.924,9.36928,9.37191,1.00,1.00
2017.08.03 13:59:46.027,9.36918,9.37191,1.00,1.00
2017.08.03 13:59:46.130,9.36928,9.37191,1.00,1.00
2017.08.03 13:59:46.272,9.36918,9.37191,1.00,1.37
2017.08.03 13:59:46.323,9.36853,9.37191,1.00,1.07
2017.08.03 13:59:46.374,9.36843,9.37192,1.00,1.07
2017.08.03 13:59:46.426,9.36857,9.37225,1.00,1.00
2017.08.03 13:59:46.477,9.36881,9.37259,1.00,1.07
2017.08.03 13:59:46.528,9.36875,9.37256,1.00,1.07
2017.08.03 13:59:46.630,9.36875,9.37256,1.00,1.00
2017.08.03 13:59:46.732,9.36882,9.37262,1.00,1.07
2017.08.03 13:59:47.036,9.36886,9.37266,1.00,1.07
2017.08.03 13:59:47.377,9.36836,9.37231,1.00,1.00
2017.08.03 13:59:47.428,9.36835,9.37228,1.00,1.00
2017.08.03 13:59:47.530,9.36839,9.37234,1.00,1.00
2017.08.03 13:59:47.632,9.36839,9.37234,1.00,1.07
2017.08.03 13:59:47.734,9.3683,9.37226,1.00,1.20
2017.08.03 13:59:47.836,9.36823,9.37222,1.00,1.00
2017.08.03 13:59:47.887,9.36824,9.37221,1.00,1.07
2017.08.03 13:59:47.939,9.36821,9.37217,1.00,1.07
2017.08.03 13:59:47.990,9.36825,9.37222,1.00,1.07
2017.08.03 13:59:48.373,9.36796,9.37195,1.00,1.00
2017.08.03 13:59:48.424,9.36829,9.3723,1.00,1.37
2017.08.03 13:59:48.779,9.3683,9.37232,1.00,1.00
2017.08.03 13:59:48.881,9.36828,9.37231,1.00,1.00
2017.08.03 13:59:48.986,9.36825,9.37222,1.00,1.00
2017.08.03 13:59:49.088,9.36819,9.37222,1.00,1.00
2017.08.03 13:59:49.233,9.36815,9.37222,1.00,1.00
2017.08.03 13:59:49.287,9.36805,9.37213,1.00,1.00
2017.08.03 13:59:49.389,9.36789,9.37216,1.00,1.00
2017.08.03 13:59:49.440,9.36793,9.37222,1.00,1.00
2017.08.03 13:59:49.491,9.368,9.37228,1.00,1.37
2017.08.03 13:59:49.796,9.36827,9.37236,1.00,1.87
2017.08.03 13:59:50.102,9.36834,9.37236,1.00,1.87
2017.08.03 13:59:50.365,9.36787,9.3722,1.00,1.00
2017.08.03 13:59:50.467,9.36784,9.37219,1.00,1.00
2017.08.03 13:59:50.518,9.36784,9.37212,1.00,1.00
2017.08.03 13:59:50.570,9.36778,9.37213,1.00,1.00
2017.08.03 13:59:50.622,9.36791,9.37229,1.00,1.37
2017.08.03 13:59:50.877,9.36781,9.37222,1.00,1.00
2017.08.03 13:59:51.031,9.36797,9.37239,1.00,1.00
2017.08.03 13:59:51.082,9.36805,9.37248,1.00,1.00
2017.08.03 13:59:51.133,9.36805,9.37242,1.00,1.00
2017.08.03 13:59:51.437,9.36788,9.37233,1.00,1.50
2017.08.03 13:59:51.488,9.36797,9.37222,1.00,1.00
2017.08.03 13:59:51.884,9.36777,9.37192,1.00,1.00
2017.08.03 13:59:52.039,9.36794,9.37232,1.00,1.00
2017.08.03 13:59:52.090,9.36783,9.37183,1.00,1.00
2017.08.03 13:59:52.192,9.3676,9.37213,1.00,1.00
2017.08.03 13:59:52.243,9.36767,9.37214,1.00,1.00
2017.08.03 13:59:52.294,9.36796,9.37254,1.00,1.00
2017.08.03 13:59:52.345,9.36785,9.37244,1.00,1.00
2017.08.03 13:59:52.396,9.36755,9.37206,1.00,1.00
2017.08.03 13:59:52.447,9.36727,9.37194,1.00,1.00
2017.08.03 13:59:52.498,9.36838,9.37182,1.00,1.00
2017.08.03 13:59:52.549,9.36765,9.37232,1.00,1.00
2017.08.03 13:59:52.672,9.36799,9.37232,1.50,1.00
2017.08.03 13:59:52.727,9.36713,9.37179,1.00,1.00
2017.08.03 13:59:52.778,9.36711,9.37192,1.00,1.00
2017.08.03 13:59:52.829,9.36713,9.37195,1.00,1.00
2017.08.03 13:59:53.347,9.36712,9.37196,1.00,1.00
2017.08.03 13:59:54.122,9.36711,9.37197,1.00,1.00
2017.08.03 13:59:55.262,9.36716,9.37204,1.00,1.00
2017.08.03 13:59:55.401,9.3671,9.37203,1.00,1.00
2017.08.03 13:59:55.452,9.36711,9.37205,1.00,1.00
2017.08.03 13:59:56.736,9.3671,9.37206,1.00,1.00
2017.08.03 13:59:57.267,9.36709,9.37207,1.00,1.00
2017.08.03 13:59:57.721,9.36703,9.37173,1.00,1.00
2017.08.03 13:59:57.823,9.36651,9.37155,1.00,1.00
2017.08.03 13:59:58.102,9.36677,9.37155,1.00,1.00
2017.08.03 13:59:58.153,9.36676,9.37188,1.00,1.00
2017.08.03 13:59:58.204,9.36678,9.37187,1.00,1.00
2017.08.03 13:59:58.255,9.36664,9.37198,1.00,1.00
2017.08.03 13:59:58.306,9.36686,9.37205,1.00,1.00
2017.08.03 13:59:58.407,9.36645,9.37166,1.00,1.00
2017.08.03 13:59:58.458,9.36666,9.37189,1.00,1.00
2017.08.03 13:59:58.509,9.36583,9.37109,1.00,1.00
2017.08.03 13:59:58.561,9.36625,9.37151,1.00,1.00
2017.08.03 13:59:58.612,9.36629,9.37159,1.00,1.00
2017.08.03 13:59:58.663,9.36615,9.37156,1.00,1.00
2017.08.03 13:59:58.714,9.36614,9.37123,1.00,1.00
2017.08.03 13:59:58.927,9.36559,9.37117,1.00,1.00
2017.08.03 13:59:58.978,9.36559,9.3714,1.00,1.00
2017.08.03 13:59:59.080,9.36559,9.371,1.00,1.00
2017.08.03 13:59:59.131,9.36552,9.37142,1.00,1.00
2017.08.03 13:59:59.634,9.36551,9.37142,1.00,1.00
